STRAIN	TOTAL	CORE	ACCESSORY	SINGLETON	CHROM	START	END
Aspergillus_fumigatus_IFM_59355-1	21	21	0	0	scaffold_4	2408443	2458443
Aspergillus_fumigatus_IFM_59355-1	21	18	3	0	scaffold_8	279865	329865
Aspergillus_fumigatus_IFM_59355-1	15	14	1	0	scaffold_5	3043046	3093046
Aspergillus_fumigatus_IFM_59355-1	14	11	3	0	scaffold_4	2336295	2386295
Aspergillus_fumigatus_IFM_59355-1	21	19	2	0	scaffold_1	44795	94795
Aspergillus_fumigatus_IFM_59355-1	17	14	3	0	scaffold_5	1515629	1565629
Aspergillus_fumigatus_IFM_59355-1	14	14	0	0	scaffold_2	2489373	2539373
Aspergillus_fumigatus_IFM_59355-1	17	14	3	0	scaffold_3	2827016	2877016
Aspergillus_fumigatus_IFM_59355-1	14	12	2	0	scaffold_5	2417477	2467477
Aspergillus_fumigatus_IFM_59355-1	24	21	3	0	scaffold_6	419329	469329
Aspergillus_fumigatus_IFM_59355-1	19	16	3	0	scaffold_2	3947802	3997802
Aspergillus_fumigatus_IFM_59355-1	11	11	0	0	scaffold_2	4454057	4504057
Aspergillus_fumigatus_IFM_59355-1	18	15	3	0	scaffold_2	1007789	1057789
Aspergillus_fumigatus_IFM_59355-1	21	21	0	0	scaffold_7	1090849	1140849
Aspergillus_fumigatus_IFM_59355-1	23	21	2	0	scaffold_4	2680013	2730013
Aspergillus_fumigatus_IFM_59355-1	20	17	3	0	scaffold_4	569076	619076
Aspergillus_fumigatus_IFM_59355-1	1	1	0	0	scaffold_2	1776366	1826366
Aspergillus_fumigatus_IFM_59355-1	14	14	0	0	scaffold_8	1271669	1321669
Aspergillus_fumigatus_IFM_59355-1	20	18	2	0	scaffold_3	2587496	2637496
Aspergillus_fumigatus_IFM_59355-1	19	18	1	0	scaffold_6	730610	780610
Aspergillus_fumigatus_IFM_59355-1	17	14	3	0	scaffold_2	2758096	2808096
Aspergillus_fumigatus_IFM_59355-1	21	15	6	0	scaffold_2	189105	239105
Aspergillus_fumigatus_IFM_59355-1	13	5	8	0	scaffold_5	3644686	3694686
Aspergillus_fumigatus_IFM_59355-1	17	17	0	0	scaffold_6	3162406	3212406
Aspergillus_fumigatus_IFM_59355-1	21	21	0	0	scaffold_1	163489	213489
Aspergillus_fumigatus_IFM_59355-1	17	15	2	0	scaffold_6	1609004	1659004
Aspergillus_fumigatus_IFM_59355-1	21	19	2	0	scaffold_2	4275491	4325491
Aspergillus_fumigatus_IFM_59355-1	20	19	1	0	scaffold_2	2062647	2112647
Aspergillus_fumigatus_IFM_59355-1	18	18	0	0	scaffold_3	3187960	3237960
Aspergillus_fumigatus_IFM_59355-1	15	14	1	0	scaffold_7	585292	635292
Aspergillus_fumigatus_IFM_59355-1	25	24	1	0	scaffold_5	1840982	1890982
Aspergillus_fumigatus_IFM_59355-1	21	18	3	0	scaffold_3	2591859	2641859
Aspergillus_fumigatus_IFM_59355-1	23	20	3	0	scaffold_4	3648070	3698070
Aspergillus_fumigatus_IFM_59355-1	26	19	7	0	scaffold_4	389425	439425
Aspergillus_fumigatus_IFM_59355-1	19	19	0	0	scaffold_2	2450986	2500986
Aspergillus_fumigatus_IFM_59355-1	22	21	1	0	scaffold_1	2234707	2284707
Aspergillus_fumigatus_IFM_59355-1	19	18	1	0	scaffold_2	2582382	2632382
Aspergillus_fumigatus_IFM_59355-1	25	23	2	0	scaffold_3	177793	227793
Aspergillus_fumigatus_IFM_59355-1	23	14	9	0	scaffold_3	3782133	3832133
Aspergillus_fumigatus_IFM_59355-1	13	10	3	0	scaffold_3	3472271	3522271
Aspergillus_fumigatus_IFM_59355-1	18	18	0	0	scaffold_2	667987	717987
Aspergillus_fumigatus_IFM_59355-1	14	10	4	0	scaffold_3	3855591	3905591
Aspergillus_fumigatus_IFM_59355-1	15	14	1	0	scaffold_2	1928807	1978807
Aspergillus_fumigatus_IFM_59355-1	20	20	0	0	scaffold_1	658759	708759
Aspergillus_fumigatus_IFM_59355-1	14	13	1	0	scaffold_5	3229729	3279729
Aspergillus_fumigatus_IFM_59355-1	20	19	1	0	scaffold_2	4340713	4390713
Aspergillus_fumigatus_IFM_59355-1	18	18	0	0	scaffold_1	1784252	1834252
Aspergillus_fumigatus_IFM_59355-1	12	1	11	0	scaffold_4	85794	135794
Aspergillus_fumigatus_IFM_59355-1	18	18	0	0	scaffold_4	789978	839978
Aspergillus_fumigatus_IFM_59355-1	19	18	1	0	scaffold_4	3204642	3254642
Aspergillus_fumigatus_IFM_59355-1	17	8	9	0	scaffold_3	936182	986182
Aspergillus_fumigatus_IFM_59355-1	1	1	0	0	scaffold_5	1246218	1296218
Aspergillus_fumigatus_IFM_59355-1	21	21	0	0	scaffold_1	1798250	1848250
Aspergillus_fumigatus_IFM_59355-1	18	15	3	0	scaffold_6	2322412	2372412
Aspergillus_fumigatus_IFM_59355-1	21	19	2	0	scaffold_1	199889	249889
Aspergillus_fumigatus_IFM_59355-1	19	18	1	0	scaffold_5	1280268	1330268
Aspergillus_fumigatus_IFM_59355-1	20	18	2	0	scaffold_6	1898659	1948659
Aspergillus_fumigatus_IFM_59355-1	19	16	3	0	scaffold_5	2207278	2257278
Aspergillus_fumigatus_IFM_59355-1	15	15	0	0	scaffold_2	2876049	2926049
Aspergillus_fumigatus_IFM_59355-1	17	12	5	0	scaffold_4	3767822	3817822
Aspergillus_fumigatus_IFM_59355-1	17	15	2	0	scaffold_1	4446324	4496324
Aspergillus_fumigatus_IFM_59355-1	18	17	1	0	scaffold_6	1199133	1249133
Aspergillus_fumigatus_IFM_59355-1	25	23	2	0	scaffold_7	827404	877404
Aspergillus_fumigatus_IFM_59355-1	27	20	7	0	scaffold_2	3874875	3924875
Aspergillus_fumigatus_IFM_59355-1	17	15	2	0	scaffold_3	1230566	1280566
Aspergillus_fumigatus_IFM_59355-1	17	17	0	0	scaffold_3	1485383	1535383
Aspergillus_fumigatus_IFM_59355-1	16	16	0	0	scaffold_6	3586698	3636698
Aspergillus_fumigatus_IFM_59355-1	21	19	2	0	scaffold_2	2781562	2831562
Aspergillus_fumigatus_IFM_59355-1	21	21	0	0	scaffold_2	448823	498823
Aspergillus_fumigatus_IFM_59355-1	24	21	3	0	scaffold_1	2125032	2175032
Aspergillus_fumigatus_IFM_59355-1	17	15	2	0	scaffold_8	1005171	1055171
Aspergillus_fumigatus_IFM_59355-1	18	18	0	0	scaffold_1	781475	831475
Aspergillus_fumigatus_IFM_59355-1	24	19	5	0	scaffold_4	418761	468761
Aspergillus_fumigatus_IFM_59355-1	26	25	1	0	scaffold_5	812856	862856
Aspergillus_fumigatus_IFM_59355-1	18	17	1	0	scaffold_5	893673	943673
Aspergillus_fumigatus_IFM_59355-1	26	21	5	0	scaffold_5	609115	659115
Aspergillus_fumigatus_IFM_59355-1	14	14	0	0	scaffold_7	603227	653227
Aspergillus_fumigatus_IFM_59355-1	17	15	2	0	scaffold_1	864965	914965
Aspergillus_fumigatus_IFM_59355-1	17	14	3	0	scaffold_2	3819963	3869963
Aspergillus_fumigatus_IFM_59355-1	22	20	2	0	scaffold_1	957164	1007164
Aspergillus_fumigatus_IFM_59355-1	16	12	4	0	scaffold_5	243160	293160
Aspergillus_fumigatus_IFM_59355-1	15	10	5	0	scaffold_6	224758	274758
Aspergillus_fumigatus_IFM_59355-1	4	2	2	0	scaffold_5	3609697	3659697
Aspergillus_fumigatus_IFM_59355-1	21	21	0	0	scaffold_7	1513958	1563958
Aspergillus_fumigatus_IFM_59355-1	16	16	0	0	scaffold_3	1487803	1537803
Aspergillus_fumigatus_IFM_59355-1	19	19	0	0	scaffold_4	2389392	2439392
Aspergillus_fumigatus_IFM_59355-1	15	14	1	0	scaffold_8	720597	770597
Aspergillus_fumigatus_IFM_59355-1	16	16	0	0	scaffold_6	3243906	3293906
Aspergillus_fumigatus_IFM_59355-1	27	20	7	0	scaffold_2	3857614	3907614
Aspergillus_fumigatus_IFM_59355-1	12	9	3	0	scaffold_2	4035240	4085240
Aspergillus_fumigatus_IFM_59355-1	14	2	12	0	scaffold_5	88345	138345
Aspergillus_fumigatus_IFM_59355-1	19	18	1	0	scaffold_2	3539239	3589239
Aspergillus_fumigatus_IFM_59355-1	21	20	1	0	scaffold_6	2381184	2431184
Aspergillus_fumigatus_IFM_59355-1	18	18	0	0	scaffold_5	1044448	1094448
Aspergillus_fumigatus_IFM_59355-1	20	20	0	0	scaffold_6	3101752	3151752
Aspergillus_fumigatus_IFM_59355-1	22	21	1	0	scaffold_7	278510	328510
Aspergillus_fumigatus_IFM_59355-1	21	21	0	0	scaffold_2	2426204	2476204
Aspergillus_fumigatus_IFM_59355-1	16	16	0	0	scaffold_1	2435447	2485447
Aspergillus_fumigatus_IFM_59355-1	19	19	0	0	scaffold_1	1031916	1081916
Aspergillus_fumigatus_IFM_59355-1	22	21	1	0	scaffold_1	2079106	2129106
Aspergillus_fumigatus_IFM_59355-1	16	15	1	0	scaffold_1	3797493	3847493
Aspergillus_fumigatus_IFM_59355-1	17	17	0	0	scaffold_6	3563714	3613714
Aspergillus_fumigatus_IFM_59355-1	17	12	5	0	scaffold_1	585762	635762
Aspergillus_fumigatus_IFM_59355-1	21	21	0	0	scaffold_4	1028187	1078187
Aspergillus_fumigatus_IFM_59355-1	21	19	2	0	scaffold_5	1310884	1360884
Aspergillus_fumigatus_IFM_59355-1	15	1	14	0	scaffold_4	12488	62488
Aspergillus_fumigatus_IFM_59355-1	23	20	3	0	scaffold_7	1286356	1336356
Aspergillus_fumigatus_IFM_59355-1	16	13	3	0	scaffold_2	1012109	1062109
Aspergillus_fumigatus_IFM_59355-1	20	15	5	0	scaffold_7	211392	261392
Aspergillus_fumigatus_IFM_59355-1	16	14	2	0	scaffold_6	2620607	2670607
Aspergillus_fumigatus_IFM_59355-1	17	17	0	0	scaffold_1	1690217	1740217
Aspergillus_fumigatus_IFM_59355-1	26	20	6	0	scaffold_8	434433	484433
Aspergillus_fumigatus_IFM_59355-1	19	17	2	0	scaffold_5	192408	242408
Aspergillus_fumigatus_IFM_59355-1	21	17	4	0	scaffold_1	1732550	1782550
Aspergillus_fumigatus_IFM_59355-1	20	17	3	0	scaffold_5	685454	735454
Aspergillus_fumigatus_IFM_59355-1	19	18	1	0	scaffold_2	2914406	2964406
Aspergillus_fumigatus_IFM_59355-1	24	18	6	0	scaffold_7	1609186	1659186
Aspergillus_fumigatus_IFM_59355-1	18	16	2	0	scaffold_5	3369078	3419078
Aspergillus_fumigatus_IFM_59355-1	19	16	3	0	scaffold_2	2945164	2995164
Aspergillus_fumigatus_IFM_59355-1	12	11	1	0	scaffold_1	3340035	3390035
Aspergillus_fumigatus_IFM_59355-1	23	22	1	0	scaffold_1	2263739	2313739
Aspergillus_fumigatus_IFM_59355-1	16	15	1	0	scaffold_3	1617868	1667868
Aspergillus_fumigatus_IFM_59355-1	18	18	0	0	scaffold_6	1684210	1734210
Aspergillus_fumigatus_IFM_59355-1	18	15	3	0	scaffold_4	1929137	1979137
Aspergillus_fumigatus_IFM_59355-1	19	14	5	0	scaffold_2	3705640	3755640
Aspergillus_fumigatus_IFM_59355-1	21	20	1	0	scaffold_1	2491255	2541255
Aspergillus_fumigatus_IFM_59355-1	21	20	1	0	scaffold_2	2130715	2180715
Aspergillus_fumigatus_IFM_59355-1	17	17	0	0	scaffold_1	1000400	1050400
Aspergillus_fumigatus_IFM_59355-1	13	13	0	0	scaffold_4	1473208	1523208
Aspergillus_fumigatus_IFM_59355-1	10	1	9	0	scaffold_3	613117	663117
Aspergillus_fumigatus_IFM_59355-1	22	22	0	0	scaffold_1	1541892	1591892
Aspergillus_fumigatus_IFM_59355-1	21	19	2	0	scaffold_3	2287371	2337371
Aspergillus_fumigatus_IFM_59355-1	20	19	1	0	scaffold_5	1738619	1788619
Aspergillus_fumigatus_IFM_59355-1	13	13	0	0	scaffold_8	1292742	1342742
Aspergillus_fumigatus_IFM_59355-1	22	20	2	0	scaffold_8	1431578	1481578
Aspergillus_fumigatus_IFM_59355-1	23	20	3	0	scaffold_7	1648081	1698081
Aspergillus_fumigatus_IFM_59355-1	13	10	3	0	scaffold_2	4032484	4082484
Aspergillus_fumigatus_IFM_59355-1	19	17	2	0	scaffold_4	431083	481083
Aspergillus_fumigatus_IFM_59355-1	16	13	3	0	scaffold_4	2347376	2397376
Aspergillus_fumigatus_IFM_59355-1	23	22	1	0	scaffold_1	2276643	2326643
Aspergillus_fumigatus_IFM_59355-1	20	19	1	0	scaffold_4	1091517	1141517
Aspergillus_fumigatus_IFM_59355-1	23	22	1	0	scaffold_5	1857498	1907498
Aspergillus_fumigatus_IFM_59355-1	21	18	3	0	scaffold_3	904334	954334
Aspergillus_fumigatus_IFM_59355-1	18	17	1	0	scaffold_3	1592211	1642211
Aspergillus_fumigatus_IFM_59355-1	22	21	1	0	scaffold_7	1544114	1594114
Aspergillus_fumigatus_IFM_59355-1	20	20	0	0	scaffold_3	1138624	1188624
Aspergillus_fumigatus_IFM_59355-1	15	14	1	0	scaffold_5	2736139	2786139
Aspergillus_fumigatus_IFM_59355-1	14	14	0	0	scaffold_5	2795916	2845916
Aspergillus_fumigatus_IFM_59355-1	15	11	4	0	scaffold_2	4022200	4072200
Aspergillus_fumigatus_IFM_59355-1	19	19	0	0	scaffold_4	2246646	2296646
Aspergillus_fumigatus_IFM_59355-1	22	19	3	0	scaffold_4	2639228	2689228
Aspergillus_fumigatus_IFM_59355-1	23	22	1	0	scaffold_1	2276501	2326501
Aspergillus_fumigatus_IFM_59355-1	14	14	0	0	scaffold_6	1812882	1862882
Aspergillus_fumigatus_IFM_59355-1	19	17	2	0	scaffold_4	1384310	1434310
Aspergillus_fumigatus_IFM_59355-1	20	12	8	0	scaffold_3	3794902	3844902
Aspergillus_fumigatus_IFM_59355-1	18	17	1	0	scaffold_3	2815404	2865404
Aspergillus_fumigatus_IFM_59355-1	5	4	1	0	scaffold_1	1917567	1967567
Aspergillus_fumigatus_IFM_59355-1	19	17	2	0	scaffold_6	447816	497816
Aspergillus_fumigatus_IFM_59355-1	14	13	1	0	scaffold_2	1843089	1893089
Aspergillus_fumigatus_IFM_59355-1	18	17	1	0	scaffold_6	1787794	1837794
Aspergillus_fumigatus_IFM_59355-1	18	17	1	0	scaffold_3	3257291	3307291
Aspergillus_fumigatus_IFM_59355-1	19	15	4	0	scaffold_1	4364081	4414081
Aspergillus_fumigatus_IFM_59355-1	17	14	3	0	scaffold_3	2835225	2885225
Aspergillus_fumigatus_IFM_59355-1	0	0	0	0	scaffold_5	1222689	1272689
Aspergillus_fumigatus_IFM_59355-1	18	17	1	0	scaffold_1	3134788	3184788
Aspergillus_fumigatus_IFM_59355-1	15	14	1	0	scaffold_3	3076706	3126706
Aspergillus_fumigatus_IFM_59355-1	23	15	8	0	scaffold_3	3788479	3838479
Aspergillus_fumigatus_IFM_59355-1	12	11	1	0	scaffold_5	3539920	3589920
Aspergillus_fumigatus_IFM_59355-1	19	16	3	0	scaffold_8	1154171	1204171
Aspergillus_fumigatus_IFM_59355-1	14	13	1	0	scaffold_2	3782561	3832561
Aspergillus_fumigatus_IFM_59355-1	19	17	2	0	scaffold_3	132375	182375
Aspergillus_fumigatus_IFM_59355-1	22	18	4	0	scaffold_8	70997	120997
Aspergillus_fumigatus_IFM_59355-1	20	19	1	0	scaffold_8	1079917	1129917
Aspergillus_fumigatus_IFM_59355-1	22	22	0	0	scaffold_5	1709510	1759510
Aspergillus_fumigatus_IFM_59355-1	18	15	3	0	scaffold_5	2592153	2642153
Aspergillus_fumigatus_IFM_59355-1	19	17	2	0	scaffold_1	3591044	3641044
Aspergillus_fumigatus_IFM_59355-1	18	15	3	0	scaffold_2	2757028	2807028
Aspergillus_fumigatus_IFM_59355-1	19	18	1	0	scaffold_3	3208523	3258523
Aspergillus_fumigatus_IFM_59355-1	18	17	1	0	scaffold_4	1592150	1642150
Aspergillus_fumigatus_IFM_59355-1	20	17	3	0	scaffold_4	3502414	3552414
Aspergillus_fumigatus_IFM_59355-1	23	23	0	0	scaffold_4	1035041	1085041
Aspergillus_fumigatus_IFM_59355-1	19	18	1	0	scaffold_7	1102208	1152208
Aspergillus_fumigatus_IFM_59355-1	22	20	2	0	scaffold_6	555833	605833
Aspergillus_fumigatus_IFM_59355-1	23	18	5	0	scaffold_7	1257292	1307292
Aspergillus_fumigatus_IFM_59355-1	19	16	3	0	scaffold_3	3654787	3704787
Aspergillus_fumigatus_IFM_59355-1	15	0	15	0	scaffold_3	635703	685703
Aspergillus_fumigatus_IFM_59355-1	24	21	3	0	scaffold_3	2393550	2443550
Aspergillus_fumigatus_IFM_59355-1	18	17	1	0	scaffold_1	2460527	2510527
Aspergillus_fumigatus_IFM_59355-1	20	17	3	0	scaffold_2	3004432	3054432
Aspergillus_fumigatus_IFM_59355-1	18	16	2	0	scaffold_6	3357448	3407448
Aspergillus_fumigatus_IFM_59355-1	18	14	4	0	scaffold_2	3913934	3963934
Aspergillus_fumigatus_IFM_59355-1	14	12	2	0	scaffold_4	3110834	3160834
Aspergillus_fumigatus_IFM_59355-1	15	13	2	0	scaffold_7	789360	839360
Aspergillus_fumigatus_IFM_59355-1	21	19	2	0	scaffold_7	1728787	1778787
Aspergillus_fumigatus_IFM_59355-1	20	16	4	0	scaffold_2	3050668	3100668
Aspergillus_fumigatus_IFM_59355-1	22	18	4	0	scaffold_8	43580	93580
Aspergillus_fumigatus_IFM_59355-1	21	15	6	0	scaffold_2	192621	242621
Aspergillus_fumigatus_IFM_59355-1	20	19	1	0	scaffold_2	1209258	1259258
Aspergillus_fumigatus_IFM_59355-1	23	18	5	0	scaffold_2	3724158	3774158
Aspergillus_fumigatus_IFM_59355-1	14	14	0	0	scaffold_5	2144503	2194503
Aspergillus_fumigatus_IFM_59355-1	23	17	6	0	scaffold_3	3766824	3816824
Aspergillus_fumigatus_IFM_59355-1	25	22	3	0	scaffold_8	1653444	1703444
Aspergillus_fumigatus_IFM_59355-1	15	14	1	0	scaffold_2	1257528	1307528
Aspergillus_fumigatus_IFM_59355-1	25	23	2	0	scaffold_6	2516924	2566924
Aspergillus_fumigatus_IFM_59355-1	15	15	0	0	scaffold_1	699160	749160
Aspergillus_fumigatus_IFM_59355-1	19	17	2	0	scaffold_2	3660385	3710385
Aspergillus_fumigatus_IFM_59355-1	14	14	0	0	scaffold_4	741500	791500
Aspergillus_fumigatus_IFM_59355-1	18	16	2	0	scaffold_5	2197675	2247675
Aspergillus_fumigatus_IFM_59355-1	18	15	3	0	scaffold_4	188435	238435
Aspergillus_fumigatus_IFM_59355-1	17	16	1	0	scaffold_1	862877	912877
Aspergillus_fumigatus_IFM_59355-1	24	23	1	0	scaffold_1	4270589	4320589
Aspergillus_fumigatus_IFM_59355-1	25	24	1	0	scaffold_5	1848098	1898098
Aspergillus_fumigatus_IFM_59355-1	25	24	1	0	scaffold_1	4079060	4129060
Aspergillus_fumigatus_IFM_59355-1	15	15	0	0	scaffold_1	816674	866674
Aspergillus_fumigatus_IFM_59355-1	20	17	3	0	scaffold_6	2441248	2491248
Aspergillus_fumigatus_IFM_59355-1	21	18	3	0	scaffold_1	116977	166977
Aspergillus_fumigatus_IFM_59355-1	22	19	3	0	scaffold_1	2116023	2166023
Aspergillus_fumigatus_IFM_59355-1	17	15	2	0	scaffold_4	2017797	2067797
Aspergillus_fumigatus_IFM_59355-1	17	15	2	0	scaffold_2	1195261	1245261
Aspergillus_fumigatus_IFM_59355-1	19	18	1	0	scaffold_1	151333	201333
Aspergillus_fumigatus_IFM_59355-1	20	17	3	0	scaffold_2	4208955	4258955
Aspergillus_fumigatus_IFM_59355-1	17	14	3	0	scaffold_6	2824379	2874379
Aspergillus_fumigatus_IFM_59355-1	20	20	0	0	scaffold_5	925520	975520
Aspergillus_fumigatus_IFM_59355-1	19	17	2	0	scaffold_2	282262	332262
Aspergillus_fumigatus_IFM_59355-1	18	15	3	0	scaffold_7	1747046	1797046
Aspergillus_fumigatus_IFM_59355-1	14	12	2	0	scaffold_7	382352	432352
Aspergillus_fumigatus_IFM_59355-1	22	20	2	0	scaffold_1	3222796	3272796
Aspergillus_fumigatus_IFM_59355-1	19	17	2	0	scaffold_7	1427149	1477149
Aspergillus_fumigatus_IFM_59355-1	15	12	3	0	scaffold_2	1680523	1730523
Aspergillus_fumigatus_IFM_59355-1	16	14	2	0	scaffold_7	1451752	1501752
Aspergillus_fumigatus_IFM_59355-1	24	19	5	0	scaffold_2	144638	194638
Aspergillus_fumigatus_IFM_59355-1	24	22	2	0	scaffold_6	3488352	3538352
Aspergillus_fumigatus_IFM_59355-1	18	18	0	0	scaffold_3	3320953	3370953
Aspergillus_fumigatus_IFM_59355-1	12	9	3	0	scaffold_2	4033818	4083818
Aspergillus_fumigatus_IFM_59355-1	20	18	2	0	scaffold_4	3007366	3057366
Aspergillus_fumigatus_IFM_59355-1	16	15	1	0	scaffold_5	209961	259961
Aspergillus_fumigatus_IFM_59355-1	21	19	2	0	scaffold_3	3422944	3472944
Aspergillus_fumigatus_IFM_59355-1	15	14	1	0	scaffold_6	2649311	2699311
Aspergillus_fumigatus_IFM_59355-1	17	17	0	0	scaffold_3	2992343	3042343
Aspergillus_fumigatus_IFM_59355-1	23	22	1	0	scaffold_2	464093	514093
Aspergillus_fumigatus_IFM_59355-1	18	16	2	0	scaffold_2	2749780	2799780
Aspergillus_fumigatus_IFM_59355-1	20	9	11	0	scaffold_6	22738	72738
Aspergillus_fumigatus_IFM_59355-1	18	16	2	0	scaffold_8	658585	708585
Aspergillus_fumigatus_IFM_59355-1	20	18	2	0	scaffold_6	1080583	1130583
Aspergillus_fumigatus_IFM_59355-1	18	18	0	0	scaffold_5	3175600	3225600
Aspergillus_fumigatus_IFM_59355-1	22	20	2	0	scaffold_3	291646	341646
Aspergillus_fumigatus_IFM_59355-1	16	6	10	0	scaffold_2	4142647	4192647
Aspergillus_fumigatus_IFM_59355-1	23	21	2	0	scaffold_6	3478576	3528576
Aspergillus_fumigatus_IFM_59355-1	20	12	8	0	scaffold_3	3795424	3845424
Aspergillus_fumigatus_IFM_59355-1	17	16	1	0	scaffold_1	1107859	1157859
Aspergillus_fumigatus_IFM_59355-1	17	15	2	0	scaffold_2	908709	958709
Aspergillus_fumigatus_IFM_59355-1	15	12	3	0	scaffold_6	152507	202507
Aspergillus_fumigatus_IFM_59355-1	14	12	2	0	scaffold_1	3968348	4018348
Aspergillus_fumigatus_IFM_59355-1	17	16	1	0	scaffold_5	2756610	2806610
Aspergillus_fumigatus_IFM_59355-1	23	22	1	0	scaffold_1	2878358	2928358
Aspergillus_fumigatus_IFM_59355-1	19	19	0	0	scaffold_4	2271310	2321310
Aspergillus_fumigatus_IFM_59355-1	17	13	4	0	scaffold_7	91714	141714
Aspergillus_fumigatus_IFM_59355-1	17	15	2	0	scaffold_6	1107400	1157400
Aspergillus_fumigatus_IFM_59355-1	24	21	3	0	scaffold_8	1353140	1403140
Aspergillus_fumigatus_IFM_59355-1	19	17	2	0	scaffold_4	2512412	2562412
Aspergillus_fumigatus_IFM_59355-1	16	14	2	0	scaffold_3	2185900	2235900
Aspergillus_fumigatus_IFM_59355-1	19	19	0	0	scaffold_6	1053529	1103529
Aspergillus_fumigatus_IFM_59355-1	14	14	0	0	scaffold_5	1027807	1077807
Aspergillus_fumigatus_IFM_59355-1	23	23	0	0	scaffold_5	1825695	1875695
Aspergillus_fumigatus_IFM_59355-1	23	20	3	0	scaffold_5	778928	828928
Aspergillus_fumigatus_IFM_59355-1	13	13	0	0	scaffold_2	2701505	2751505
Aspergillus_fumigatus_IFM_59355-1	23	21	2	0	scaffold_6	2003971	2053971
Aspergillus_fumigatus_IFM_59355-1	18	17	1	0	scaffold_8	817420	867420
Aspergillus_fumigatus_IFM_59355-1	19	16	3	0	scaffold_5	2216284	2266284
Aspergillus_fumigatus_IFM_59355-1	6	5	1	0	scaffold_8	746391	796391
Aspergillus_fumigatus_IFM_59355-1	14	13	1	0	scaffold_6	1829624	1879624
Aspergillus_fumigatus_IFM_59355-1	13	13	0	0	scaffold_5	2133733	2183733
Aspergillus_fumigatus_IFM_59355-1	20	20	0	0	scaffold_6	3056767	3106767
Aspergillus_fumigatus_IFM_59355-1	15	13	2	0	scaffold_1	4007052	4057052
Aspergillus_fumigatus_IFM_59355-1	17	16	1	0	scaffold_8	944957	994957
Aspergillus_fumigatus_IFM_59355-1	21	21	0	0	scaffold_1	3404701	3454701
Aspergillus_fumigatus_IFM_59355-1	21	18	3	0	scaffold_2	360694	410694
Aspergillus_fumigatus_IFM_59355-1	5	4	1	0	scaffold_2	1760554	1810554
Aspergillus_fumigatus_IFM_59355-1	19	18	1	0	scaffold_1	2153714	2203714
Aspergillus_fumigatus_IFM_59355-1	22	19	3	0	scaffold_1	2003655	2053655
Aspergillus_fumigatus_IFM_59355-1	23	21	2	0	scaffold_3	4044743	4094743
Aspergillus_fumigatus_IFM_59355-1	18	17	1	0	scaffold_1	124423	174423
Aspergillus_fumigatus_IFM_59355-1	19	16	3	0	scaffold_4	273979	323979
Aspergillus_fumigatus_IFM_59355-1	13	1	12	0	scaffold_4	25687	75687
Aspergillus_fumigatus_IFM_59355-1	16	15	1	0	scaffold_7	573452	623452
Aspergillus_fumigatus_IFM_59355-1	19	19	0	0	scaffold_4	2243829	2293829
Aspergillus_fumigatus_IFM_59355-1	20	13	7	0	scaffold_1	2601173	2651173
Aspergillus_fumigatus_IFM_59355-1	23	22	1	0	scaffold_6	2078966	2128966
Aspergillus_fumigatus_IFM_59355-1	20	19	1	0	scaffold_6	323928	373928
Aspergillus_fumigatus_IFM_59355-1	20	17	3	0	scaffold_2	384142	434142
Aspergillus_fumigatus_IFM_59355-1	16	15	1	0	scaffold_3	3140616	3190616
Aspergillus_fumigatus_IFM_59355-1	14	14	0	0	scaffold_5	1026026	1076026
Aspergillus_fumigatus_IFM_59355-1	23	21	2	0	scaffold_6	2113682	2163682
Aspergillus_fumigatus_IFM_59355-1	21	19	2	0	scaffold_3	358671	408671
Aspergillus_fumigatus_IFM_59355-1	4	2	2	0	scaffold_2	4052487	4102487
Aspergillus_fumigatus_IFM_59355-1	16	12	4	0	scaffold_2	3204703	3254703
Aspergillus_fumigatus_IFM_59355-1	18	16	2	0	scaffold_3	3933963	3983963
Aspergillus_fumigatus_IFM_59355-1	17	15	2	0	scaffold_3	2189847	2239847
Aspergillus_fumigatus_IFM_59355-1	22	22	0	0	scaffold_1	302137	352137
Aspergillus_fumigatus_IFM_59355-1	19	18	1	0	scaffold_4	2851893	2901893
Aspergillus_fumigatus_IFM_59355-1	2	2	0	0	scaffold_5	3566230	3616230
Aspergillus_fumigatus_IFM_59355-1	7	7	0	0	scaffold_2	1819552	1869552
Aspergillus_fumigatus_IFM_59355-1	18	16	2	0	scaffold_2	399085	449085
Aspergillus_fumigatus_IFM_59355-1	10	10	0	0	scaffold_3	1373478	1423478
Aspergillus_fumigatus_IFM_59355-1	20	17	3	0	scaffold_5	227932	277932
Aspergillus_fumigatus_IFM_59355-1	23	19	4	0	scaffold_6	2399444	2449444
Aspergillus_fumigatus_IFM_59355-1	15	2	13	0	scaffold_5	93581	143581
Aspergillus_fumigatus_IFM_59355-1	21	19	2	0	scaffold_4	3519061	3569061
Aspergillus_fumigatus_IFM_59355-1	19	19	0	0	scaffold_2	2347900	2397900
Aspergillus_fumigatus_IFM_59355-1	21	21	0	0	scaffold_7	1049243	1099243
Aspergillus_fumigatus_IFM_59355-1	22	21	1	0	scaffold_5	1102923	1152923
Aspergillus_fumigatus_IFM_59355-1	10	8	2	0	scaffold_6	167217	217217
Aspergillus_fumigatus_IFM_59355-1	15	15	0	0	scaffold_2	2717185	2767185
Aspergillus_fumigatus_IFM_59355-1	25	24	1	0	scaffold_1	4078181	4128181
Aspergillus_fumigatus_IFM_59355-1	19	17	2	0	scaffold_3	4061872	4111872
Aspergillus_fumigatus_IFM_59355-1	16	15	1	0	scaffold_2	3761689	3811689
Aspergillus_fumigatus_IFM_59355-1	8	6	2	0	scaffold_1	4495732	4545732
Aspergillus_fumigatus_IFM_59355-1	20	16	4	0	scaffold_2	2963642	3013642
Aspergillus_fumigatus_IFM_59355-1	25	21	4	0	scaffold_7	1279990	1329990
Aspergillus_fumigatus_IFM_59355-1	20	17	3	0	scaffold_4	1906622	1956622
Aspergillus_fumigatus_IFM_59355-1	22	21	1	0	scaffold_6	751999	801999
Aspergillus_fumigatus_IFM_59355-1	19	17	2	0	scaffold_2	3113785	3163785
Aspergillus_fumigatus_IFM_59355-1	20	20	0	0	scaffold_8	1057563	1107563
Aspergillus_fumigatus_IFM_59355-1	12	11	1	0	scaffold_3	3830066	3880066
Aspergillus_fumigatus_IFM_59355-1	25	24	1	0	scaffold_5	801023	851023
Aspergillus_fumigatus_IFM_59355-1	17	17	0	0	scaffold_6	3564354	3614354
Aspergillus_fumigatus_IFM_59355-1	14	0	14	0	scaffold_3	622721	672721
Aspergillus_fumigatus_IFM_59355-1	16	14	2	0	scaffold_2	1395077	1445077
Aspergillus_fumigatus_IFM_59355-1	14	12	2	0	scaffold_8	873302	923302
Aspergillus_fumigatus_IFM_59355-1	19	18	1	0	scaffold_8	826614	876614
Aspergillus_fumigatus_IFM_59355-1	16	14	2	0	scaffold_5	61851	111851
Aspergillus_fumigatus_IFM_59355-1	17	15	2	0	scaffold_4	2984493	3034493
Aspergillus_fumigatus_IFM_59355-1	19	16	3	0	scaffold_1	3001034	3051034
Aspergillus_fumigatus_IFM_59355-1	18	18	0	0	scaffold_1	464633	514633
Aspergillus_fumigatus_IFM_59355-1	18	16	2	0	scaffold_2	1587338	1637338
Aspergillus_fumigatus_IFM_59355-1	27	1	26	0	scaffold_4	3702313	3752313
Aspergillus_fumigatus_IFM_59355-1	22	16	6	0	scaffold_4	3477918	3527918
Aspergillus_fumigatus_IFM_59355-1	21	21	0	0	scaffold_7	1305765	1355765
Aspergillus_fumigatus_IFM_59355-1	22	19	3	0	scaffold_1	2003799	2053799
Aspergillus_fumigatus_IFM_59355-1	15	15	0	0	scaffold_1	1050700	1100700
Aspergillus_fumigatus_IFM_59355-1	19	19	0	0	scaffold_1	3891950	3941950
Aspergillus_fumigatus_IFM_59355-1	18	17	1	0	scaffold_6	1201339	1251339
Aspergillus_fumigatus_IFM_59355-1	21	16	5	0	scaffold_6	2841653	2891653
Aspergillus_fumigatus_IFM_59355-1	15	14	1	0	scaffold_6	1733193	1783193
Aspergillus_fumigatus_IFM_59355-1	14	14	0	0	scaffold_5	2158046	2208046
Aspergillus_fumigatus_IFM_59355-1	21	19	2	0	scaffold_2	2533455	2583455
Aspergillus_fumigatus_IFM_59355-1	23	22	1	0	scaffold_6	1533783	1583783
Aspergillus_fumigatus_IFM_59355-1	19	17	2	0	scaffold_2	819759	869759
Aspergillus_fumigatus_IFM_59355-1	16	15	1	0	scaffold_7	947301	997301
Aspergillus_fumigatus_IFM_59355-1	24	19	5	0	scaffold_2	147005	197005
Aspergillus_fumigatus_IFM_59355-1	19	19	0	0	scaffold_4	2390024	2440024
Aspergillus_fumigatus_IFM_59355-1	18	18	0	0	scaffold_2	2173868	2223868
Aspergillus_fumigatus_IFM_59355-1	18	17	1	0	scaffold_3	3261749	3311749
Aspergillus_fumigatus_IFM_59355-1	26	18	8	0	scaffold_4	375707	425707
Aspergillus_fumigatus_IFM_59355-1	17	14	3	0	scaffold_5	2600839	2650839
Aspergillus_fumigatus_IFM_59355-1	19	18	1	0	scaffold_3	1759918	1809918
Aspergillus_fumigatus_IFM_59355-1	20	18	2	0	scaffold_2	246160	296160
Aspergillus_fumigatus_IFM_59355-1	21	17	4	0	scaffold_2	2984793	3034793
Aspergillus_fumigatus_IFM_59355-1	17	17	0	0	scaffold_1	3828166	3878166
Aspergillus_fumigatus_IFM_59355-1	23	17	6	0	scaffold_6	2413349	2463349
Aspergillus_fumigatus_IFM_59355-1	17	16	1	0	scaffold_1	482267	532267
Aspergillus_fumigatus_IFM_59355-1	11	11	0	0	scaffold_5	2824174	2874174
Aspergillus_fumigatus_IFM_59355-1	21	20	1	0	scaffold_2	2420086	2470086
Aspergillus_fumigatus_IFM_59355-1	24	24	0	0	scaffold_5	2367137	2417137
Aspergillus_fumigatus_IFM_59355-1	16	15	1	0	scaffold_7	20214	70214
Aspergillus_fumigatus_IFM_59355-1	17	15	2	0	scaffold_2	3527479	3577479
Aspergillus_fumigatus_IFM_59355-1	21	19	2	0	scaffold_5	1973758	2023758
Aspergillus_fumigatus_IFM_59355-1	14	13	1	0	scaffold_1	3353518	3403518
Aspergillus_fumigatus_IFM_59355-1	23	21	2	0	scaffold_5	3518048	3568048
Aspergillus_fumigatus_IFM_59355-1	19	19	0	0	scaffold_8	594714	644714
Aspergillus_fumigatus_IFM_59355-1	10	10	0	0	scaffold_6	2171219	2221219
Aspergillus_fumigatus_IFM_59355-1	18	17	1	0	scaffold_3	3025183	3075183
Aspergillus_fumigatus_IFM_59355-1	19	17	2	0	scaffold_1	2208113	2258113
Aspergillus_fumigatus_IFM_59355-1	23	20	3	0	scaffold_3	3742116	3792116
Aspergillus_fumigatus_IFM_59355-1	23	20	3	0	scaffold_7	1290557	1340557
Aspergillus_fumigatus_IFM_59355-1	17	17	0	0	scaffold_2	577375	627375
Aspergillus_fumigatus_IFM_59355-1	0	0	0	0	scaffold_1	1895940	1945940
Aspergillus_fumigatus_IFM_59355-1	22	19	3	0	scaffold_6	3333951	3383951
Aspergillus_fumigatus_IFM_59355-1	19	19	0	0	scaffold_1	663190	713190
Aspergillus_fumigatus_IFM_59355-1	20	18	2	0	scaffold_6	1114345	1164345
Aspergillus_fumigatus_IFM_59355-1	16	16	0	0	scaffold_1	229899	279899
Aspergillus_fumigatus_IFM_59355-1	17	15	2	0	scaffold_6	2215545	2265545
Aspergillus_fumigatus_IFM_59355-1	21	20	1	0	scaffold_5	2331002	2381002
Aspergillus_fumigatus_IFM_59355-1	14	13	1	0	scaffold_2	1135266	1185266
Aspergillus_fumigatus_IFM_59355-1	18	16	2	0	scaffold_6	1151635	1201635
Aspergillus_fumigatus_IFM_59355-1	20	18	2	0	scaffold_5	2076902	2126902
Aspergillus_fumigatus_IFM_59355-1	19	17	2	0	scaffold_5	659368	709368
Aspergillus_fumigatus_IFM_59355-1	19	19	0	0	scaffold_3	2012213	2062213
Aspergillus_fumigatus_IFM_59355-1	16	15	1	0	scaffold_7	577714	627714
Aspergillus_fumigatus_IFM_59355-1	18	17	1	0	scaffold_7	1112546	1162546
Aspergillus_fumigatus_IFM_59355-1	17	15	2	0	scaffold_6	1965186	2015186
Aspergillus_fumigatus_IFM_59355-1	20	18	2	0	scaffold_5	2018354	2068354
Aspergillus_fumigatus_IFM_59355-1	17	15	2	0	scaffold_3	1242831	1292831
Aspergillus_fumigatus_IFM_59355-1	17	2	15	0	scaffold_3	1069989	1119989
Aspergillus_fumigatus_IFM_59355-1	19	19	0	0	scaffold_1	341272	391272
Aspergillus_fumigatus_IFM_59355-1	20	16	4	0	scaffold_1	3461625	3511625
Aspergillus_fumigatus_IFM_59355-1	20	19	1	0	scaffold_8	641654	691654
Aspergillus_fumigatus_IFM_59355-1	20	17	3	0	scaffold_1	879503	929503
Aspergillus_fumigatus_IFM_59355-1	19	19	0	0	scaffold_8	484320	534320
Aspergillus_fumigatus_IFM_59355-1	18	16	2	0	scaffold_1	3665773	3715773
Aspergillus_fumigatus_IFM_59355-1	25	24	1	0	scaffold_1	4278448	4328448
Aspergillus_fumigatus_IFM_59355-1	21	18	3	0	scaffold_4	199191	249191
Aspergillus_fumigatus_IFM_59355-1	17	15	2	0	scaffold_2	4251732	4301732
Aspergillus_fumigatus_IFM_59355-1	20	17	3	0	scaffold_8	374387	424387
Aspergillus_fumigatus_IFM_59355-1	20	17	3	0	scaffold_4	3511216	3561216
Aspergillus_fumigatus_IFM_59355-1	23	22	1	0	scaffold_5	1289768	1339768
Aspergillus_fumigatus_IFM_59355-1	5	2	3	0	scaffold_5	3614052	3664052
Aspergillus_fumigatus_IFM_59355-1	23	21	2	0	scaffold_5	3451647	3501647
Aspergillus_fumigatus_IFM_59355-1	29	24	5	0	scaffold_5	3419020	3469020
Aspergillus_fumigatus_IFM_59355-1	18	18	0	0	scaffold_5	3100549	3150549
Aspergillus_fumigatus_IFM_59355-1	21	19	2	0	scaffold_3	1341484	1391484
Aspergillus_fumigatus_IFM_59355-1	20	19	1	0	scaffold_6	2935364	2985364
Aspergillus_fumigatus_IFM_59355-1	20	16	4	0	scaffold_1	1721975	1771975
Aspergillus_fumigatus_IFM_59355-1	8	6	2	0	scaffold_7	727799	777799
Aspergillus_fumigatus_IFM_59355-1	17	17	0	0	scaffold_6	3171501	3221501
Aspergillus_fumigatus_IFM_59355-1	17	16	1	0	scaffold_7	1119443	1169443
Aspergillus_fumigatus_IFM_59355-1	18	16	2	0	scaffold_5	984013	1034013
Aspergillus_fumigatus_IFM_59355-1	18	17	1	0	scaffold_6	3307826	3357826
Aspergillus_fumigatus_IFM_59355-1	15	14	1	0	scaffold_3	2751000	2801000
Aspergillus_fumigatus_IFM_59355-1	20	19	1	0	scaffold_5	2114931	2164931
Aspergillus_fumigatus_IFM_59355-1	22	19	3	0	scaffold_7	818788	868788
Aspergillus_fumigatus_IFM_59355-1	19	7	12	0	scaffold_7	1767815	1817815
Aspergillus_fumigatus_IFM_59355-1	16	9	7	0	scaffold_3	1871072	1921072
Aspergillus_fumigatus_IFM_59355-1	23	19	4	0	scaffold_6	123720	173720
Aspergillus_fumigatus_IFM_59355-1	20	18	1	1	scaffold_3	3579769	3629769
Aspergillus_fumigatus_IFM_59355-1	21	20	1	0	scaffold_5	939231	989231
Aspergillus_fumigatus_IFM_59355-1	23	21	2	0	scaffold_7	317926	367926
Aspergillus_fumigatus_IFM_59355-1	19	19	0	0	scaffold_6	1679021	1729021
Aspergillus_fumigatus_IFM_59355-1	20	18	2	0	scaffold_2	2506492	2556492
Aspergillus_fumigatus_IFM_59355-1	17	15	2	0	scaffold_1	2327928	2377928
Aspergillus_fumigatus_IFM_59355-1	20	20	0	0	scaffold_4	2139414	2189414
Aspergillus_fumigatus_IFM_59355-1	19	19	0	0	scaffold_4	2413828	2463828
Aspergillus_fumigatus_IFM_59355-1	16	13	3	0	scaffold_1	1151680	1201680
Aspergillus_fumigatus_IFM_59355-1	16	15	1	0	scaffold_4	2050812	2100812
Aspergillus_fumigatus_IFM_59355-1	19	17	2	0	scaffold_7	196964	246964
Aspergillus_fumigatus_IFM_59355-1	27	21	6	0	scaffold_2	106067	156067
Aspergillus_fumigatus_IFM_59355-1	18	12	6	0	scaffold_4	3761902	3811902
Aspergillus_fumigatus_IFM_59355-1	9	9	0	0	scaffold_3	1376370	1426370
Aspergillus_fumigatus_IFM_59355-1	8	8	0	0	scaffold_6	1219894	1269894
Aspergillus_fumigatus_IFM_59355-1	21	20	1	0	scaffold_5	1900540	1950540
Aspergillus_fumigatus_IFM_59355-1	22	22	0	0	scaffold_3	4006318	4056318
Aspergillus_fumigatus_IFM_59355-1	18	16	2	0	scaffold_4	2988913	3038913
Aspergillus_fumigatus_IFM_59355-1	7	7	0	0	scaffold_6	1227923	1277923
Aspergillus_fumigatus_IFM_59355-1	18	18	0	0	scaffold_2	856808	906808
Aspergillus_fumigatus_IFM_59355-1	16	14	2	0	scaffold_3	2182839	2232839
Aspergillus_fumigatus_IFM_59355-1	17	16	1	0	scaffold_8	491946	541946
Aspergillus_fumigatus_IFM_59355-1	16	15	1	0	scaffold_2	1939062	1989062
Aspergillus_fumigatus_IFM_59355-1	20	17	3	0	scaffold_7	550317	600317
Aspergillus_fumigatus_IFM_59355-1	17	15	2	0	scaffold_6	810046	860046
Aspergillus_fumigatus_IFM_59355-1	22	16	6	0	scaffold_2	190689	240689
Aspergillus_fumigatus_IFM_59355-1	12	12	0	0	scaffold_8	1288448	1338448
Aspergillus_fumigatus_IFM_59355-1	22	20	2	0	scaffold_7	517617	567617
Aspergillus_fumigatus_IFM_59355-1	18	17	1	0	scaffold_7	1111565	1161565
Aspergillus_fumigatus_IFM_59355-1	24	22	2	0	scaffold_1	1460477	1510477
Aspergillus_fumigatus_IFM_59355-1	21	20	1	0	scaffold_4	2782228	2832228
Aspergillus_fumigatus_IFM_59355-1	18	17	1	0	scaffold_8	909466	959466
Aspergillus_fumigatus_IFM_59355-1	19	17	2	0	scaffold_5	2184445	2234445
Aspergillus_fumigatus_IFM_59355-1	13	12	1	0	scaffold_6	298855	348855
Aspergillus_fumigatus_IFM_59355-1	21	17	4	0	scaffold_1	428985	478985
Aspergillus_fumigatus_IFM_59355-1	17	15	2	0	scaffold_2	3260128	3310128
Aspergillus_fumigatus_IFM_59355-1	21	20	1	0	scaffold_4	213836	263836
Aspergillus_fumigatus_IFM_59355-1	21	21	0	0	scaffold_5	3701642	3751642
Aspergillus_fumigatus_IFM_59355-1	19	18	1	0	scaffold_2	2627942	2677942
Aspergillus_fumigatus_IFM_59355-1	20	16	4	0	scaffold_8	1495560	1545560
Aspergillus_fumigatus_IFM_59355-1	15	15	0	0	scaffold_1	2821976	2871976
Aspergillus_fumigatus_IFM_59355-1	16	15	1	0	scaffold_5	1779209	1829209
Aspergillus_fumigatus_IFM_59355-1	19	17	2	0	scaffold_2	1066172	1116172
Aspergillus_fumigatus_IFM_59355-1	19	18	1	0	scaffold_2	2630920	2680920
Aspergillus_fumigatus_IFM_59355-1	18	16	2	0	scaffold_8	390052	440052
Aspergillus_fumigatus_IFM_59355-1	19	16	3	0	scaffold_1	3214524	3264524
Aspergillus_fumigatus_IFM_59355-1	13	12	1	0	scaffold_2	1271946	1321946
Aspergillus_fumigatus_IFM_59355-1	15	15	0	0	scaffold_1	687495	737495
Aspergillus_fumigatus_IFM_59355-1	20	16	4	0	scaffold_1	2967337	3017337
Aspergillus_fumigatus_IFM_59355-1	16	14	2	0	scaffold_5	2190170	2240170
Aspergillus_fumigatus_IFM_59355-1	23	23	0	0	scaffold_3	1709848	1759848
Aspergillus_fumigatus_IFM_59355-1	16	15	1	0	scaffold_1	3611132	3661132
Aspergillus_fumigatus_IFM_59355-1	13	11	2	0	scaffold_2	3697831	3747831
Aspergillus_fumigatus_IFM_59355-1	19	18	1	0	scaffold_2	2058112	2108112
Aspergillus_fumigatus_IFM_59355-1	20	18	2	0	scaffold_3	2290470	2340470
Aspergillus_fumigatus_IFM_59355-1	16	14	2	0	scaffold_8	852481	902481
Aspergillus_fumigatus_IFM_59355-1	20	18	2	0	scaffold_3	277789	327789
Aspergillus_fumigatus_IFM_59355-1	18	15	3	0	scaffold_5	702957	752957
Aspergillus_fumigatus_IFM_59355-1	21	21	0	0	scaffold_4	2262772	2312772
Aspergillus_fumigatus_IFM_59355-1	22	21	1	0	scaffold_5	2317203	2367203
Aspergillus_fumigatus_IFM_59355-1	24	20	4	0	scaffold_5	623608	673608
Aspergillus_fumigatus_IFM_59355-1	21	19	2	0	scaffold_3	2303362	2353362
Aspergillus_fumigatus_IFM_59355-1	19	19	0	0	scaffold_5	903596	953596
Aspergillus_fumigatus_IFM_59355-1	16	15	1	0	scaffold_5	3062679	3112679
Aspergillus_fumigatus_IFM_59355-1	21	19	2	0	scaffold_6	3422380	3472380
Aspergillus_fumigatus_IFM_59355-1	21	17	4	0	scaffold_3	349506	399506
Aspergillus_fumigatus_IFM_59355-1	19	16	3	0	scaffold_1	3193631	3243631
Aspergillus_fumigatus_IFM_59355-1	23	20	3	0	scaffold_7	1653389	1703389
Aspergillus_fumigatus_IFM_59355-1	23	22	1	0	scaffold_1	4268361	4318361
Aspergillus_fumigatus_IFM_59355-1	22	21	1	0	scaffold_2	2804708	2854708
Aspergillus_fumigatus_IFM_59355-1	18	16	2	0	scaffold_8	1138103	1188103
Aspergillus_fumigatus_IFM_59355-1	22	19	3	0	scaffold_3	336155	386155
Aspergillus_fumigatus_IFM_59355-1	20	18	2	0	scaffold_3	2588726	2638726
Aspergillus_fumigatus_IFM_59355-1	23	22	1	0	scaffold_3	453855	503855
Aspergillus_fumigatus_IFM_59355-1	15	14	1	0	scaffold_6	1714543	1764543
Aspergillus_fumigatus_IFM_59355-1	20	17	3	0	scaffold_3	1220663	1270663
