STRAIN	TOTAL	CORE	ACCESSORY	SINGLETON	CHROM	START	END
Aspergillus_fumigatus_AF100-12_13	21	21	0	0	scaffold_5	3197734	3247734
Aspergillus_fumigatus_AF100-12_13	17	17	0	0	scaffold_3	156131	206131
Aspergillus_fumigatus_AF100-12_13	19	19	0	0	scaffold_6	1305679	1355679
Aspergillus_fumigatus_AF100-12_13	23	21	2	0	scaffold_2	963201	1013201
Aspergillus_fumigatus_AF100-12_13	19	19	0	0	scaffold_4	534745	584745
Aspergillus_fumigatus_AF100-12_13	19	17	2	0	scaffold_4	80105	130105
Aspergillus_fumigatus_AF100-12_13	19	18	1	0	scaffold_1	3227321	3277321
Aspergillus_fumigatus_AF100-12_13	19	18	1	0	scaffold_1	428379	478379
Aspergillus_fumigatus_AF100-12_13	17	17	0	0	scaffold_6	1489951	1539951
Aspergillus_fumigatus_AF100-12_13	21	19	2	0	scaffold_5	1012765	1062765
Aspergillus_fumigatus_AF100-12_13	18	15	3	0	scaffold_3	713380	763380
Aspergillus_fumigatus_AF100-12_13	22	18	4	0	scaffold_1	4636087	4686087
Aspergillus_fumigatus_AF100-12_13	15	14	1	0	scaffold_2	4347409	4397409
Aspergillus_fumigatus_AF100-12_13	17	15	2	0	scaffold_7	1354281	1404281
Aspergillus_fumigatus_AF100-12_13	16	16	0	0	scaffold_3	3090092	3140092
Aspergillus_fumigatus_AF100-12_13	13	0	13	0	scaffold_1	4258042	4308042
Aspergillus_fumigatus_AF100-12_13	13	13	0	0	scaffold_2	4265158	4315158
Aspergillus_fumigatus_AF100-12_13	24	24	0	0	scaffold_6	1734731	1784731
Aspergillus_fumigatus_AF100-12_13	18	16	2	0	scaffold_8	1063901	1113901
Aspergillus_fumigatus_AF100-12_13	5	4	1	0	scaffold_1	3004226	3054226
Aspergillus_fumigatus_AF100-12_13	22	22	0	0	scaffold_5	2612594	2662594
Aspergillus_fumigatus_AF100-12_13	21	14	7	0	scaffold_6	2154614	2204614
Aspergillus_fumigatus_AF100-12_13	2	1	1	0	scaffold_6	3427780	3477780
Aspergillus_fumigatus_AF100-12_13	21	19	2	0	scaffold_7	681517	731517
Aspergillus_fumigatus_AF100-12_13	20	19	1	0	scaffold_6	350373	400373
Aspergillus_fumigatus_AF100-12_13	22	16	6	0	scaffold_5	2336610	2386610
Aspergillus_fumigatus_AF100-12_13	24	19	5	0	scaffold_6	468432	518432
Aspergillus_fumigatus_AF100-12_13	23	18	5	0	scaffold_4	2512168	2562168
Aspergillus_fumigatus_AF100-12_13	16	14	2	0	scaffold_6	2303391	2353391
Aspergillus_fumigatus_AF100-12_13	17	13	4	0	scaffold_2	3503348	3553348
Aspergillus_fumigatus_AF100-12_13	23	19	4	0	scaffold_7	117227	167227
Aspergillus_fumigatus_AF100-12_13	13	12	1	0	scaffold_3	2842239	2892239
Aspergillus_fumigatus_AF100-12_13	24	23	1	0	scaffold_6	703986	753986
Aspergillus_fumigatus_AF100-12_13	16	16	0	0	scaffold_4	3402464	3452464
Aspergillus_fumigatus_AF100-12_13	18	17	1	0	scaffold_3	1206472	1256472
Aspergillus_fumigatus_AF100-12_13	13	13	0	0	scaffold_6	1022457	1072457
Aspergillus_fumigatus_AF100-12_13	23	21	2	0	scaffold_1	3499704	3549704
Aspergillus_fumigatus_AF100-12_13	16	13	3	0	scaffold_2	4358819	4408819
Aspergillus_fumigatus_AF100-12_13	18	17	1	0	scaffold_7	1620780	1670780
Aspergillus_fumigatus_AF100-12_13	21	15	6	0	scaffold_1	4481609	4531609
Aspergillus_fumigatus_AF100-12_13	19	16	3	0	scaffold_5	3076146	3126146
Aspergillus_fumigatus_AF100-12_13	23	21	2	0	scaffold_3	2122198	2172198
Aspergillus_fumigatus_AF100-12_13	17	15	2	0	scaffold_7	272809	322809
Aspergillus_fumigatus_AF100-12_13	22	22	0	0	scaffold_2	1286294	1336294
Aspergillus_fumigatus_AF100-12_13	24	20	4	0	scaffold_4	2531505	2581505
Aspergillus_fumigatus_AF100-12_13	20	20	0	0	scaffold_8	1009197	1059197
Aspergillus_fumigatus_AF100-12_13	17	17	0	0	scaffold_5	1804472	1854472
Aspergillus_fumigatus_AF100-12_13	7	4	3	0	scaffold_5	192298	242298
Aspergillus_fumigatus_AF100-12_13	23	22	1	0	scaffold_8	881215	931215
Aspergillus_fumigatus_AF100-12_13	15	14	1	0	scaffold_3	3117680	3167680
Aspergillus_fumigatus_AF100-12_13	16	15	1	0	scaffold_6	3289270	3339270
Aspergillus_fumigatus_AF100-12_13	20	20	0	0	scaffold_6	1303324	1353324
Aspergillus_fumigatus_AF100-12_13	22	20	2	0	scaffold_5	535399	585399
Aspergillus_fumigatus_AF100-12_13	15	13	2	0	scaffold_4	2797105	2847105
Aspergillus_fumigatus_AF100-12_13	21	20	1	0	scaffold_7	1128124	1178124
Aspergillus_fumigatus_AF100-12_13	17	13	4	0	scaffold_5	2714859	2764859
Aspergillus_fumigatus_AF100-12_13	21	20	1	0	scaffold_7	1113897	1163897
Aspergillus_fumigatus_AF100-12_13	20	18	2	0	scaffold_2	2675875	2725875
Aspergillus_fumigatus_AF100-12_13	20	18	2	0	scaffold_4	1585031	1635031
Aspergillus_fumigatus_AF100-12_13	25	24	1	0	scaffold_2	1274123	1324123
Aspergillus_fumigatus_AF100-12_13	18	17	1	0	scaffold_2	2204321	2254321
Aspergillus_fumigatus_AF100-12_13	18	17	1	0	scaffold_7	1648450	1698450
Aspergillus_fumigatus_AF100-12_13	22	19	3	0	scaffold_1	4645278	4695278
Aspergillus_fumigatus_AF100-12_13	22	22	0	0	scaffold_6	1286281	1336281
Aspergillus_fumigatus_AF100-12_13	15	15	0	0	scaffold_4	802799	852799
Aspergillus_fumigatus_AF100-12_13	19	18	1	0	scaffold_3	2438549	2488549
Aspergillus_fumigatus_AF100-12_13	20	19	1	0	scaffold_6	813716	863716
Aspergillus_fumigatus_AF100-12_13	21	18	3	0	scaffold_7	120306	170306
Aspergillus_fumigatus_AF100-12_13	23	18	5	0	scaffold_4	3663279	3713279
Aspergillus_fumigatus_AF100-12_13	20	16	4	0	scaffold_3	764770	814770
Aspergillus_fumigatus_AF100-12_13	11	10	1	0	scaffold_1	1692446	1742446
Aspergillus_fumigatus_AF100-12_13	10	7	2	1	scaffold_1	1989462	2039462
Aspergillus_fumigatus_AF100-12_13	17	17	0	0	scaffold_3	2915314	2965314
Aspergillus_fumigatus_AF100-12_13	17	15	1	1	scaffold_3	2511391	2561391
Aspergillus_fumigatus_AF100-12_13	14	13	1	0	scaffold_3	1240624	1290624
Aspergillus_fumigatus_AF100-12_13	13	0	13	0	scaffold_3	641471	691471
Aspergillus_fumigatus_AF100-12_13	18	17	1	0	scaffold_3	1424671	1474671
Aspergillus_fumigatus_AF100-12_13	17	16	1	0	scaffold_5	1198888	1248888
Aspergillus_fumigatus_AF100-12_13	22	21	1	0	scaffold_3	852034	902034
Aspergillus_fumigatus_AF100-12_13	22	19	3	0	scaffold_1	3204258	3254258
Aspergillus_fumigatus_AF100-12_13	18	18	0	0	scaffold_6	1881499	1931499
Aspergillus_fumigatus_AF100-12_13	5	5	0	0	scaffold_1	1772971	1822971
Aspergillus_fumigatus_AF100-12_13	20	20	0	0	scaffold_2	699792	749792
Aspergillus_fumigatus_AF100-12_13	20	18	2	0	scaffold_2	924517	974517
Aspergillus_fumigatus_AF100-12_13	7	7	0	0	scaffold_6	891666	941666
Aspergillus_fumigatus_AF100-12_13	16	16	0	0	scaffold_6	3126403	3176403
Aspergillus_fumigatus_AF100-12_13	20	18	2	0	scaffold_2	2013173	2063173
Aspergillus_fumigatus_AF100-12_13	18	16	2	0	scaffold_8	423707	473707
Aspergillus_fumigatus_AF100-12_13	26	24	2	0	scaffold_1	4592652	4642652
Aspergillus_fumigatus_AF100-12_13	15	15	0	0	scaffold_2	3684213	3734213
Aspergillus_fumigatus_AF100-12_13	13	12	1	0	scaffold_4	1917173	1967173
Aspergillus_fumigatus_AF100-12_13	17	16	1	0	scaffold_2	2556174	2606174
Aspergillus_fumigatus_AF100-12_13	15	15	0	0	scaffold_4	722718	772718
Aspergillus_fumigatus_AF100-12_13	20	16	4	0	scaffold_8	438645	488645
Aspergillus_fumigatus_AF100-12_13	13	11	2	0	scaffold_2	3067775	3117775
Aspergillus_fumigatus_AF100-12_13	23	21	2	0	scaffold_1	4703226	4753226
Aspergillus_fumigatus_AF100-12_13	4	3	1	0	scaffold_8	1303406	1353406
Aspergillus_fumigatus_AF100-12_13	16	16	0	0	scaffold_8	986516	1036516
Aspergillus_fumigatus_AF100-12_13	13	10	3	0	scaffold_5	2183453	2233453
Aspergillus_fumigatus_AF100-12_13	17	16	1	0	scaffold_2	511334	561334
Aspergillus_fumigatus_AF100-12_13	22	21	1	0	scaffold_1	405836	455836
Aspergillus_fumigatus_AF100-12_13	20	18	2	0	scaffold_3	3018064	3068064
Aspergillus_fumigatus_AF100-12_13	26	21	5	0	scaffold_7	1461098	1511098
Aspergillus_fumigatus_AF100-12_13	15	14	1	0	scaffold_7	412759	462759
Aspergillus_fumigatus_AF100-12_13	19	17	2	0	scaffold_1	3247519	3297519
Aspergillus_fumigatus_AF100-12_13	19	17	2	0	scaffold_3	3187192	3237192
Aspergillus_fumigatus_AF100-12_13	18	18	0	0	scaffold_5	3170454	3220454
Aspergillus_fumigatus_AF100-12_13	22	14	8	0	scaffold_8	225834	275834
Aspergillus_fumigatus_AF100-12_13	18	17	1	0	scaffold_5	1234061	1284061
Aspergillus_fumigatus_AF100-12_13	19	19	0	0	scaffold_1	2267672	2317672
Aspergillus_fumigatus_AF100-12_13	19	18	1	0	scaffold_3	176788	226788
Aspergillus_fumigatus_AF100-12_13	17	15	2	0	scaffold_4	3449194	3499194
Aspergillus_fumigatus_AF100-12_13	17	15	2	0	scaffold_2	1324728	1374728
Aspergillus_fumigatus_AF100-12_13	22	20	2	0	scaffold_2	234737	284737
Aspergillus_fumigatus_AF100-12_13	16	15	1	0	scaffold_6	2561769	2611769
Aspergillus_fumigatus_AF100-12_13	17	15	2	0	scaffold_3	1342577	1392577
Aspergillus_fumigatus_AF100-12_13	10	9	1	0	scaffold_7	828862	878862
Aspergillus_fumigatus_AF100-12_13	24	21	3	0	scaffold_7	184245	234245
Aspergillus_fumigatus_AF100-12_13	19	18	1	0	scaffold_1	1288397	1338397
Aspergillus_fumigatus_AF100-12_13	18	17	1	0	scaffold_2	1309479	1359479
Aspergillus_fumigatus_AF100-12_13	15	12	3	0	scaffold_7	1567571	1617571
Aspergillus_fumigatus_AF100-12_13	24	23	1	0	scaffold_3	119033	169033
Aspergillus_fumigatus_AF100-12_13	18	11	7	0	scaffold_1	4181144	4231144
Aspergillus_fumigatus_AF100-12_13	19	19	0	0	scaffold_1	1451043	1501043
Aspergillus_fumigatus_AF100-12_13	18	15	3	0	scaffold_2	3303531	3353531
Aspergillus_fumigatus_AF100-12_13	10	9	1	0	scaffold_5	141313	191313
Aspergillus_fumigatus_AF100-12_13	21	21	0	0	scaffold_6	2908272	2958272
Aspergillus_fumigatus_AF100-12_13	21	19	2	0	scaffold_1	2612800	2662800
Aspergillus_fumigatus_AF100-12_13	15	15	0	0	scaffold_3	1556888	1606888
Aspergillus_fumigatus_AF100-12_13	12	12	0	0	scaffold_5	975129	1025129
Aspergillus_fumigatus_AF100-12_13	27	22	5	0	scaffold_2	1246298	1296298
Aspergillus_fumigatus_AF100-12_13	21	19	2	0	scaffold_1	3755406	3805406
Aspergillus_fumigatus_AF100-12_13	21	17	4	0	scaffold_1	3118769	3168769
Aspergillus_fumigatus_AF100-12_13	19	17	2	0	scaffold_4	2368375	2418375
Aspergillus_fumigatus_AF100-12_13	14	13	1	0	scaffold_4	3428641	3478641
Aspergillus_fumigatus_AF100-12_13	26	20	6	0	scaffold_4	180711	230711
Aspergillus_fumigatus_AF100-12_13	24	18	6	0	scaffold_8	1186923	1236923
Aspergillus_fumigatus_AF100-12_13	21	17	4	0	scaffold_5	2497816	2547816
Aspergillus_fumigatus_AF100-12_13	19	17	2	0	scaffold_6	1986972	2036972
Aspergillus_fumigatus_AF100-12_13	18	13	5	0	scaffold_4	2317	52317
Aspergillus_fumigatus_AF100-12_13	17	17	0	0	scaffold_3	155794	205794
Aspergillus_fumigatus_AF100-12_13	4	4	0	0	scaffold_8	707427	757427
Aspergillus_fumigatus_AF100-12_13	23	19	4	0	scaffold_4	2450287	2500287
Aspergillus_fumigatus_AF100-12_13	19	0	19	0	scaffold_1	4238670	4288670
Aspergillus_fumigatus_AF100-12_13	18	16	2	0	scaffold_1	2793926	2843926
Aspergillus_fumigatus_AF100-12_13	17	17	0	0	scaffold_3	2902852	2952852
Aspergillus_fumigatus_AF100-12_13	11	11	0	0	scaffold_2	2383386	2433386
Aspergillus_fumigatus_AF100-12_13	21	19	2	0	scaffold_2	2102771	2152771
Aspergillus_fumigatus_AF100-12_13	18	17	1	0	scaffold_1	430382	480382
Aspergillus_fumigatus_AF100-12_13	23	23	0	0	scaffold_8	1493809	1543809
Aspergillus_fumigatus_AF100-12_13	13	12	1	0	scaffold_1	1189496	1239496
Aspergillus_fumigatus_AF100-12_13	14	13	1	0	scaffold_1	1197411	1247411
Aspergillus_fumigatus_AF100-12_13	18	15	3	0	scaffold_5	2734151	2784151
Aspergillus_fumigatus_AF100-12_13	20	20	0	0	scaffold_5	3187515	3237515
Aspergillus_fumigatus_AF100-12_13	17	16	1	0	scaffold_1	2875516	2925516
Aspergillus_fumigatus_AF100-12_13	23	18	5	0	scaffold_6	73842	123842
Aspergillus_fumigatus_AF100-12_13	21	19	2	0	scaffold_1	2526297	2576297
Aspergillus_fumigatus_AF100-12_13	18	17	1	0	scaffold_3	3192294	3242294
Aspergillus_fumigatus_AF100-12_13	21	19	2	0	scaffold_6	3256650	3306650
Aspergillus_fumigatus_AF100-12_13	23	20	2	1	scaffold_4	485658	535658
Aspergillus_fumigatus_AF100-12_13	15	13	2	0	scaffold_7	433140	483140
Aspergillus_fumigatus_AF100-12_13	12	11	1	0	scaffold_8	1340932	1390932
Aspergillus_fumigatus_AF100-12_13	12	5	7	0	scaffold_5	2202139	2252139
Aspergillus_fumigatus_AF100-12_13	17	17	0	0	scaffold_5	1161635	1211635
Aspergillus_fumigatus_AF100-12_13	17	15	2	0	scaffold_7	321967	371967
Aspergillus_fumigatus_AF100-12_13	20	20	0	0	scaffold_5	3234819	3284819
Aspergillus_fumigatus_AF100-12_13	18	15	3	0	scaffold_2	3091452	3141452
Aspergillus_fumigatus_AF100-12_13	15	14	1	0	scaffold_5	3695576	3745576
Aspergillus_fumigatus_AF100-12_13	20	17	3	0	scaffold_3	1373634	1423634
Aspergillus_fumigatus_AF100-12_13	12	11	1	0	scaffold_2	4415864	4465864
Aspergillus_fumigatus_AF100-12_13	14	11	3	0	scaffold_2	1177282	1227282
Aspergillus_fumigatus_AF100-12_13	12	10	2	0	scaffold_8	1278576	1328576
Aspergillus_fumigatus_AF100-12_13	17	13	4	0	scaffold_1	4075739	4125739
Aspergillus_fumigatus_AF100-12_13	13	13	0	0	scaffold_2	3782541	3832541
Aspergillus_fumigatus_AF100-12_13	15	15	0	0	scaffold_8	666902	716902
Aspergillus_fumigatus_AF100-12_13	16	14	2	0	scaffold_2	3012617	3062617
Aspergillus_fumigatus_AF100-12_13	17	14	3	0	scaffold_1	3672536	3722536
Aspergillus_fumigatus_AF100-12_13	22	20	2	0	scaffold_1	2939635	2989635
Aspergillus_fumigatus_AF100-12_13	18	16	2	0	scaffold_6	509132	559132
Aspergillus_fumigatus_AF100-12_13	18	17	1	0	scaffold_4	2719075	2769075
Aspergillus_fumigatus_AF100-12_13	20	20	0	0	scaffold_1	652128	702128
Aspergillus_fumigatus_AF100-12_13	16	16	0	0	scaffold_1	906398	956398
Aspergillus_fumigatus_AF100-12_13	19	17	2	0	scaffold_2	2805296	2855296
Aspergillus_fumigatus_AF100-12_13	21	20	1	0	scaffold_3	878632	928632
Aspergillus_fumigatus_AF100-12_13	20	17	3	0	scaffold_4	1368206	1418206
Aspergillus_fumigatus_AF100-12_13	21	19	2	0	scaffold_3	503193	553193
Aspergillus_fumigatus_AF100-12_13	21	19	2	0	scaffold_4	1220000	1270000
Aspergillus_fumigatus_AF100-12_13	19	18	1	0	scaffold_1	803077	853077
Aspergillus_fumigatus_AF100-12_13	17	17	0	0	scaffold_3	1668500	1718500
Aspergillus_fumigatus_AF100-12_13	16	15	1	0	scaffold_2	2454559	2504559
Aspergillus_fumigatus_AF100-12_13	20	16	4	0	scaffold_3	1806116	1856116
Aspergillus_fumigatus_AF100-12_13	15	2	13	0	scaffold_3	631823	681823
Aspergillus_fumigatus_AF100-12_13	17	16	1	0	scaffold_7	85107	135107
Aspergillus_fumigatus_AF100-12_13	25	20	5	0	scaffold_6	465963	515963
Aspergillus_fumigatus_AF100-12_13	16	15	1	0	scaffold_6	3289034	3339034
Aspergillus_fumigatus_AF100-12_13	24	24	0	0	scaffold_6	2878366	2928366
Aspergillus_fumigatus_AF100-12_13	26	18	8	0	scaffold_1	79731	129731
Aspergillus_fumigatus_AF100-12_13	19	18	1	0	scaffold_5	3580610	3630610
Aspergillus_fumigatus_AF100-12_13	18	18	0	0	scaffold_5	1075590	1125590
Aspergillus_fumigatus_AF100-12_13	18	15	3	0	scaffold_4	1389982	1439982
Aspergillus_fumigatus_AF100-12_13	20	15	5	0	scaffold_3	3543409	3593409
Aspergillus_fumigatus_AF100-12_13	20	20	0	0	scaffold_6	2942567	2992567
Aspergillus_fumigatus_AF100-12_13	14	14	0	0	scaffold_2	1081954	1131954
Aspergillus_fumigatus_AF100-12_13	24	21	2	1	scaffold_5	1579172	1629172
Aspergillus_fumigatus_AF100-12_13	17	15	2	0	scaffold_8	421942	471942
Aspergillus_fumigatus_AF100-12_13	13	9	4	0	scaffold_1	3428227	3478227
Aspergillus_fumigatus_AF100-12_13	22	21	1	0	scaffold_6	647916	697916
Aspergillus_fumigatus_AF100-12_13	21	17	4	0	scaffold_2	462420	512420
Aspergillus_fumigatus_AF100-12_13	24	19	5	0	scaffold_4	3679517	3729517
Aspergillus_fumigatus_AF100-12_13	13	12	1	0	scaffold_3	3639457	3689457
Aspergillus_fumigatus_AF100-12_13	17	17	0	0	scaffold_2	4095838	4145838
Aspergillus_fumigatus_AF100-12_13	5	3	2	0	scaffold_6	3415791	3465791
Aspergillus_fumigatus_AF100-12_13	21	20	1	0	scaffold_4	921578	971578
Aspergillus_fumigatus_AF100-12_13	21	17	4	0	scaffold_1	3163837	3213837
Aspergillus_fumigatus_AF100-12_13	20	18	2	0	scaffold_2	1399263	1449263
Aspergillus_fumigatus_AF100-12_13	16	14	2	0	scaffold_3	2283390	2333390
Aspergillus_fumigatus_AF100-12_13	21	19	2	0	scaffold_6	3259692	3309692
Aspergillus_fumigatus_AF100-12_13	19	18	1	0	scaffold_6	3100701	3150701
Aspergillus_fumigatus_AF100-12_13	28	19	9	0	scaffold_1	92380	142380
Aspergillus_fumigatus_AF100-12_13	16	15	1	0	scaffold_6	2563038	2613038
Aspergillus_fumigatus_AF100-12_13	23	21	2	0	scaffold_1	3307448	3357448
Aspergillus_fumigatus_AF100-12_13	24	20	4	0	scaffold_7	112188	162188
Aspergillus_fumigatus_AF100-12_13	20	19	1	0	scaffold_4	3161176	3211176
Aspergillus_fumigatus_AF100-12_13	18	17	1	0	scaffold_6	1569606	1619606
Aspergillus_fumigatus_AF100-12_13	20	17	2	1	scaffold_4	477924	527924
Aspergillus_fumigatus_AF100-12_13	19	18	1	0	scaffold_1	2235893	2285893
Aspergillus_fumigatus_AF100-12_13	21	18	3	0	scaffold_3	461040	511040
Aspergillus_fumigatus_AF100-12_13	14	14	0	0	scaffold_1	443064	493064
Aspergillus_fumigatus_AF100-12_13	24	22	2	0	scaffold_1	2770314	2820314
Aspergillus_fumigatus_AF100-12_13	21	18	3	0	scaffold_8	1532474	1582474
Aspergillus_fumigatus_AF100-12_13	8	8	0	0	scaffold_8	599666	649666
Aspergillus_fumigatus_AF100-12_13	21	21	0	0	scaffold_5	3189497	3239497
Aspergillus_fumigatus_AF100-12_13	18	17	1	0	scaffold_4	2396096	2446096
Aspergillus_fumigatus_AF100-12_13	13	12	1	0	scaffold_8	1375811	1425811
Aspergillus_fumigatus_AF100-12_13	23	22	1	0	scaffold_4	3125609	3175609
Aspergillus_fumigatus_AF100-12_13	20	20	0	0	scaffold_4	2087933	2137933
Aspergillus_fumigatus_AF100-12_13	18	17	1	0	scaffold_1	759746	809746
Aspergillus_fumigatus_AF100-12_13	19	18	1	0	scaffold_2	1690982	1740982
Aspergillus_fumigatus_AF100-12_13	19	18	1	0	scaffold_7	1649693	1699693
Aspergillus_fumigatus_AF100-12_13	24	23	1	0	scaffold_2	4056521	4106521
Aspergillus_fumigatus_AF100-12_13	23	22	1	0	scaffold_3	3755428	3805428
Aspergillus_fumigatus_AF100-12_13	21	17	4	0	scaffold_3	3517085	3567085
Aspergillus_fumigatus_AF100-12_13	20	17	3	0	scaffold_4	3708013	3758013
Aspergillus_fumigatus_AF100-12_13	4	3	1	0	scaffold_1	2992617	3042617
Aspergillus_fumigatus_AF100-12_13	16	15	1	0	scaffold_6	1676823	1726823
Aspergillus_fumigatus_AF100-12_13	20	19	1	0	scaffold_3	1530139	1580139
Aspergillus_fumigatus_AF100-12_13	24	19	5	0	scaffold_6	467769	517769
Aspergillus_fumigatus_AF100-12_13	18	16	2	0	scaffold_1	1313849	1363849
Aspergillus_fumigatus_AF100-12_13	19	17	2	0	scaffold_3	2464366	2514366
Aspergillus_fumigatus_AF100-12_13	20	19	1	0	scaffold_4	115653	165653
Aspergillus_fumigatus_AF100-12_13	13	10	3	0	scaffold_3	3614522	3664522
Aspergillus_fumigatus_AF100-12_13	12	12	0	0	scaffold_6	2779211	2829211
Aspergillus_fumigatus_AF100-12_13	18	17	1	0	scaffold_7	971761	1021761
Aspergillus_fumigatus_AF100-12_13	20	19	1	0	scaffold_3	371940	421940
Aspergillus_fumigatus_AF100-12_13	16	15	1	0	scaffold_1	2867555	2917555
Aspergillus_fumigatus_AF100-12_13	26	20	6	0	scaffold_4	180155	230155
Aspergillus_fumigatus_AF100-12_13	20	19	1	0	scaffold_5	1411740	1461740
Aspergillus_fumigatus_AF100-12_13	17	17	0	0	scaffold_4	1658803	1708803
Aspergillus_fumigatus_AF100-12_13	19	15	4	0	scaffold_2	4396796	4446796
Aspergillus_fumigatus_AF100-12_13	9	8	1	0	scaffold_1	1676044	1726044
Aspergillus_fumigatus_AF100-12_13	20	18	2	0	scaffold_2	3964735	4014735
Aspergillus_fumigatus_AF100-12_13	21	20	1	0	scaffold_2	2274195	2324195
Aspergillus_fumigatus_AF100-12_13	24	21	3	0	scaffold_5	407011	457011
Aspergillus_fumigatus_AF100-12_13	17	16	1	0	scaffold_5	1003600	1053600
Aspergillus_fumigatus_AF100-12_13	22	20	2	0	scaffold_2	3259449	3309449
Aspergillus_fumigatus_AF100-12_13	19	15	4	0	scaffold_6	89065	139065
Aspergillus_fumigatus_AF100-12_13	16	13	3	0	scaffold_8	389982	439982
Aspergillus_fumigatus_AF100-12_13	12	10	2	0	scaffold_3	3579876	3629876
Aspergillus_fumigatus_AF100-12_13	21	20	1	0	scaffold_2	2090465	2140465
Aspergillus_fumigatus_AF100-12_13	19	18	1	0	scaffold_3	1495452	1545452
Aspergillus_fumigatus_AF100-12_13	21	20	1	0	scaffold_6	1831314	1881314
Aspergillus_fumigatus_AF100-12_13	16	15	1	0	scaffold_6	3168325	3218325
Aspergillus_fumigatus_AF100-12_13	16	15	1	0	scaffold_8	1030937	1080937
Aspergillus_fumigatus_AF100-12_13	17	17	0	0	scaffold_5	3265446	3315446
Aspergillus_fumigatus_AF100-12_13	18	0	18	0	scaffold_1	4306995	4356995
Aspergillus_fumigatus_AF100-12_13	18	18	0	0	scaffold_3	3096837	3146837
Aspergillus_fumigatus_AF100-12_13	16	7	9	0	scaffold_7	241926	291926
Aspergillus_fumigatus_AF100-12_13	22	21	1	0	scaffold_1	2140732	2190732
Aspergillus_fumigatus_AF100-12_13	16	15	1	0	scaffold_5	3349218	3399218
Aspergillus_fumigatus_AF100-12_13	19	19	0	0	scaffold_8	1441467	1491467
Aspergillus_fumigatus_AF100-12_13	19	16	3	0	scaffold_8	1076103	1126103
Aspergillus_fumigatus_AF100-12_13	20	17	3	0	scaffold_2	1894251	1944251
Aspergillus_fumigatus_AF100-12_13	16	15	1	0	scaffold_2	2460879	2510879
Aspergillus_fumigatus_AF100-12_13	17	12	5	0	scaffold_4	3295790	3345790
Aspergillus_fumigatus_AF100-12_13	18	15	3	0	scaffold_2	3199026	3249026
Aspergillus_fumigatus_AF100-12_13	24	20	4	0	scaffold_4	48240	98240
Aspergillus_fumigatus_AF100-12_13	24	23	1	0	scaffold_5	2598741	2648741
Aspergillus_fumigatus_AF100-12_13	15	10	5	0	scaffold_7	578367	628367
Aspergillus_fumigatus_AF100-12_13	19	18	1	0	scaffold_1	757893	807893
Aspergillus_fumigatus_AF100-12_13	18	15	3	0	scaffold_6	2349783	2399783
Aspergillus_fumigatus_AF100-12_13	14	12	2	0	scaffold_7	614597	664597
Aspergillus_fumigatus_AF100-12_13	16	14	2	0	scaffold_2	625200	675200
Aspergillus_fumigatus_AF100-12_13	18	17	1	0	scaffold_5	1005084	1055084
Aspergillus_fumigatus_AF100-12_13	14	14	0	0	scaffold_1	2698899	2748899
Aspergillus_fumigatus_AF100-12_13	13	13	0	0	scaffold_1	2712945	2762945
Aspergillus_fumigatus_AF100-12_13	17	16	1	0	scaffold_2	3599340	3649340
Aspergillus_fumigatus_AF100-12_13	21	20	1	0	scaffold_3	1037224	1087224
Aspergillus_fumigatus_AF100-12_13	23	22	1	0	scaffold_1	134294	184294
Aspergillus_fumigatus_AF100-12_13	16	15	1	0	scaffold_3	1071122	1121122
Aspergillus_fumigatus_AF100-12_13	20	17	3	0	scaffold_8	1549148	1599148
Aspergillus_fumigatus_AF100-12_13	17	16	1	0	scaffold_5	2169713	2219713
Aspergillus_fumigatus_AF100-12_13	17	0	17	0	scaffold_1	4289721	4339721
Aspergillus_fumigatus_AF100-12_13	18	17	1	0	scaffold_6	3176856	3226856
Aspergillus_fumigatus_AF100-12_13	20	19	1	0	scaffold_3	1038381	1088381
Aspergillus_fumigatus_AF100-12_13	17	16	1	0	scaffold_2	2565872	2615872
Aspergillus_fumigatus_AF100-12_13	16	15	1	0	scaffold_4	3424032	3474032
Aspergillus_fumigatus_AF100-12_13	18	16	2	0	scaffold_4	1401121	1451121
Aspergillus_fumigatus_AF100-12_13	24	18	6	0	scaffold_7	1447603	1497603
Aspergillus_fumigatus_AF100-12_13	18	18	0	0	scaffold_1	2092983	2142983
Aspergillus_fumigatus_AF100-12_13	16	9	7	0	scaffold_5	2857727	2907727
Aspergillus_fumigatus_AF100-12_13	22	21	1	0	scaffold_1	32830	82830
Aspergillus_fumigatus_AF100-12_13	21	17	4	0	scaffold_3	50670	100670
Aspergillus_fumigatus_AF100-12_13	16	16	0	0	scaffold_2	3663188	3713188
Aspergillus_fumigatus_AF100-12_13	25	19	6	0	scaffold_5	2327138	2377138
Aspergillus_fumigatus_AF100-12_13	21	19	2	0	scaffold_8	1214973	1264973
Aspergillus_fumigatus_AF100-12_13	19	16	3	0	scaffold_6	2355846	2405846
Aspergillus_fumigatus_AF100-12_13	18	18	0	0	scaffold_4	2998509	3048509
Aspergillus_fumigatus_AF100-12_13	13	13	0	0	scaffold_6	905676	955676
Aspergillus_fumigatus_AF100-12_13	15	12	3	0	scaffold_1	3360138	3410138
Aspergillus_fumigatus_AF100-12_13	17	17	0	0	scaffold_2	782536	832536
Aspergillus_fumigatus_AF100-12_13	9	7	2	0	scaffold_1	2980849	3030849
Aspergillus_fumigatus_AF100-12_13	21	16	5	0	scaffold_1	3122319	3172319
Aspergillus_fumigatus_AF100-12_13	22	19	3	0	scaffold_5	3508762	3558762
Aspergillus_fumigatus_AF100-12_13	18	18	0	0	scaffold_4	2264850	2314850
Aspergillus_fumigatus_AF100-12_13	19	18	1	0	scaffold_5	596739	646739
Aspergillus_fumigatus_AF100-12_13	20	19	1	0	scaffold_4	2730142	2780142
Aspergillus_fumigatus_AF100-12_13	19	18	1	0	scaffold_6	1169078	1219078
Aspergillus_fumigatus_AF100-12_13	19	17	2	0	scaffold_2	1476383	1526383
Aspergillus_fumigatus_AF100-12_13	15	15	0	0	scaffold_4	3189165	3239165
Aspergillus_fumigatus_AF100-12_13	22	18	4	0	scaffold_2	4181346	4231346
Aspergillus_fumigatus_AF100-12_13	18	18	0	0	scaffold_1	1255971	1305971
Aspergillus_fumigatus_AF100-12_13	20	19	1	0	scaffold_2	1834501	1884501
Aspergillus_fumigatus_AF100-12_13	18	16	2	0	scaffold_6	832097	882097
Aspergillus_fumigatus_AF100-12_13	19	1	18	0	scaffold_5	2251430	2301430
Aspergillus_fumigatus_AF100-12_13	2	2	0	0	scaffold_5	1953794	2003794
Aspergillus_fumigatus_AF100-12_13	19	17	2	0	scaffold_1	4570121	4620121
Aspergillus_fumigatus_AF100-12_13	11	11	0	0	scaffold_6	1358588	1408588
Aspergillus_fumigatus_AF100-12_13	25	23	2	0	scaffold_5	2120876	2170876
Aspergillus_fumigatus_AF100-12_13	23	21	2	0	scaffold_6	1619404	1669404
Aspergillus_fumigatus_AF100-12_13	23	22	1	0	scaffold_4	3124056	3174056
Aspergillus_fumigatus_AF100-12_13	18	17	1	0	scaffold_3	1307619	1357619
Aspergillus_fumigatus_AF100-12_13	17	17	0	0	scaffold_6	1251547	1301547
Aspergillus_fumigatus_AF100-12_13	18	18	0	0	scaffold_4	2764740	2814740
Aspergillus_fumigatus_AF100-12_13	17	17	0	0	scaffold_5	3219349	3269349
Aspergillus_fumigatus_AF100-12_13	23	18	5	0	scaffold_1	3863799	3913799
Aspergillus_fumigatus_AF100-12_13	15	13	2	0	scaffold_1	1900019	1950019
Aspergillus_fumigatus_AF100-12_13	23	18	5	0	scaffold_4	3675378	3725378
Aspergillus_fumigatus_AF100-12_13	20	18	1	1	scaffold_2	3823160	3873160
Aspergillus_fumigatus_AF100-12_13	17	16	1	0	scaffold_2	1460502	1510502
Aspergillus_fumigatus_AF100-12_13	19	19	0	0	scaffold_6	1278234	1328234
Aspergillus_fumigatus_AF100-12_13	26	23	3	0	scaffold_1	4680489	4730489
Aspergillus_fumigatus_AF100-12_13	19	18	1	0	scaffold_4	253424	303424
Aspergillus_fumigatus_AF100-12_13	25	19	6	0	scaffold_1	103466	153466
Aspergillus_fumigatus_AF100-12_13	26	20	6	0	scaffold_7	1444343	1494343
Aspergillus_fumigatus_AF100-12_13	21	19	2	0	scaffold_5	2652651	2702651
Aspergillus_fumigatus_AF100-12_13	23	22	1	0	scaffold_5	2600181	2650181
Aspergillus_fumigatus_AF100-12_13	15	15	0	0	scaffold_2	743036	793036
Aspergillus_fumigatus_AF100-12_13	20	20	0	0	scaffold_4	532475	582475
Aspergillus_fumigatus_AF100-12_13	22	18	4	0	scaffold_6	448494	498494
Aspergillus_fumigatus_AF100-12_13	15	15	0	0	scaffold_4	1310136	1360136
Aspergillus_fumigatus_AF100-12_13	16	12	4	0	scaffold_5	2988882	3038882
Aspergillus_fumigatus_AF100-12_13	14	13	1	0	scaffold_6	1239913	1289913
Aspergillus_fumigatus_AF100-12_13	16	16	0	0	scaffold_4	1032453	1082453
Aspergillus_fumigatus_AF100-12_13	15	13	2	0	scaffold_2	4352537	4402537
Aspergillus_fumigatus_AF100-12_13	20	20	0	0	scaffold_5	620559	670559
Aspergillus_fumigatus_AF100-12_13	12	12	0	0	scaffold_5	3011945	3061945
Aspergillus_fumigatus_AF100-12_13	11	9	2	0	scaffold_5	1934869	1984869
Aspergillus_fumigatus_AF100-12_13	18	15	3	0	scaffold_3	1841125	1891125
Aspergillus_fumigatus_AF100-12_13	17	15	2	0	scaffold_5	1653264	1703264
Aspergillus_fumigatus_AF100-12_13	17	16	1	0	scaffold_5	2527195	2577195
Aspergillus_fumigatus_AF100-12_13	17	12	5	0	scaffold_3	3552927	3602927
Aspergillus_fumigatus_AF100-12_13	18	16	2	0	scaffold_8	1264046	1314046
Aspergillus_fumigatus_AF100-12_13	18	14	4	0	scaffold_1	4074875	4124875
Aspergillus_fumigatus_AF100-12_13	22	20	2	0	scaffold_5	778713	828713
Aspergillus_fumigatus_AF100-12_13	20	18	2	0	scaffold_5	2642430	2692430
Aspergillus_fumigatus_AF100-12_13	14	14	0	0	scaffold_1	2700408	2750408
Aspergillus_fumigatus_AF100-12_13	19	15	4	0	scaffold_1	3150754	3200754
Aspergillus_fumigatus_AF100-12_13	18	18	0	0	scaffold_5	3152824	3202824
Aspergillus_fumigatus_AF100-12_13	17	16	1	0	scaffold_5	1254446	1304446
Aspergillus_fumigatus_AF100-12_13	19	18	1	0	scaffold_4	236977	286977
Aspergillus_fumigatus_AF100-12_13	16	16	0	0	scaffold_1	355618	405618
Aspergillus_fumigatus_AF100-12_13	19	18	1	0	scaffold_3	3033357	3083357
Aspergillus_fumigatus_AF100-12_13	21	20	1	0	scaffold_3	1868367	1918367
Aspergillus_fumigatus_AF100-12_13	23	22	1	0	scaffold_3	842847	892847
Aspergillus_fumigatus_AF100-12_13	17	16	1	0	scaffold_5	3386864	3436864
Aspergillus_fumigatus_AF100-12_13	22	20	2	0	scaffold_4	1244281	1294281
Aspergillus_fumigatus_AF100-12_13	21	19	2	0	scaffold_4	2462966	2512966
Aspergillus_fumigatus_AF100-12_13	19	19	0	0	scaffold_3	531359	581359
Aspergillus_fumigatus_AF100-12_13	18	16	2	0	scaffold_1	4135690	4185690
Aspergillus_fumigatus_AF100-12_13	18	17	1	0	scaffold_3	1418025	1468025
Aspergillus_fumigatus_AF100-12_13	24	22	2	0	scaffold_2	3995626	4045626
Aspergillus_fumigatus_AF100-12_13	24	23	1	0	scaffold_3	408803	458803
Aspergillus_fumigatus_AF100-12_13	25	20	5	0	scaffold_5	675074	725074
Aspergillus_fumigatus_AF100-12_13	18	17	1	0	scaffold_4	2717119	2767119
Aspergillus_fumigatus_AF100-12_13	15	10	5	0	scaffold_7	576248	626248
Aspergillus_fumigatus_AF100-12_13	20	20	0	0	scaffold_1	1451789	1501789
Aspergillus_fumigatus_AF100-12_13	17	15	2	0	scaffold_6	3239515	3289515
Aspergillus_fumigatus_AF100-12_13	21	20	1	0	scaffold_4	498220	548220
Aspergillus_fumigatus_AF100-12_13	23	19	4	0	scaffold_6	473666	523666
Aspergillus_fumigatus_AF100-12_13	19	17	2	0	scaffold_5	3441970	3491970
Aspergillus_fumigatus_AF100-12_13	20	18	2	0	scaffold_6	371541	421541
Aspergillus_fumigatus_AF100-12_13	20	18	2	0	scaffold_7	306765	356765
Aspergillus_fumigatus_AF100-12_13	20	18	1	1	scaffold_6	3067215	3117215
Aspergillus_fumigatus_AF100-12_13	24	22	2	0	scaffold_1	3304833	3354833
Aspergillus_fumigatus_AF100-12_13	13	11	2	0	scaffold_3	3642612	3692612
Aspergillus_fumigatus_AF100-12_13	20	17	3	0	scaffold_3	318877	368877
Aspergillus_fumigatus_AF100-12_13	15	10	5	0	scaffold_6	2428067	2478067
Aspergillus_fumigatus_AF100-12_13	22	20	2	0	scaffold_1	2416551	2466551
Aspergillus_fumigatus_AF100-12_13	19	19	0	0	scaffold_2	1298431	1348431
Aspergillus_fumigatus_AF100-12_13	19	17	2	0	scaffold_3	1394973	1444973
Aspergillus_fumigatus_AF100-12_13	20	18	2	0	scaffold_4	1813314	1863314
Aspergillus_fumigatus_AF100-12_13	15	10	5	0	scaffold_7	577041	627041
Aspergillus_fumigatus_AF100-12_13	20	18	2	0	scaffold_6	123446	173446
Aspergillus_fumigatus_AF100-12_13	18	18	0	0	scaffold_4	2768883	2818883
Aspergillus_fumigatus_AF100-12_13	15	15	0	0	scaffold_2	735699	785699
Aspergillus_fumigatus_AF100-12_13	17	13	4	0	scaffold_1	4076939	4126939
Aspergillus_fumigatus_AF100-12_13	16	14	2	0	scaffold_1	3410616	3460616
Aspergillus_fumigatus_AF100-12_13	20	19	1	0	scaffold_4	494929	544929
Aspergillus_fumigatus_AF100-12_13	18	18	0	0	scaffold_3	1738620	1788620
Aspergillus_fumigatus_AF100-12_13	16	15	1	0	scaffold_4	1339124	1389124
Aspergillus_fumigatus_AF100-12_13	20	17	3	0	scaffold_4	3634110	3684110
Aspergillus_fumigatus_AF100-12_13	3	3	0	0	scaffold_1	1562937	1612937
Aspergillus_fumigatus_AF100-12_13	17	15	2	0	scaffold_6	605919	655919
Aspergillus_fumigatus_AF100-12_13	17	16	1	0	scaffold_2	564304	614304
Aspergillus_fumigatus_AF100-12_13	15	13	2	0	scaffold_4	3455431	3505431
Aspergillus_fumigatus_AF100-12_13	16	15	1	0	scaffold_3	963614	1013614
Aspergillus_fumigatus_AF100-12_13	22	19	3	0	scaffold_8	128306	178306
Aspergillus_fumigatus_AF100-12_13	27	19	8	0	scaffold_5	24736	74736
Aspergillus_fumigatus_AF100-12_13	19	18	1	0	scaffold_3	2432820	2482820
Aspergillus_fumigatus_AF100-12_13	18	17	1	0	scaffold_3	2539749	2589749
Aspergillus_fumigatus_AF100-12_13	16	16	0	0	scaffold_5	2080317	2130317
Aspergillus_fumigatus_AF100-12_13	8	8	0	0	scaffold_1	934271	984271
Aspergillus_fumigatus_AF100-12_13	19	18	1	0	scaffold_5	2827551	2877551
Aspergillus_fumigatus_AF100-12_13	14	14	0	0	scaffold_6	1327304	1377304
Aspergillus_fumigatus_AF100-12_13	18	18	0	0	scaffold_1	646194	696194
Aspergillus_fumigatus_AF100-12_13	21	20	1	0	scaffold_7	1145280	1195280
Aspergillus_fumigatus_AF100-12_13	18	18	0	0	scaffold_1	2267093	2317093
Aspergillus_fumigatus_AF100-12_13	10	9	1	0	scaffold_4	2141867	2191867
Aspergillus_fumigatus_AF100-12_13	17	16	1	0	scaffold_3	1856750	1906750
Aspergillus_fumigatus_AF100-12_13	20	18	2	0	scaffold_8	927913	977913
Aspergillus_fumigatus_AF100-12_13	13	13	0	0	scaffold_1	2475468	2525468
Aspergillus_fumigatus_AF100-12_13	12	3	9	0	scaffold_5	2211417	2261417
Aspergillus_fumigatus_AF100-12_13	0	0	0	0	scaffold_4	3840376	3890376
Aspergillus_fumigatus_AF100-12_13	22	19	3	0	scaffold_2	4196035	4246035
Aspergillus_fumigatus_AF100-12_13	19	16	3	0	scaffold_7	1188936	1238936
Aspergillus_fumigatus_AF100-12_13	20	18	2	0	scaffold_3	2017713	2067713
Aspergillus_fumigatus_AF100-12_13	14	11	3	0	scaffold_3	3616300	3666300
Aspergillus_fumigatus_AF100-12_13	25	23	2	0	scaffold_2	223550	273550
Aspergillus_fumigatus_AF100-12_13	13	12	1	0	scaffold_1	1392661	1442661
Aspergillus_fumigatus_AF100-12_13	18	16	2	0	scaffold_4	2822255	2872255
Aspergillus_fumigatus_AF100-12_13	15	13	2	0	scaffold_6	2314158	2364158
Aspergillus_fumigatus_AF100-12_13	17	13	4	0	scaffold_1	3852326	3902326
Aspergillus_fumigatus_AF100-12_13	26	20	6	0	scaffold_4	178120	228120
Aspergillus_fumigatus_AF100-12_13	13	11	2	0	scaffold_4	2932556	2982556
Aspergillus_fumigatus_AF100-12_13	21	18	3	0	scaffold_4	2550802	2600802
Aspergillus_fumigatus_AF100-12_13	12	11	1	0	scaffold_5	291146	341146
Aspergillus_fumigatus_AF100-12_13	17	17	0	0	scaffold_4	815977	865977
Aspergillus_fumigatus_AF100-12_13	22	19	3	0	scaffold_2	451415	501415
Aspergillus_fumigatus_AF100-12_13	20	16	4	0	scaffold_2	492878	542878
Aspergillus_fumigatus_AF100-12_13	11	10	1	0	scaffold_8	1338056	1388056
Aspergillus_fumigatus_AF100-12_13	18	17	1	0	scaffold_6	3176961	3226961
Aspergillus_fumigatus_AF100-12_13	22	20	2	0	scaffold_5	565719	615719
Aspergillus_fumigatus_AF100-12_13	17	16	1	0	scaffold_2	555211	605211
Aspergillus_fumigatus_AF100-12_13	23	15	8	0	scaffold_1	4470877	4520877
Aspergillus_fumigatus_AF100-12_13	22	22	0	0	scaffold_2	349954	399954
Aspergillus_fumigatus_AF100-12_13	20	0	20	0	scaffold_1	4237666	4287666
Aspergillus_fumigatus_AF100-12_13	25	22	3	0	scaffold_1	239660	289660
Aspergillus_fumigatus_AF100-12_13	18	17	1	0	scaffold_6	2822203	2872203
Aspergillus_fumigatus_AF100-12_13	19	17	2	0	scaffold_3	1360309	1410309
Aspergillus_fumigatus_AF100-12_13	25	20	5	0	scaffold_6	3536060	3586060
Aspergillus_fumigatus_AF100-12_13	13	10	3	0	scaffold_2	1193911	1243911
Aspergillus_fumigatus_AF100-12_13	22	19	3	0	scaffold_3	18173	68173
Aspergillus_fumigatus_AF100-12_13	20	18	2	0	scaffold_1	2600075	2650075
Aspergillus_fumigatus_AF100-12_13	1	0	1	0	scaffold_4	3824009	3874009
Aspergillus_fumigatus_AF100-12_13	20	17	3	0	scaffold_2	3266215	3316215
Aspergillus_fumigatus_AF100-12_13	16	13	3	0	scaffold_8	389989	439989
Aspergillus_fumigatus_AF100-12_13	19	18	1	0	scaffold_2	1689261	1739261
Aspergillus_fumigatus_AF100-12_13	21	18	3	0	scaffold_3	297894	347894
Aspergillus_fumigatus_AF100-12_13	17	15	2	0	scaffold_3	968232	1018232
Aspergillus_fumigatus_AF100-12_13	20	17	3	0	scaffold_1	310304	360304
Aspergillus_fumigatus_AF100-12_13	22	20	2	0	scaffold_6	627159	677159
Aspergillus_fumigatus_AF100-12_13	19	18	1	0	scaffold_3	3800614	3850614
Aspergillus_fumigatus_AF100-12_13	17	16	1	0	scaffold_4	3230888	3280888
Aspergillus_fumigatus_AF100-12_13	20	19	1	0	scaffold_4	2732139	2782139
Aspergillus_fumigatus_AF100-12_13	4	4	0	0	scaffold_5	188225	238225
Aspergillus_fumigatus_AF100-12_13	18	17	1	0	scaffold_2	1421860	1471860
Aspergillus_fumigatus_AF100-12_13	24	21	3	0	scaffold_2	2141056	2191056
Aspergillus_fumigatus_AF100-12_13	21	18	3	0	scaffold_3	48409	98409
Aspergillus_fumigatus_AF100-12_13	22	18	4	0	scaffold_8	1083948	1133948
Aspergillus_fumigatus_AF100-12_13	18	17	1	0	scaffold_4	753497	803497
Aspergillus_fumigatus_AF100-12_13	14	12	1	1	scaffold_5	2010287	2060287
Aspergillus_fumigatus_AF100-12_13	20	18	2	0	scaffold_2	1875630	1925630
Aspergillus_fumigatus_AF100-12_13	15	13	2	0	scaffold_8	780424	830424
Aspergillus_fumigatus_AF100-12_13	4	3	1	0	scaffold_8	734808	784808
Aspergillus_fumigatus_AF100-12_13	20	19	1	0	scaffold_2	2932919	2982919
Aspergillus_fumigatus_AF100-12_13	10	10	0	0	scaffold_1	1796227	1846227
Aspergillus_fumigatus_AF100-12_13	20	19	1	0	scaffold_4	1962179	2012179
Aspergillus_fumigatus_AF100-12_13	15	14	1	0	scaffold_8	966157	1016157
Aspergillus_fumigatus_AF100-12_13	11	9	1	1	scaffold_5	2004319	2054319
Aspergillus_fumigatus_AF100-12_13	24	22	2	0	scaffold_6	2495854	2545854
