STRAIN	TOTAL	CORE	ACCESSORY	SINGLETON	CHROM	START	END
Aspergillus_fumigatus_B5868	18	15	3	0	scaffold_3	2362759	2412759
Aspergillus_fumigatus_B5868	23	19	4	0	scaffold_2	4400582	4450582
Aspergillus_fumigatus_B5868	20	13	7	0	scaffold_5	2292661	2342661
Aspergillus_fumigatus_B5868	13	2	11	0	scaffold_5	2195619	2245619
Aspergillus_fumigatus_B5868	18	16	2	0	scaffold_6	3237252	3287252
Aspergillus_fumigatus_B5868	18	16	2	0	scaffold_6	329763	379763
Aspergillus_fumigatus_B5868	21	20	1	0	scaffold_1	2453677	2503677
Aspergillus_fumigatus_B5868	16	16	0	0	scaffold_2	3811682	3861682
Aspergillus_fumigatus_B5868	17	16	1	0	scaffold_2	820441	870441
Aspergillus_fumigatus_B5868	22	21	1	0	scaffold_3	399727	449727
Aspergillus_fumigatus_B5868	19	18	1	0	scaffold_4	2798333	2848333
Aspergillus_fumigatus_B5868	19	12	7	0	scaffold_1	4489797	4539797
Aspergillus_fumigatus_B5868	10	9	1	0	scaffold_3	3983388	4033388
Aspergillus_fumigatus_B5868	18	17	1	0	scaffold_5	2674991	2724991
Aspergillus_fumigatus_B5868	21	20	1	0	scaffold_6	259679	309679
Aspergillus_fumigatus_B5868	0	0	0	0	scaffold_8	716069	766069
Aspergillus_fumigatus_B5868	21	20	1	0	scaffold_5	541463	591463
Aspergillus_fumigatus_B5868	23	19	4	0	scaffold_3	496893	546893
Aspergillus_fumigatus_B5868	26	24	2	0	scaffold_3	3821162	3871162
Aspergillus_fumigatus_B5868	21	18	3	0	scaffold_3	884347	934347
Aspergillus_fumigatus_B5868	21	21	0	0	scaffold_6	1490147	1540147
Aspergillus_fumigatus_B5868	20	18	2	0	scaffold_8	539747	589747
Aspergillus_fumigatus_B5868	20	20	0	0	scaffold_7	1198238	1248238
Aspergillus_fumigatus_B5868	20	18	2	0	scaffold_5	527004	577004
Aspergillus_fumigatus_B5868	17	17	0	0	scaffold_4	1443165	1493165
Aspergillus_fumigatus_B5868	20	19	1	0	scaffold_2	2967132	3017132
Aspergillus_fumigatus_B5868	0	0	0	0	scaffold_2	4154224	4204224
Aspergillus_fumigatus_B5868	21	20	1	0	scaffold_8	980344	1030344
Aspergillus_fumigatus_B5868	21	14	7	0	scaffold_5	2930690	2980690
Aspergillus_fumigatus_B5868	21	19	2	0	scaffold_5	515865	565865
Aspergillus_fumigatus_B5868	17	15	2	0	scaffold_5	1962571	2012571
Aspergillus_fumigatus_B5868	20	17	3	0	scaffold_5	3323858	3373858
Aspergillus_fumigatus_B5868	19	18	1	0	scaffold_4	1216284	1266284
Aspergillus_fumigatus_B5868	18	17	1	0	scaffold_1	519193	569193
Aspergillus_fumigatus_B5868	18	17	1	0	scaffold_4	2849872	2899872
Aspergillus_fumigatus_B5868	13	13	0	0	scaffold_6	2738614	2788614
Aspergillus_fumigatus_B5868	20	17	3	0	scaffold_3	1810873	1860873
Aspergillus_fumigatus_B5868	21	20	1	0	scaffold_1	988582	1038582
Aspergillus_fumigatus_B5868	25	21	4	0	scaffold_1	3914636	3964636
Aspergillus_fumigatus_B5868	23	22	1	0	scaffold_2	2143057	2193057
Aspergillus_fumigatus_B5868	14	14	0	0	scaffold_1	2519101	2569101
Aspergillus_fumigatus_B5868	20	20	0	0	scaffold_3	928760	978760
Aspergillus_fumigatus_B5868	22	20	2	0	scaffold_2	1300395	1350395
Aspergillus_fumigatus_B5868	19	16	3	0	scaffold_2	1809731	1859731
Aspergillus_fumigatus_B5868	23	20	3	0	scaffold_2	2297970	2347970
Aspergillus_fumigatus_B5868	19	17	2	0	scaffold_2	1214961	1264961
Aspergillus_fumigatus_B5868	20	19	1	0	scaffold_1	2333963	2383963
Aspergillus_fumigatus_B5868	20	20	0	0	scaffold_2	1681361	1731361
Aspergillus_fumigatus_B5868	18	16	2	0	scaffold_8	1110953	1160953
Aspergillus_fumigatus_B5868	24	24	0	0	scaffold_3	913654	963654
Aspergillus_fumigatus_B5868	21	16	5	0	scaffold_5	690743	740743
Aspergillus_fumigatus_B5868	22	18	4	0	scaffold_1	42770	92770
Aspergillus_fumigatus_B5868	25	24	1	0	scaffold_2	4244101	4294101
Aspergillus_fumigatus_B5868	18	18	0	0	scaffold_1	2208159	2258159
Aspergillus_fumigatus_B5868	24	24	0	0	scaffold_3	549837	599837
Aspergillus_fumigatus_B5868	25	19	6	0	scaffold_4	225341	275341
Aspergillus_fumigatus_B5868	17	14	3	0	scaffold_8	105997	155997
Aspergillus_fumigatus_B5868	10	8	2	0	scaffold_5	1230962	1280962
Aspergillus_fumigatus_B5868	16	15	1	0	scaffold_1	925196	975196
Aspergillus_fumigatus_B5868	20	19	1	0	scaffold_7	1105958	1155958
Aspergillus_fumigatus_B5868	21	20	1	0	scaffold_6	1592356	1642356
Aspergillus_fumigatus_B5868	16	16	0	0	scaffold_4	1448323	1498323
Aspergillus_fumigatus_B5868	6	5	1	0	scaffold_2	2006391	2056391
Aspergillus_fumigatus_B5868	13	11	2	0	scaffold_1	2750520	2800520
Aspergillus_fumigatus_B5868	19	16	3	0	scaffold_3	339297	389297
Aspergillus_fumigatus_B5868	20	19	1	0	scaffold_4	494241	544241
Aspergillus_fumigatus_B5868	22	15	7	0	scaffold_5	13194	63194
Aspergillus_fumigatus_B5868	18	18	0	0	scaffold_1	617425	667425
Aspergillus_fumigatus_B5868	16	14	2	0	scaffold_5	2881664	2931664
Aspergillus_fumigatus_B5868	19	17	2	0	scaffold_3	820296	870296
Aspergillus_fumigatus_B5868	21	18	3	0	scaffold_7	121556	171556
Aspergillus_fumigatus_B5868	18	18	0	0	scaffold_1	2188136	2238136
Aspergillus_fumigatus_B5868	23	18	5	0	scaffold_1	3886038	3936038
Aspergillus_fumigatus_B5868	22	22	0	0	scaffold_2	410915	460915
Aspergillus_fumigatus_B5868	22	20	2	0	scaffold_2	2838649	2888649
Aspergillus_fumigatus_B5868	20	19	1	0	scaffold_6	3063606	3113606
Aspergillus_fumigatus_B5868	16	14	2	0	scaffold_5	1639563	1689563
Aspergillus_fumigatus_B5868	15	14	1	0	scaffold_5	993027	1043027
Aspergillus_fumigatus_B5868	16	13	3	0	scaffold_1	1995517	2045517
Aspergillus_fumigatus_B5868	19	19	0	0	scaffold_4	3093826	3143826
Aspergillus_fumigatus_B5868	26	20	6	0	scaffold_8	244264	294264
Aspergillus_fumigatus_B5868	14	14	0	0	scaffold_2	3935448	3985448
Aspergillus_fumigatus_B5868	23	21	2	0	scaffold_3	1559531	1609531
Aspergillus_fumigatus_B5868	22	20	2	0	scaffold_1	3239794	3289794
Aspergillus_fumigatus_B5868	22	21	1	0	scaffold_1	4718847	4768847
Aspergillus_fumigatus_B5868	26	21	5	0	scaffold_4	1612721	1662721
Aspergillus_fumigatus_B5868	23	22	1	0	scaffold_1	4682403	4732403
Aspergillus_fumigatus_B5868	18	16	2	0	scaffold_8	1232995	1282995
Aspergillus_fumigatus_B5868	20	19	1	0	scaffold_8	1440715	1490715
Aspergillus_fumigatus_B5868	20	1	19	0	scaffold_3	628606	678606
Aspergillus_fumigatus_B5868	17	15	2	0	scaffold_7	288497	338497
Aspergillus_fumigatus_B5868	23	19	4	0	scaffold_5	685285	735285
Aspergillus_fumigatus_B5868	17	17	0	0	scaffold_4	3117609	3167609
Aspergillus_fumigatus_B5868	16	13	3	0	scaffold_4	2188497	2238497
Aspergillus_fumigatus_B5868	24	21	3	0	scaffold_6	272302	322302
Aspergillus_fumigatus_B5868	23	22	1	0	scaffold_2	3518577	3568577
Aspergillus_fumigatus_B5868	18	14	4	0	scaffold_3	21846	71846
Aspergillus_fumigatus_B5868	22	21	1	0	scaffold_4	285951	335951
Aspergillus_fumigatus_B5868	22	19	3	0	scaffold_2	1529037	1579037
Aspergillus_fumigatus_B5868	17	15	2	0	scaffold_3	1788753	1838753
Aspergillus_fumigatus_B5868	23	23	0	0	scaffold_6	2249855	2299855
Aspergillus_fumigatus_B5868	19	19	0	0	scaffold_4	2906810	2956810
Aspergillus_fumigatus_B5868	22	20	2	0	scaffold_8	1205555	1255555
Aspergillus_fumigatus_B5868	16	15	1	0	scaffold_5	1807998	1857998
Aspergillus_fumigatus_B5868	18	17	1	0	scaffold_2	3681301	3731301
Aspergillus_fumigatus_B5868	21	19	2	0	scaffold_3	3200075	3250075
Aspergillus_fumigatus_B5868	16	15	1	0	scaffold_5	3435904	3485904
Aspergillus_fumigatus_B5868	19	18	1	0	scaffold_5	2664119	2714119
Aspergillus_fumigatus_B5868	17	16	1	0	scaffold_4	771044	821044
Aspergillus_fumigatus_B5868	13	12	1	0	scaffold_1	1257354	1307354
Aspergillus_fumigatus_B5868	23	21	2	0	scaffold_1	4631689	4681689
Aspergillus_fumigatus_B5868	17	16	1	0	scaffold_2	4034069	4084069
Aspergillus_fumigatus_B5868	15	15	0	0	scaffold_4	2598971	2648971
Aspergillus_fumigatus_B5868	16	16	0	0	scaffold_4	602843	652843
Aspergillus_fumigatus_B5868	24	21	3	0	scaffold_4	3688751	3738751
Aspergillus_fumigatus_B5868	19	19	0	0	scaffold_1	2183411	2233411
Aspergillus_fumigatus_B5868	18	18	0	0	scaffold_7	954805	1004805
Aspergillus_fumigatus_B5868	17	17	0	0	scaffold_4	3017559	3067559
Aspergillus_fumigatus_B5868	10	10	0	0	scaffold_3	3982224	4032224
Aspergillus_fumigatus_B5868	20	19	1	0	scaffold_1	3924317	3974317
Aspergillus_fumigatus_B5868	20	16	4	0	scaffold_3	1022620	1072620
Aspergillus_fumigatus_B5868	20	19	1	0	scaffold_1	543752	593752
Aspergillus_fumigatus_B5868	17	16	1	0	scaffold_7	1554895	1604895
Aspergillus_fumigatus_B5868	23	20	3	0	scaffold_8	328318	378318
Aspergillus_fumigatus_B5868	15	14	1	0	scaffold_6	1672296	1722296
Aspergillus_fumigatus_B5868	21	20	1	0	scaffold_1	4734086	4784086
Aspergillus_fumigatus_B5868	17	17	0	0	scaffold_5	980698	1030698
Aspergillus_fumigatus_B5868	23	23	0	0	scaffold_6	1722499	1772499
Aspergillus_fumigatus_B5868	19	17	2	0	scaffold_8	851745	901745
Aspergillus_fumigatus_B5868	18	17	1	0	scaffold_6	3181861	3231861
Aspergillus_fumigatus_B5868	19	16	3	0	scaffold_1	4124945	4174945
Aspergillus_fumigatus_B5868	19	18	1	0	scaffold_4	375028	425028
Aspergillus_fumigatus_B5868	19	15	4	0	scaffold_1	1395736	1445736
Aspergillus_fumigatus_B5868	19	18	1	0	scaffold_3	2578802	2628802
Aspergillus_fumigatus_B5868	16	14	2	0	scaffold_6	1896336	1946336
Aspergillus_fumigatus_B5868	14	11	3	0	scaffold_6	175875	225875
Aspergillus_fumigatus_B5868	17	16	1	0	scaffold_7	485896	535896
Aspergillus_fumigatus_B5868	14	12	2	0	scaffold_6	434232	484232
Aspergillus_fumigatus_B5868	19	18	1	0	scaffold_2	3237151	3287151
Aspergillus_fumigatus_B5868	16	16	0	0	scaffold_2	1447292	1497292
Aspergillus_fumigatus_B5868	25	25	0	0	scaffold_1	3751756	3801756
Aspergillus_fumigatus_B5868	28	23	5	0	scaffold_4	3709349	3759349
Aspergillus_fumigatus_B5868	17	6	11	0	scaffold_1	4216262	4266262
Aspergillus_fumigatus_B5868	17	17	0	0	scaffold_2	3922324	3972324
Aspergillus_fumigatus_B5868	15	14	1	0	scaffold_5	2699992	2749992
Aspergillus_fumigatus_B5868	8	4	4	0	scaffold_5	2260151	2310151
Aspergillus_fumigatus_B5868	19	19	0	0	scaffold_5	3619461	3669461
Aspergillus_fumigatus_B5868	16	16	0	0	scaffold_1	738969	788969
Aspergillus_fumigatus_B5868	21	20	1	0	scaffold_7	642160	692160
Aspergillus_fumigatus_B5868	17	14	3	0	scaffold_2	4611412	4661412
Aspergillus_fumigatus_B5868	19	19	0	0	scaffold_2	1587388	1637388
Aspergillus_fumigatus_B5868	19	18	1	0	scaffold_3	3430634	3480634
Aspergillus_fumigatus_B5868	19	18	1	0	scaffold_6	769595	819595
Aspergillus_fumigatus_B5868	19	19	0	0	scaffold_2	3601632	3651632
Aspergillus_fumigatus_B5868	18	17	1	0	scaffold_5	1648450	1698450
Aspergillus_fumigatus_B5868	16	16	0	0	scaffold_4	566038	616038
Aspergillus_fumigatus_B5868	22	21	1	0	scaffold_1	4680588	4730588
Aspergillus_fumigatus_B5868	18	17	1	0	scaffold_7	81051	131051
Aspergillus_fumigatus_B5868	0	0	0	0	scaffold_5	1258255	1308255
Aspergillus_fumigatus_B5868	25	22	3	0	scaffold_4	3567290	3617290
Aspergillus_fumigatus_B5868	21	18	3	0	scaffold_3	2203094	2253094
Aspergillus_fumigatus_B5868	18	17	1	0	scaffold_2	4036543	4086543
Aspergillus_fumigatus_B5868	16	16	0	0	scaffold_2	3812803	3862803
Aspergillus_fumigatus_B5868	21	21	0	0	scaffold_2	3496397	3546397
Aspergillus_fumigatus_B5868	17	17	0	0	scaffold_3	3154308	3204308
Aspergillus_fumigatus_B5868	11	10	1	0	scaffold_4	2043341	2093341
Aspergillus_fumigatus_B5868	23	21	2	0	scaffold_2	2181692	2231692
Aspergillus_fumigatus_B5868	18	10	8	0	scaffold_1	4201446	4251446
Aspergillus_fumigatus_B5868	22	21	1	0	scaffold_2	4228347	4278347
Aspergillus_fumigatus_B5868	19	19	0	0	scaffold_4	2076209	2126209
Aspergillus_fumigatus_B5868	4	3	1	0	scaffold_6	1151279	1201279
Aspergillus_fumigatus_B5868	20	19	1	0	scaffold_6	1994154	2044154
Aspergillus_fumigatus_B5868	26	25	1	0	scaffold_2	4236806	4286806
Aspergillus_fumigatus_B5868	20	17	3	0	scaffold_3	880242	930242
Aspergillus_fumigatus_B5868	14	13	1	0	scaffold_2	4069265	4119265
Aspergillus_fumigatus_B5868	20	20	0	0	scaffold_4	2072357	2122357
Aspergillus_fumigatus_B5868	13	12	1	0	scaffold_4	2955684	3005684
Aspergillus_fumigatus_B5868	17	16	1	0	scaffold_8	837043	887043
Aspergillus_fumigatus_B5868	18	15	3	0	scaffold_3	3244456	3294456
Aspergillus_fumigatus_B5868	12	11	1	0	scaffold_2	4627313	4677313
Aspergillus_fumigatus_B5868	2	2	0	0	scaffold_5	173538	223538
Aspergillus_fumigatus_B5868	11	9	2	0	scaffold_2	137880	187880
Aspergillus_fumigatus_B5868	20	19	1	0	scaffold_1	3531688	3581688
Aspergillus_fumigatus_B5868	18	13	5	0	scaffold_2	2695823	2745823
Aspergillus_fumigatus_B5868	18	16	2	0	scaffold_8	47691	97691
Aspergillus_fumigatus_B5868	21	21	0	0	scaffold_2	1678902	1728902
Aspergillus_fumigatus_B5868	19	16	3	0	scaffold_5	2868842	2918842
Aspergillus_fumigatus_B5868	17	14	3	0	scaffold_1	3989385	4039385
Aspergillus_fumigatus_B5868	16	16	0	0	scaffold_3	2772431	2822431
Aspergillus_fumigatus_B5868	14	13	1	0	scaffold_2	492758	542758
Aspergillus_fumigatus_B5868	23	19	4	0	scaffold_1	4144067	4194067
Aspergillus_fumigatus_B5868	18	17	1	0	scaffold_3	2566443	2616443
Aspergillus_fumigatus_B5868	18	17	1	0	scaffold_3	1677755	1727755
Aspergillus_fumigatus_B5868	21	19	2	0	scaffold_3	345947	395947
Aspergillus_fumigatus_B5868	15	13	2	0	scaffold_4	102161	152161
Aspergillus_fumigatus_B5868	18	17	1	0	scaffold_3	2825890	2875890
Aspergillus_fumigatus_B5868	20	20	0	0	scaffold_3	917758	967758
Aspergillus_fumigatus_B5868	18	16	2	0	scaffold_5	1795565	1845565
Aspergillus_fumigatus_B5868	16	15	1	0	scaffold_5	1941542	1991542
Aspergillus_fumigatus_B5868	24	23	1	0	scaffold_5	649880	699880
Aspergillus_fumigatus_B5868	16	16	0	0	scaffold_4	1069825	1119825
Aspergillus_fumigatus_B5868	15	15	0	0	scaffold_4	806527	856527
Aspergillus_fumigatus_B5868	18	16	2	0	scaffold_7	217023	267023
Aspergillus_fumigatus_B5868	16	15	1	0	scaffold_2	2269927	2319927
Aspergillus_fumigatus_B5868	0	0	0	0	scaffold_4	3807729	3857729
Aspergillus_fumigatus_B5868	22	19	3	0	scaffold_5	1996127	2046127
Aspergillus_fumigatus_B5868	12	11	1	0	scaffold_6	2508205	2558205
Aspergillus_fumigatus_B5868	17	16	1	0	scaffold_3	2825066	2875066
Aspergillus_fumigatus_B5868	17	14	3	0	scaffold_3	1927986	1977986
Aspergillus_fumigatus_B5868	24	23	1	0	scaffold_2	4441941	4491941
Aspergillus_fumigatus_B5868	19	19	0	0	scaffold_6	2908769	2958769
Aspergillus_fumigatus_B5868	19	15	4	0	scaffold_5	2918655	2968655
Aspergillus_fumigatus_B5868	14	13	1	0	scaffold_8	794529	844529
Aspergillus_fumigatus_B5868	13	12	1	0	scaffold_7	1306866	1356866
Aspergillus_fumigatus_B5868	13	3	10	0	scaffold_3	663524	713524
Aspergillus_fumigatus_B5868	26	22	4	0	scaffold_7	1416776	1466776
Aspergillus_fumigatus_B5868	20	16	4	0	scaffold_2	2044265	2094265
Aspergillus_fumigatus_B5868	20	18	2	0	scaffold_8	53983	103983
Aspergillus_fumigatus_B5868	19	18	1	0	scaffold_3	1433640	1483640
Aspergillus_fumigatus_B5868	26	20	6	0	scaffold_6	3519696	3569696
Aspergillus_fumigatus_B5868	23	20	3	0	scaffold_3	2213221	2263221
Aspergillus_fumigatus_B5868	19	17	2	0	scaffold_1	1172652	1222652
Aspergillus_fumigatus_B5868	20	19	1	0	scaffold_3	1744926	1794926
Aspergillus_fumigatus_B5868	30	25	5	0	scaffold_2	210355	260355
Aspergillus_fumigatus_B5868	19	16	3	0	scaffold_6	3343613	3393613
Aspergillus_fumigatus_B5868	12	12	0	0	scaffold_6	2703062	2753062
Aspergillus_fumigatus_B5868	16	13	3	0	scaffold_7	1504047	1554047
Aspergillus_fumigatus_B5868	22	20	2	0	scaffold_4	126555	176555
Aspergillus_fumigatus_B5868	17	14	3	0	scaffold_4	3754556	3804556
Aspergillus_fumigatus_B5868	21	16	5	0	scaffold_5	2510387	2560387
Aspergillus_fumigatus_B5868	21	20	1	0	scaffold_8	1453172	1503172
Aspergillus_fumigatus_B5868	22	22	0	0	scaffold_2	410917	460917
Aspergillus_fumigatus_B5868	18	13	5	0	scaffold_3	1940339	1990339
Aspergillus_fumigatus_B5868	19	17	2	0	scaffold_1	369899	419899
Aspergillus_fumigatus_B5868	20	19	1	0	scaffold_2	2487305	2537305
Aspergillus_fumigatus_B5868	21	18	3	0	scaffold_5	1905093	1955093
Aspergillus_fumigatus_B5868	23	23	0	0	scaffold_6	1197404	1247404
Aspergillus_fumigatus_B5868	28	27	1	0	scaffold_6	713001	763001
Aspergillus_fumigatus_B5868	14	14	0	0	scaffold_5	1474973	1524973
Aspergillus_fumigatus_B5868	2	1	1	0	scaffold_3	705881	755881
Aspergillus_fumigatus_B5868	3	3	0	0	scaffold_2	4165931	4215931
Aspergillus_fumigatus_B5868	15	13	2	0	scaffold_1	1028931	1078931
Aspergillus_fumigatus_B5868	17	17	0	0	scaffold_2	869519	919519
Aspergillus_fumigatus_B5868	17	17	0	0	scaffold_4	618196	668196
Aspergillus_fumigatus_B5868	21	19	2	0	scaffold_4	3497669	3547669
Aspergillus_fumigatus_B5868	24	20	4	0	scaffold_1	2792881	2842881
Aspergillus_fumigatus_B5868	22	21	1	0	scaffold_7	1084007	1134007
Aspergillus_fumigatus_B5868	20	20	0	0	scaffold_3	380256	430256
Aspergillus_fumigatus_B5868	31	25	6	0	scaffold_6	3308772	3358772
Aspergillus_fumigatus_B5868	20	20	0	0	scaffold_2	4285189	4335189
Aspergillus_fumigatus_B5868	23	21	2	0	scaffold_2	1298680	1348680
Aspergillus_fumigatus_B5868	21	21	0	0	scaffold_8	516759	566759
Aspergillus_fumigatus_B5868	17	16	1	0	scaffold_3	2791184	2841184
Aspergillus_fumigatus_B5868	14	13	1	0	scaffold_7	1289027	1339027
Aspergillus_fumigatus_B5868	28	22	6	0	scaffold_1	4037255	4087255
Aspergillus_fumigatus_B5868	18	18	0	0	scaffold_1	676251	726251
Aspergillus_fumigatus_B5868	30	27	3	0	scaffold_2	183517	233517
Aspergillus_fumigatus_B5868	23	22	1	0	scaffold_4	3492926	3542926
Aspergillus_fumigatus_B5868	19	17	1	1	scaffold_3	3382943	3432943
Aspergillus_fumigatus_B5868	18	16	2	0	scaffold_6	3362153	3412153
Aspergillus_fumigatus_B5868	18	17	1	0	scaffold_2	2263392	2313392
Aspergillus_fumigatus_B5868	19	19	0	0	scaffold_5	1076705	1126705
Aspergillus_fumigatus_B5868	20	18	2	0	scaffold_7	270740	320740
Aspergillus_fumigatus_B5868	24	21	3	0	scaffold_3	2254924	2304924
Aspergillus_fumigatus_B5868	12	11	1	0	scaffold_5	296210	346210
Aspergillus_fumigatus_B5868	18	17	1	0	scaffold_6	119438	169438
Aspergillus_fumigatus_B5868	0	0	0	0	scaffold_3	696693	746693
Aspergillus_fumigatus_B5868	22	19	3	0	scaffold_1	3777830	3827830
Aspergillus_fumigatus_B5868	20	20	0	0	scaffold_1	718194	768194
Aspergillus_fumigatus_B5868	20	19	1	0	scaffold_1	3244141	3294141
Aspergillus_fumigatus_B5868	23	17	6	0	scaffold_3	3559788	3609788
Aspergillus_fumigatus_B5868	20	20	0	0	scaffold_2	779807	829807
Aspergillus_fumigatus_B5868	18	18	0	0	scaffold_4	2088924	2138924
Aspergillus_fumigatus_B5868	15	12	3	0	scaffold_4	2181993	2231993
Aspergillus_fumigatus_B5868	21	21	0	0	scaffold_4	3128811	3178811
Aspergillus_fumigatus_B5868	24	24	0	0	scaffold_6	1734139	1784139
Aspergillus_fumigatus_B5868	18	16	2	0	scaffold_5	1795950	1845950
Aspergillus_fumigatus_B5868	19	18	1	0	scaffold_5	2664166	2714166
Aspergillus_fumigatus_B5868	19	17	2	0	scaffold_1	1153115	1203115
Aspergillus_fumigatus_B5868	20	19	1	0	scaffold_2	1743835	1793835
Aspergillus_fumigatus_B5868	19	14	5	0	scaffold_1	4084536	4134536
Aspergillus_fumigatus_B5868	17	15	2	0	scaffold_6	1877740	1927740
Aspergillus_fumigatus_B5868	14	13	1	0	scaffold_5	1837162	1887162
Aspergillus_fumigatus_B5868	23	19	4	0	scaffold_3	60428	110428
Aspergillus_fumigatus_B5868	16	15	1	0	scaffold_2	815107	865107
Aspergillus_fumigatus_B5868	16	14	2	0	scaffold_7	1509878	1559878
Aspergillus_fumigatus_B5868	16	15	1	0	scaffold_2	1204728	1254728
Aspergillus_fumigatus_B5868	24	24	0	0	scaffold_3	550209	600209
Aspergillus_fumigatus_B5868	21	21	0	0	scaffold_6	2878952	2928952
Aspergillus_fumigatus_B5868	17	16	1	0	scaffold_2	2266776	2316776
Aspergillus_fumigatus_B5868	18	16	2	0	scaffold_4	1779217	1829217
Aspergillus_fumigatus_B5868	20	17	3	0	scaffold_4	121045	171045
Aspergillus_fumigatus_B5868	0	0	0	0	scaffold_2	1983335	2033335
Aspergillus_fumigatus_B5868	16	15	1	0	scaffold_2	951900	1001900
Aspergillus_fumigatus_B5868	16	15	1	0	scaffold_2	3749789	3799789
Aspergillus_fumigatus_B5868	24	21	3	0	scaffold_3	301566	351566
Aspergillus_fumigatus_B5868	17	17	0	0	scaffold_2	3961452	4011452
Aspergillus_fumigatus_B5868	22	20	2	0	scaffold_6	1939157	1989157
Aspergillus_fumigatus_B5868	18	18	0	0	scaffold_3	3763430	3813430
Aspergillus_fumigatus_B5868	16	14	2	0	scaffold_8	17251	67251
Aspergillus_fumigatus_B5868	17	17	0	0	scaffold_2	862029	912029
Aspergillus_fumigatus_B5868	19	18	1	0	scaffold_2	269051	319051
Aspergillus_fumigatus_B5868	20	17	3	0	scaffold_7	344139	394139
Aspergillus_fumigatus_B5868	18	18	0	0	scaffold_3	3326712	3376712
Aspergillus_fumigatus_B5868	25	23	2	0	scaffold_5	2097488	2147488
Aspergillus_fumigatus_B5868	18	16	2	0	scaffold_8	1042337	1092337
Aspergillus_fumigatus_B5868	24	20	4	0	scaffold_6	474630	524630
Aspergillus_fumigatus_B5868	19	17	2	0	scaffold_1	3618607	3668607
Aspergillus_fumigatus_B5868	17	16	1	0	scaffold_6	890076	940076
Aspergillus_fumigatus_B5868	19	15	4	0	scaffold_3	1857880	1907880
Aspergillus_fumigatus_B5868	19	17	2	0	scaffold_4	2388119	2438119
Aspergillus_fumigatus_B5868	20	19	1	0	scaffold_6	1465976	1515976
Aspergillus_fumigatus_B5868	16	15	1	0	scaffold_3	1440492	1490492
Aspergillus_fumigatus_B5868	19	18	1	0	scaffold_3	3184907	3234907
Aspergillus_fumigatus_B5868	18	16	2	0	scaffold_2	1911569	1961569
Aspergillus_fumigatus_B5868	17	16	1	0	scaffold_2	606599	656599
Aspergillus_fumigatus_B5868	20	19	1	0	scaffold_5	1339343	1389343
Aspergillus_fumigatus_B5868	17	14	3	0	scaffold_1	3217887	3267887
Aspergillus_fumigatus_B5868	19	18	1	0	scaffold_4	1209791	1259791
Aspergillus_fumigatus_B5868	19	18	1	0	scaffold_4	2314207	2364207
Aspergillus_fumigatus_B5868	21	17	4	0	scaffold_4	404515	454515
Aspergillus_fumigatus_B5868	20	19	1	0	scaffold_6	2480239	2530239
Aspergillus_fumigatus_B5868	17	15	2	0	scaffold_4	2449314	2499314
Aspergillus_fumigatus_B5868	20	16	4	0	scaffold_1	3293086	3343086
Aspergillus_fumigatus_B5868	15	15	0	0	scaffold_1	1293587	1343587
Aspergillus_fumigatus_B5868	20	17	3	0	scaffold_6	511398	561398
Aspergillus_fumigatus_B5868	17	16	1	0	scaffold_2	1202556	1252556
Aspergillus_fumigatus_B5868	16	14	2	0	scaffold_5	2727149	2777149
Aspergillus_fumigatus_B5868	21	20	1	0	scaffold_4	1245197	1295197
Aspergillus_fumigatus_B5868	16	15	0	1	scaffold_5	814606	864606
Aspergillus_fumigatus_B5868	15	14	1	0	scaffold_6	2405891	2455891
Aspergillus_fumigatus_B5868	0	0	0	0	scaffold_6	1127480	1177480
Aspergillus_fumigatus_B5868	19	17	1	1	scaffold_3	3384056	3434056
Aspergillus_fumigatus_B5868	8	6	2	0	scaffold_2	134508	184508
Aspergillus_fumigatus_B5868	16	16	0	0	scaffold_6	2676937	2726937
Aspergillus_fumigatus_B5868	15	14	1	0	scaffold_4	701930	751930
Aspergillus_fumigatus_B5868	23	20	3	0	scaffold_7	1352331	1402331
Aspergillus_fumigatus_B5868	17	17	0	0	scaffold_1	593173	643173
Aspergillus_fumigatus_B5868	18	18	0	0	scaffold_4	349810	399810
Aspergillus_fumigatus_B5868	10	2	8	0	scaffold_3	1983484	2033484
Aspergillus_fumigatus_B5868	19	18	1	0	scaffold_3	212021	262021
Aspergillus_fumigatus_B5868	19	18	1	0	scaffold_2	353451	403451
Aspergillus_fumigatus_B5868	16	0	16	0	scaffold_1	4329141	4379141
Aspergillus_fumigatus_B5868	13	10	3	0	scaffold_3	2433095	2483095
Aspergillus_fumigatus_B5868	19	16	3	0	scaffold_1	3179109	3229109
Aspergillus_fumigatus_B5868	22	20	2	0	scaffold_8	526273	576273
Aspergillus_fumigatus_B5868	13	2	11	0	scaffold_5	2195475	2245475
Aspergillus_fumigatus_B5868	18	17	1	0	scaffold_4	911371	961371
Aspergillus_fumigatus_B5868	20	18	2	0	scaffold_4	1681097	1731097
Aspergillus_fumigatus_B5868	21	20	1	0	scaffold_5	861689	911689
Aspergillus_fumigatus_B5868	21	21	0	0	scaffold_2	3990286	4040286
Aspergillus_fumigatus_B5868	23	17	6	0	scaffold_1	4020198	4070198
Aspergillus_fumigatus_B5868	16	6	10	0	scaffold_3	593160	643160
Aspergillus_fumigatus_B5868	18	18	0	0	scaffold_4	1797628	1847628
Aspergillus_fumigatus_B5868	21	20	1	0	scaffold_7	1089491	1139491
Aspergillus_fumigatus_B5868	15	12	3	0	scaffold_5	257785	307785
Aspergillus_fumigatus_B5868	17	17	0	0	scaffold_1	1698870	1748870
Aspergillus_fumigatus_B5868	23	17	6	0	scaffold_5	2298564	2348564
Aspergillus_fumigatus_B5868	0	0	0	0	scaffold_8	717469	767469
Aspergillus_fumigatus_B5868	21	18	3	0	scaffold_2	2378088	2428088
Aspergillus_fumigatus_B5868	24	21	3	0	scaffold_3	304212	354212
Aspergillus_fumigatus_B5868	19	19	0	0	scaffold_5	3216112	3266112
Aspergillus_fumigatus_B5868	21	21	0	0	scaffold_3	1096740	1146740
Aspergillus_fumigatus_B5868	16	15	1	0	scaffold_1	2873268	2923268
Aspergillus_fumigatus_B5868	15	14	1	0	scaffold_4	1544862	1594862
Aspergillus_fumigatus_B5868	23	21	2	0	scaffold_5	2128361	2178361
Aspergillus_fumigatus_B5868	22	21	1	0	scaffold_1	4723395	4773395
Aspergillus_fumigatus_B5868	17	17	0	0	scaffold_4	1038182	1088182
Aspergillus_fumigatus_B5868	8	2	6	0	scaffold_3	672912	722912
Aspergillus_fumigatus_B5868	0	0	0	0	scaffold_6	3453793	3503793
Aspergillus_fumigatus_B5868	21	20	1	0	scaffold_2	2132996	2182996
Aspergillus_fumigatus_B5868	20	20	0	0	scaffold_4	57766	107766
Aspergillus_fumigatus_B5868	18	16	2	0	scaffold_1	2897825	2947825
Aspergillus_fumigatus_B5868	6	3	3	0	scaffold_2	4138001	4188001
Aspergillus_fumigatus_B5868	19	19	0	0	scaffold_3	2152856	2202856
Aspergillus_fumigatus_B5868	21	18	3	0	scaffold_3	885772	935772
Aspergillus_fumigatus_B5868	17	15	2	0	scaffold_1	3503932	3553932
Aspergillus_fumigatus_B5868	15	14	0	1	scaffold_3	3342122	3392122
Aspergillus_fumigatus_B5868	17	14	3	0	scaffold_3	2521945	2571945
Aspergillus_fumigatus_B5868	23	22	1	0	scaffold_2	2146766	2196766
Aspergillus_fumigatus_B5868	22	20	2	0	scaffold_1	2125367	2175367
Aspergillus_fumigatus_B5868	18	15	3	0	scaffold_3	853314	903314
Aspergillus_fumigatus_B5868	12	12	0	0	scaffold_1	2743964	2793964
Aspergillus_fumigatus_B5868	19	17	2	0	scaffold_1	3255204	3305204
Aspergillus_fumigatus_B5868	21	20	1	0	scaffold_6	994748	1044748
Aspergillus_fumigatus_B5868	19	19	0	0	scaffold_8	948178	998178
Aspergillus_fumigatus_B5868	20	20	0	0	scaffold_7	1230060	1280060
Aspergillus_fumigatus_B5868	14	14	0	0	scaffold_2	4084951	4134951
Aspergillus_fumigatus_B5868	21	20	1	0	scaffold_7	1597165	1647165
Aspergillus_fumigatus_B5868	22	22	0	0	scaffold_2	1703630	1753630
Aspergillus_fumigatus_B5868	23	21	2	0	scaffold_4	3588780	3638780
Aspergillus_fumigatus_B5868	13	13	0	0	scaffold_1	773240	823240
Aspergillus_fumigatus_B5868	21	18	3	0	scaffold_1	1369953	1419953
Aspergillus_fumigatus_B5868	14	14	0	0	scaffold_3	1307840	1357840
Aspergillus_fumigatus_B5868	15	14	1	0	scaffold_5	825660	875660
Aspergillus_fumigatus_B5868	21	19	2	0	scaffold_2	4553243	4603243
Aspergillus_fumigatus_B5868	11	9	2	0	scaffold_2	2665286	2715286
Aspergillus_fumigatus_B5868	17	16	1	0	scaffold_5	3342036	3392036
Aspergillus_fumigatus_B5868	20	16	4	0	scaffold_1	3353735	3403735
Aspergillus_fumigatus_B5868	17	14	3	0	scaffold_6	2373241	2423241
Aspergillus_fumigatus_B5868	14	13	1	0	scaffold_2	488960	538960
Aspergillus_fumigatus_B5868	22	22	0	0	scaffold_4	2868375	2918375
Aspergillus_fumigatus_B5868	18	18	0	0	scaffold_8	960633	1010633
Aspergillus_fumigatus_B5868	22	18	4	0	scaffold_7	48261	98261
Aspergillus_fumigatus_B5868	18	16	2	0	scaffold_6	3232260	3282260
Aspergillus_fumigatus_B5868	17	15	2	0	scaffold_2	2525999	2575999
Aspergillus_fumigatus_B5868	24	20	4	0	scaffold_1	303372	353372
Aspergillus_fumigatus_B5868	22	21	1	0	scaffold_1	4586865	4636865
Aspergillus_fumigatus_B5868	19	18	1	0	scaffold_5	944192	994192
Aspergillus_fumigatus_B5868	15	0	15	0	scaffold_1	4304291	4354291
Aspergillus_fumigatus_B5868	16	13	3	0	scaffold_8	1067599	1117599
Aspergillus_fumigatus_B5868	24	17	7	0	scaffold_3	3558278	3608278
Aspergillus_fumigatus_B5868	24	17	7	0	scaffold_1	64369	114369
Aspergillus_fumigatus_B5868	20	17	3	0	scaffold_6	2096455	2146455
Aspergillus_fumigatus_B5868	19	18	1	0	scaffold_3	3431020	3481020
Aspergillus_fumigatus_B5868	18	16	2	0	scaffold_5	1618944	1668944
Aspergillus_fumigatus_B5868	19	19	0	0	scaffold_2	4265432	4315432
Aspergillus_fumigatus_B5868	21	0	21	0	scaffold_1	4252294	4302294
Aspergillus_fumigatus_B5868	21	17	4	0	scaffold_8	1514580	1564580
Aspergillus_fumigatus_B5868	16	16	0	0	scaffold_1	688858	738858
Aspergillus_fumigatus_B5868	15	14	1	0	scaffold_4	1492867	1542867
Aspergillus_fumigatus_B5868	16	15	1	0	scaffold_6	1664207	1714207
Aspergillus_fumigatus_B5868	18	16	2	0	scaffold_6	2487204	2537204
Aspergillus_fumigatus_B5868	15	14	0	1	scaffold_3	3342117	3392117
Aspergillus_fumigatus_B5868	22	20	2	0	scaffold_3	2207571	2257571
Aspergillus_fumigatus_B5868	9	9	0	0	scaffold_1	1732213	1782213
Aspergillus_fumigatus_B5868	20	18	2	0	scaffold_5	2773300	2823300
Aspergillus_fumigatus_B5868	20	17	3	0	scaffold_4	2347468	2397468
Aspergillus_fumigatus_B5868	18	17	1	0	scaffold_2	3120121	3170121
Aspergillus_fumigatus_B5868	16	16	0	0	scaffold_5	1318370	1368370
Aspergillus_fumigatus_B5868	20	17	3	0	scaffold_5	1900787	1950787
Aspergillus_fumigatus_B5868	11	2	9	0	scaffold_3	1980388	2030388
Aspergillus_fumigatus_B5868	18	16	2	0	scaffold_1	832389	882389
Aspergillus_fumigatus_B5868	7	2	5	0	scaffold_3	673533	723533
Aspergillus_fumigatus_B5868	21	21	0	0	scaffold_6	2871176	2921176
Aspergillus_fumigatus_B5868	29	24	5	0	scaffold_6	3305220	3355220
Aspergillus_fumigatus_B5868	21	20	1	0	scaffold_5	409844	459844
Aspergillus_fumigatus_B5868	13	11	2	0	scaffold_1	1469556	1519556
Aspergillus_fumigatus_B5868	18	18	0	0	scaffold_1	2622166	2672166
Aspergillus_fumigatus_B5868	24	23	1	0	scaffold_4	958912	1008912
Aspergillus_fumigatus_B5868	19	18	1	0	scaffold_7	201222	251222
Aspergillus_fumigatus_B5868	22	21	1	0	scaffold_8	895835	945835
Aspergillus_fumigatus_B5868	22	21	1	0	scaffold_1	320202	370202
Aspergillus_fumigatus_B5868	15	14	1	0	scaffold_6	589258	639258
Aspergillus_fumigatus_B5868	18	16	2	0	scaffold_6	549620	599620
Aspergillus_fumigatus_B5868	14	14	0	0	scaffold_6	2736751	2786751
Aspergillus_fumigatus_B5868	22	15	7	0	scaffold_8	223262	273262
Aspergillus_fumigatus_B5868	19	18	1	0	scaffold_3	3004188	3054188
Aspergillus_fumigatus_B5868	23	17	6	0	scaffold_7	1395026	1445026
Aspergillus_fumigatus_B5868	18	14	4	0	scaffold_3	3657312	3707312
Aspergillus_fumigatus_B5868	16	16	0	0	scaffold_4	821406	871406
Aspergillus_fumigatus_B5868	21	21	0	0	scaffold_5	3514550	3564550
Aspergillus_fumigatus_B5868	21	21	0	0	scaffold_2	1673842	1723842
Aspergillus_fumigatus_B5868	3	0	3	0	scaffold_2	74802	124802
Aspergillus_fumigatus_B5868	18	17	1	0	scaffold_1	3643859	3693859
Aspergillus_fumigatus_B5868	16	15	1	0	scaffold_2	952773	1002773
Aspergillus_fumigatus_B5868	23	20	3	0	scaffold_6	145178	195178
Aspergillus_fumigatus_B5868	16	14	2	0	scaffold_1	1441765	1491765
Aspergillus_fumigatus_B5868	24	22	2	0	scaffold_6	264731	314731
Aspergillus_fumigatus_B5868	18	16	2	0	scaffold_7	912228	962228
Aspergillus_fumigatus_B5868	24	22	2	0	scaffold_1	4703682	4753682
Aspergillus_fumigatus_B5868	19	17	2	0	scaffold_1	3425267	3475267
Aspergillus_fumigatus_B5868	24	21	3	0	scaffold_4	3741565	3791565
Aspergillus_fumigatus_B5868	19	19	0	0	scaffold_3	2155654	2205654
Aspergillus_fumigatus_B5868	20	20	0	0	scaffold_4	3462848	3512848
Aspergillus_fumigatus_B5868	17	16	1	0	scaffold_8	453251	503251
Aspergillus_fumigatus_B5868	16	16	0	0	scaffold_1	1238810	1288810
Aspergillus_fumigatus_B5868	23	20	3	0	scaffold_6	295400	345400
Aspergillus_fumigatus_B5868	18	17	1	0	scaffold_1	1056869	1106869
Aspergillus_fumigatus_B5868	15	15	0	0	scaffold_4	1201961	1251961
Aspergillus_fumigatus_B5868	21	18	3	0	scaffold_1	2408771	2458771
Aspergillus_fumigatus_B5868	24	24	0	0	scaffold_6	2442770	2492770
Aspergillus_fumigatus_B5868	13	12	1	0	scaffold_1	1260830	1310830
Aspergillus_fumigatus_B5868	18	17	1	0	scaffold_3	3844683	3894683
Aspergillus_fumigatus_B5868	27	21	6	0	scaffold_8	262356	312356
Aspergillus_fumigatus_B5868	19	16	3	0	scaffold_3	2533415	2583415
Aspergillus_fumigatus_B5868	22	20	2	0	scaffold_8	130324	180324
Aspergillus_fumigatus_B5868	21	20	1	0	scaffold_3	2167813	2217813
Aspergillus_fumigatus_B5868	17	17	0	0	scaffold_4	592523	642523
Aspergillus_fumigatus_B5868	22	15	7	0	scaffold_3	3571314	3621314
Aspergillus_fumigatus_B5868	22	21	1	0	scaffold_3	401630	451630
Aspergillus_fumigatus_B5868	2	2	0	0	scaffold_3	1173123	1223123
Aspergillus_fumigatus_B5868	20	17	3	0	scaffold_1	1197521	1247521
Aspergillus_fumigatus_B5868	17	16	1	0	scaffold_1	1592377	1642377
Aspergillus_fumigatus_B5868	14	14	0	0	scaffold_1	750257	800257
Aspergillus_fumigatus_B5868	14	14	0	0	scaffold_2	4190811	4240811
Aspergillus_fumigatus_B5868	20	20	0	0	scaffold_7	625018	675018
Aspergillus_fumigatus_B5868	17	14	3	0	scaffold_8	1296935	1346935
Aspergillus_fumigatus_B5868	23	17	6	0	scaffold_3	3565062	3615062
Aspergillus_fumigatus_B5868	16	16	0	0	scaffold_3	2759702	2809702
Aspergillus_fumigatus_B5868	25	20	5	0	scaffold_6	500462	550462
Aspergillus_fumigatus_B5868	18	15	3	0	scaffold_1	4523485	4573485
Aspergillus_fumigatus_B5868	15	15	0	0	scaffold_1	1290366	1340366
Aspergillus_fumigatus_B5868	10	10	0	0	scaffold_1	1863676	1913676
Aspergillus_fumigatus_B5868	20	20	0	0	scaffold_5	3200812	3250812
Aspergillus_fumigatus_B5868	22	22	0	0	scaffold_6	1292967	1342967
Aspergillus_fumigatus_B5868	22	19	3	0	scaffold_5	2854616	2904616
Aspergillus_fumigatus_B5868	22	19	3	0	scaffold_7	1333547	1383547
Aspergillus_fumigatus_B5868	18	17	1	0	scaffold_1	519547	569547
Aspergillus_fumigatus_B5868	18	18	0	0	scaffold_3	186650	236650
