STRAIN	TOTAL	CORE	ACCESSORY	SINGLETON	CHROM	START	END
Aspergillus_fumigatus_IFM_59355-2	15	6	9	0	scaffold_3	925845	975845
Aspergillus_fumigatus_IFM_59355-2	18	15	3	0	scaffold_2	3948454	3998454
Aspergillus_fumigatus_IFM_59355-2	0	0	0	0	scaffold_5	1219515	1269515
Aspergillus_fumigatus_IFM_59355-2	23	21	2	0	scaffold_7	298180	348180
Aspergillus_fumigatus_IFM_59355-2	17	15	2	0	scaffold_5	3512732	3562732
Aspergillus_fumigatus_IFM_59355-2	15	15	0	0	scaffold_1	2585006	2635006
Aspergillus_fumigatus_IFM_59355-2	19	16	3	0	scaffold_3	2094932	2144932
Aspergillus_fumigatus_IFM_59355-2	20	19	1	0	scaffold_6	2980510	3030510
Aspergillus_fumigatus_IFM_59355-2	20	19	1	0	scaffold_5	2021500	2071500
Aspergillus_fumigatus_IFM_59355-2	22	20	2	0	scaffold_7	281985	331985
Aspergillus_fumigatus_IFM_59355-2	23	22	1	0	scaffold_5	1926881	1976881
Aspergillus_fumigatus_IFM_59355-2	17	17	0	0	scaffold_2	699821	749821
Aspergillus_fumigatus_IFM_59355-2	20	16	4	0	scaffold_2	566147	616147
Aspergillus_fumigatus_IFM_59355-2	21	20	1	0	scaffold_1	1212213	1262213
Aspergillus_fumigatus_IFM_59355-2	20	17	3	0	scaffold_6	2822683	2872683
Aspergillus_fumigatus_IFM_59355-2	14	12	2	0	scaffold_4	2845602	2895602
Aspergillus_fumigatus_IFM_59355-2	20	20	0	0	scaffold_6	3121072	3171072
Aspergillus_fumigatus_IFM_59355-2	16	15	1	0	scaffold_2	1116456	1166456
Aspergillus_fumigatus_IFM_59355-2	12	10	2	0	scaffold_4	2062073	2112073
Aspergillus_fumigatus_IFM_59355-2	21	19	2	0	scaffold_2	2395333	2445333
Aspergillus_fumigatus_IFM_59355-2	16	16	0	0	scaffold_5	3167262	3217262
Aspergillus_fumigatus_IFM_59355-2	17	15	2	0	scaffold_3	2643554	2693554
Aspergillus_fumigatus_IFM_59355-2	12	12	0	0	scaffold_2	3264137	3314137
Aspergillus_fumigatus_IFM_59355-2	19	19	0	0	scaffold_6	3102339	3152339
Aspergillus_fumigatus_IFM_59355-2	19	17	2	0	scaffold_2	147575	197575
Aspergillus_fumigatus_IFM_59355-2	12	11	1	0	scaffold_1	1471617	1521617
Aspergillus_fumigatus_IFM_59355-2	25	20	5	0	scaffold_3	1180685	1230685
Aspergillus_fumigatus_IFM_59355-2	19	19	0	0	scaffold_5	3248699	3298699
Aspergillus_fumigatus_IFM_59355-2	22	21	1	0	scaffold_2	1995881	2045881
Aspergillus_fumigatus_IFM_59355-2	20	19	1	0	scaffold_6	3093097	3143097
Aspergillus_fumigatus_IFM_59355-2	16	13	3	0	scaffold_5	2468336	2518336
Aspergillus_fumigatus_IFM_59355-2	19	15	4	0	scaffold_1	4230162	4280162
Aspergillus_fumigatus_IFM_59355-2	18	18	0	0	scaffold_2	1295827	1345827
Aspergillus_fumigatus_IFM_59355-2	20	18	2	0	scaffold_2	2641434	2691434
Aspergillus_fumigatus_IFM_59355-2	20	17	3	0	scaffold_6	1149677	1199677
Aspergillus_fumigatus_IFM_59355-2	16	15	1	0	scaffold_5	541193	591193
Aspergillus_fumigatus_IFM_59355-2	21	21	0	0	scaffold_4	431021	481021
Aspergillus_fumigatus_IFM_59355-2	21	19	2	0	scaffold_1	3868411	3918411
Aspergillus_fumigatus_IFM_59355-2	18	16	2	0	scaffold_2	2104914	2154914
Aspergillus_fumigatus_IFM_59355-2	0	0	0	0	scaffold_8	718033	768033
Aspergillus_fumigatus_IFM_59355-2	17	14	3	0	scaffold_3	3804313	3854313
Aspergillus_fumigatus_IFM_59355-2	17	17	0	0	scaffold_1	509798	559798
Aspergillus_fumigatus_IFM_59355-2	22	15	7	0	scaffold_5	2212362	2262362
Aspergillus_fumigatus_IFM_59355-2	24	22	2	0	scaffold_5	1074266	1124266
Aspergillus_fumigatus_IFM_59355-2	19	19	0	0	scaffold_6	3166099	3216099
Aspergillus_fumigatus_IFM_59355-2	15	14	1	0	scaffold_3	2257473	2307473
Aspergillus_fumigatus_IFM_59355-2	24	20	4	0	scaffold_5	749685	799685
Aspergillus_fumigatus_IFM_59355-2	18	18	0	0	scaffold_7	1076792	1126792
Aspergillus_fumigatus_IFM_59355-2	23	22	1	0	scaffold_2	1977544	2027544
Aspergillus_fumigatus_IFM_59355-2	23	18	5	0	scaffold_1	4116200	4166200
Aspergillus_fumigatus_IFM_59355-2	15	14	1	0	scaffold_3	3417485	3467485
Aspergillus_fumigatus_IFM_59355-2	16	14	2	0	scaffold_3	3393902	3443902
Aspergillus_fumigatus_IFM_59355-2	21	18	3	0	scaffold_1	379793	429793
Aspergillus_fumigatus_IFM_59355-2	26	23	3	0	scaffold_4	3682561	3732561
Aspergillus_fumigatus_IFM_59355-2	24	21	3	0	scaffold_7	1602115	1652115
Aspergillus_fumigatus_IFM_59355-2	19	17	2	0	scaffold_2	2967360	3017360
Aspergillus_fumigatus_IFM_59355-2	20	17	3	0	scaffold_6	1144775	1194775
Aspergillus_fumigatus_IFM_59355-2	17	16	1	0	scaffold_4	1175774	1225774
Aspergillus_fumigatus_IFM_59355-2	20	19	1	0	scaffold_2	1942938	1992938
Aspergillus_fumigatus_IFM_59355-2	19	16	3	0	scaffold_7	1379837	1429837
Aspergillus_fumigatus_IFM_59355-2	12	11	1	0	scaffold_1	2918779	2968779
Aspergillus_fumigatus_IFM_59355-2	27	4	23	0	scaffold_4	3421531	3471531
Aspergillus_fumigatus_IFM_59355-2	20	19	1	0	scaffold_2	3086614	3136614
Aspergillus_fumigatus_IFM_59355-2	18	16	2	0	scaffold_2	3582516	3632516
Aspergillus_fumigatus_IFM_59355-2	21	20	1	0	scaffold_8	921636	971636
Aspergillus_fumigatus_IFM_59355-2	20	16	4	0	scaffold_8	435691	485691
Aspergillus_fumigatus_IFM_59355-2	25	24	1	0	scaffold_2	4009317	4059317
Aspergillus_fumigatus_IFM_59355-2	20	17	3	0	scaffold_5	665974	715974
Aspergillus_fumigatus_IFM_59355-2	20	1	19	0	scaffold_4	3449672	3499672
Aspergillus_fumigatus_IFM_59355-2	20	20	0	0	scaffold_4	3063674	3113674
Aspergillus_fumigatus_IFM_59355-2	17	14	3	0	scaffold_1	1416735	1466735
Aspergillus_fumigatus_IFM_59355-2	15	11	4	0	scaffold_1	1025210	1075210
Aspergillus_fumigatus_IFM_59355-2	17	17	0	0	scaffold_5	1584670	1634670
Aspergillus_fumigatus_IFM_59355-2	15	13	2	0	scaffold_6	3412982	3462982
Aspergillus_fumigatus_IFM_59355-2	15	14	1	0	scaffold_4	2837063	2887063
Aspergillus_fumigatus_IFM_59355-2	19	18	1	0	scaffold_4	1717343	1767343
Aspergillus_fumigatus_IFM_59355-2	21	20	1	0	scaffold_4	3356100	3406100
Aspergillus_fumigatus_IFM_59355-2	17	17	0	0	scaffold_1	2258603	2308603
Aspergillus_fumigatus_IFM_59355-2	17	0	17	0	scaffold_8	1898328	1948328
Aspergillus_fumigatus_IFM_59355-2	18	16	2	0	scaffold_8	90182	140182
Aspergillus_fumigatus_IFM_59355-2	22	22	0	0	scaffold_5	2921315	2971315
Aspergillus_fumigatus_IFM_59355-2	18	17	1	0	scaffold_4	2894980	2944980
Aspergillus_fumigatus_IFM_59355-2	19	17	2	0	scaffold_5	860634	910634
Aspergillus_fumigatus_IFM_59355-2	22	21	1	0	scaffold_7	247995	297995
Aspergillus_fumigatus_IFM_59355-2	22	20	2	0	scaffold_3	2801015	2851015
Aspergillus_fumigatus_IFM_59355-2	19	19	0	0	scaffold_2	2335423	2385423
Aspergillus_fumigatus_IFM_59355-2	18	18	0	0	scaffold_1	2538460	2588460
Aspergillus_fumigatus_IFM_59355-2	18	17	1	0	scaffold_1	1203191	1253191
Aspergillus_fumigatus_IFM_59355-2	18	17	1	0	scaffold_2	3061367	3111367
Aspergillus_fumigatus_IFM_59355-2	14	14	0	0	scaffold_4	1222862	1272862
Aspergillus_fumigatus_IFM_59355-2	19	16	3	0	scaffold_6	806841	856841
Aspergillus_fumigatus_IFM_59355-2	7	6	1	0	scaffold_4	1036332	1086332
Aspergillus_fumigatus_IFM_59355-2	21	21	0	0	scaffold_1	3388291	3438291
Aspergillus_fumigatus_IFM_59355-2	19	18	1	0	scaffold_7	1804337	1854337
Aspergillus_fumigatus_IFM_59355-2	16	16	0	0	scaffold_3	3439286	3489286
Aspergillus_fumigatus_IFM_59355-2	21	19	2	0	scaffold_8	195792	245792
Aspergillus_fumigatus_IFM_59355-2	8	6	2	0	scaffold_4	3135347	3185347
Aspergillus_fumigatus_IFM_59355-2	17	17	0	0	scaffold_5	199956	249956
Aspergillus_fumigatus_IFM_59355-2	23	15	8	0	scaffold_6	2260943	2310943
Aspergillus_fumigatus_IFM_59355-2	18	16	2	0	scaffold_3	2173498	2223498
Aspergillus_fumigatus_IFM_59355-2	14	12	2	0	scaffold_1	1045105	1095105
Aspergillus_fumigatus_IFM_59355-2	18	18	0	0	scaffold_4	2479898	2529898
Aspergillus_fumigatus_IFM_59355-2	12	9	3	0	scaffold_6	241755	291755
Aspergillus_fumigatus_IFM_59355-2	22	21	1	0	scaffold_8	319323	369323
Aspergillus_fumigatus_IFM_59355-2	25	23	2	0	scaffold_2	1378002	1428002
Aspergillus_fumigatus_IFM_59355-2	18	17	1	0	scaffold_7	782067	832067
Aspergillus_fumigatus_IFM_59355-2	18	18	0	0	scaffold_5	3069471	3119471
Aspergillus_fumigatus_IFM_59355-2	23	21	2	0	scaffold_2	2026998	2076998
Aspergillus_fumigatus_IFM_59355-2	17	15	2	0	scaffold_4	1754746	1804746
Aspergillus_fumigatus_IFM_59355-2	19	17	2	0	scaffold_1	3242005	3292005
Aspergillus_fumigatus_IFM_59355-2	17	17	0	0	scaffold_4	2192420	2242420
Aspergillus_fumigatus_IFM_59355-2	17	16	1	0	scaffold_5	2738782	2788782
Aspergillus_fumigatus_IFM_59355-2	18	15	3	0	scaffold_1	3651078	3701078
Aspergillus_fumigatus_IFM_59355-2	16	13	3	0	scaffold_1	3628797	3678797
Aspergillus_fumigatus_IFM_59355-2	24	23	1	0	scaffold_8	872467	922467
Aspergillus_fumigatus_IFM_59355-2	19	14	5	0	scaffold_8	1078082	1128082
Aspergillus_fumigatus_IFM_59355-2	14	14	0	0	scaffold_3	2872841	2922841
Aspergillus_fumigatus_IFM_59355-2	21	19	2	0	scaffold_2	856336	906336
Aspergillus_fumigatus_IFM_59355-2	18	15	3	0	scaffold_3	836700	886700
Aspergillus_fumigatus_IFM_59355-2	16	15	1	0	scaffold_6	1080136	1130136
Aspergillus_fumigatus_IFM_59355-2	17	17	0	0	scaffold_4	2585716	2635716
Aspergillus_fumigatus_IFM_59355-2	11	11	0	0	scaffold_8	680149	730149
Aspergillus_fumigatus_IFM_59355-2	25	21	4	0	scaffold_6	2807766	2857766
Aspergillus_fumigatus_IFM_59355-2	18	17	1	0	scaffold_4	162838	212838
Aspergillus_fumigatus_IFM_59355-2	16	13	3	0	scaffold_1	3643741	3693741
Aspergillus_fumigatus_IFM_59355-2	22	20	2	0	scaffold_7	281710	331710
Aspergillus_fumigatus_IFM_59355-2	23	22	1	0	scaffold_5	1862005	1912005
Aspergillus_fumigatus_IFM_59355-2	15	15	0	0	scaffold_2	2752733	2802733
Aspergillus_fumigatus_IFM_59355-2	24	23	1	0	scaffold_3	1310317	1360317
Aspergillus_fumigatus_IFM_59355-2	20	19	1	0	scaffold_2	2420555	2470555
Aspergillus_fumigatus_IFM_59355-2	22	19	3	0	scaffold_6	1981250	2031250
Aspergillus_fumigatus_IFM_59355-2	21	20	1	0	scaffold_2	3825526	3875526
Aspergillus_fumigatus_IFM_59355-2	3	3	0	0	scaffold_7	917497	967497
Aspergillus_fumigatus_IFM_59355-2	20	19	1	0	scaffold_4	2779971	2829971
Aspergillus_fumigatus_IFM_59355-2	17	17	0	0	scaffold_1	1706491	1756491
Aspergillus_fumigatus_IFM_59355-2	21	16	5	0	scaffold_4	1523478	1573478
Aspergillus_fumigatus_IFM_59355-2	25	19	6	0	scaffold_1	153959	203959
Aspergillus_fumigatus_IFM_59355-2	18	17	1	0	scaffold_2	2952460	3002460
Aspergillus_fumigatus_IFM_59355-2	29	24	5	0	scaffold_5	3400108	3450108
Aspergillus_fumigatus_IFM_59355-2	18	18	0	0	scaffold_1	2365865	2415865
Aspergillus_fumigatus_IFM_59355-2	20	17	3	0	scaffold_7	1876753	1926753
Aspergillus_fumigatus_IFM_59355-2	19	19	0	0	scaffold_4	2209477	2259477
Aspergillus_fumigatus_IFM_59355-2	19	4	15	0	scaffold_1	4305075	4355075
Aspergillus_fumigatus_IFM_59355-2	18	18	0	0	scaffold_1	421393	471393
Aspergillus_fumigatus_IFM_59355-2	19	19	0	0	scaffold_1	2653384	2703384
Aspergillus_fumigatus_IFM_59355-2	21	19	2	0	scaffold_1	227656	277656
Aspergillus_fumigatus_IFM_59355-2	17	16	1	0	scaffold_8	962504	1012504
Aspergillus_fumigatus_IFM_59355-2	19	19	0	0	scaffold_1	622700	672700
Aspergillus_fumigatus_IFM_59355-2	23	20	3	0	scaffold_6	2813382	2863382
Aspergillus_fumigatus_IFM_59355-2	16	15	1	0	scaffold_8	20770	70770
Aspergillus_fumigatus_IFM_59355-2	26	24	2	0	scaffold_5	3637639	3687639
Aspergillus_fumigatus_IFM_59355-2	20	18	2	0	scaffold_5	2001120	2051120
Aspergillus_fumigatus_IFM_59355-2	15	12	3	0	scaffold_6	2351368	2401368
Aspergillus_fumigatus_IFM_59355-2	21	20	1	0	scaffold_8	899988	949988
Aspergillus_fumigatus_IFM_59355-2	17	14	3	0	scaffold_8	472179	522179
Aspergillus_fumigatus_IFM_59355-2	18	16	2	0	scaffold_6	2238500	2288500
Aspergillus_fumigatus_IFM_59355-2	0	0	0	0	scaffold_6	1233492	1283492
Aspergillus_fumigatus_IFM_59355-2	18	17	1	0	scaffold_4	2828671	2878671
Aspergillus_fumigatus_IFM_59355-2	20	18	2	0	scaffold_5	426502	476502
Aspergillus_fumigatus_IFM_59355-2	16	15	1	0	scaffold_5	2735818	2785818
Aspergillus_fumigatus_IFM_59355-2	19	16	3	0	scaffold_6	2840411	2890411
Aspergillus_fumigatus_IFM_59355-2	16	16	0	0	scaffold_1	699441	749441
Aspergillus_fumigatus_IFM_59355-2	22	20	2	0	scaffold_6	650516	700516
Aspergillus_fumigatus_IFM_59355-2	18	17	1	0	scaffold_3	1591028	1641028
Aspergillus_fumigatus_IFM_59355-2	17	17	0	0	scaffold_7	1091873	1141873
Aspergillus_fumigatus_IFM_59355-2	16	15	1	0	scaffold_8	1326406	1376406
Aspergillus_fumigatus_IFM_59355-2	16	16	0	0	scaffold_6	3195659	3245659
Aspergillus_fumigatus_IFM_59355-2	20	20	0	0	scaffold_4	2982033	3032033
Aspergillus_fumigatus_IFM_59355-2	19	17	2	0	scaffold_1	2177058	2227058
Aspergillus_fumigatus_IFM_59355-2	20	18	2	0	scaffold_7	1233206	1283206
Aspergillus_fumigatus_IFM_59355-2	16	15	1	0	scaffold_3	1844887	1894887
Aspergillus_fumigatus_IFM_59355-2	16	15	1	0	scaffold_6	1708523	1758523
Aspergillus_fumigatus_IFM_59355-2	21	21	0	0	scaffold_6	3461813	3511813
Aspergillus_fumigatus_IFM_59355-2	24	11	13	0	scaffold_4	3399908	3449908
Aspergillus_fumigatus_IFM_59355-2	20	18	2	0	scaffold_2	846552	896552
Aspergillus_fumigatus_IFM_59355-2	22	16	6	0	scaffold_8	1506187	1556187
Aspergillus_fumigatus_IFM_59355-2	16	1	15	0	scaffold_3	632066	682066
Aspergillus_fumigatus_IFM_59355-2	16	14	2	0	scaffold_5	692104	742104
Aspergillus_fumigatus_IFM_59355-2	21	19	2	0	scaffold_6	2988278	3038278
Aspergillus_fumigatus_IFM_59355-2	16	15	1	0	scaffold_5	989145	1039145
Aspergillus_fumigatus_IFM_59355-2	17	16	1	0	scaffold_2	1275951	1325951
Aspergillus_fumigatus_IFM_59355-2	20	1	19	0	scaffold_3	1015167	1065167
Aspergillus_fumigatus_IFM_59355-2	16	1	15	0	scaffold_3	635305	685305
Aspergillus_fumigatus_IFM_59355-2	18	18	0	0	scaffold_4	2152555	2202555
Aspergillus_fumigatus_IFM_59355-2	13	10	3	0	scaffold_6	246218	296218
Aspergillus_fumigatus_IFM_59355-2	18	16	2	0	scaffold_1	1591115	1641115
Aspergillus_fumigatus_IFM_59355-2	22	21	1	0	scaffold_2	2411579	2461579
Aspergillus_fumigatus_IFM_59355-2	18	17	1	0	scaffold_5	2616716	2666716
Aspergillus_fumigatus_IFM_59355-2	18	17	1	0	scaffold_6	3062555	3112555
Aspergillus_fumigatus_IFM_59355-2	19	5	14	0	scaffold_3	1062899	1112899
Aspergillus_fumigatus_IFM_59355-2	19	18	1	0	scaffold_2	3082872	3132872
Aspergillus_fumigatus_IFM_59355-2	18	17	1	0	scaffold_4	593682	643682
Aspergillus_fumigatus_IFM_59355-2	17	16	1	0	scaffold_6	1092612	1142612
Aspergillus_fumigatus_IFM_59355-2	15	15	0	0	scaffold_7	818044	868044
Aspergillus_fumigatus_IFM_59355-2	24	21	3	0	scaffold_3	2413817	2463817
Aspergillus_fumigatus_IFM_59355-2	25	22	3	0	scaffold_4	3707560	3757560
Aspergillus_fumigatus_IFM_59355-2	20	20	0	0	scaffold_8	517161	567161
Aspergillus_fumigatus_IFM_59355-2	18	17	1	0	scaffold_7	1147097	1197097
Aspergillus_fumigatus_IFM_59355-2	20	18	2	0	scaffold_2	132236	182236
Aspergillus_fumigatus_IFM_59355-2	22	20	2	0	scaffold_7	1817700	1867700
Aspergillus_fumigatus_IFM_59355-2	25	25	0	0	scaffold_5	1822903	1872903
Aspergillus_fumigatus_IFM_59355-2	18	15	3	0	scaffold_5	676572	726572
Aspergillus_fumigatus_IFM_59355-2	17	17	0	0	scaffold_2	3324639	3374639
Aspergillus_fumigatus_IFM_59355-2	20	20	0	0	scaffold_8	1405233	1455233
Aspergillus_fumigatus_IFM_59355-2	19	18	1	0	scaffold_3	2904912	2954912
Aspergillus_fumigatus_IFM_59355-2	24	18	6	0	scaffold_8	1147785	1197785
Aspergillus_fumigatus_IFM_59355-2	20	17	3	0	scaffold_3	137400	187400
Aspergillus_fumigatus_IFM_59355-2	20	18	2	0	scaffold_7	772586	822586
Aspergillus_fumigatus_IFM_59355-2	19	19	0	0	scaffold_7	1106063	1156063
Aspergillus_fumigatus_IFM_59355-2	19	5	14	0	scaffold_1	4307451	4357451
Aspergillus_fumigatus_IFM_59355-2	19	18	1	0	scaffold_4	168746	218746
Aspergillus_fumigatus_IFM_59355-2	7	0	7	0	scaffold_8	1805847	1855847
Aspergillus_fumigatus_IFM_59355-2	19	17	2	0	scaffold_4	2739711	2789711
Aspergillus_fumigatus_IFM_59355-2	23	17	6	0	scaffold_8	1521575	1571575
Aspergillus_fumigatus_IFM_59355-2	17	15	2	0	scaffold_7	1042225	1092225
Aspergillus_fumigatus_IFM_59355-2	14	14	0	0	scaffold_4	2617966	2667966
Aspergillus_fumigatus_IFM_59355-2	13	10	3	0	scaffold_3	3384370	3434370
Aspergillus_fumigatus_IFM_59355-2	18	18	0	0	scaffold_1	1331909	1381909
Aspergillus_fumigatus_IFM_59355-2	17	16	1	0	scaffold_3	3264082	3314082
Aspergillus_fumigatus_IFM_59355-2	21	21	0	0	scaffold_3	2353936	2403936
Aspergillus_fumigatus_IFM_59355-2	19	18	1	0	scaffold_2	89393	139393
Aspergillus_fumigatus_IFM_59355-2	16	15	1	0	scaffold_2	318022	368022
Aspergillus_fumigatus_IFM_59355-2	16	13	3	0	scaffold_1	3414081	3464081
Aspergillus_fumigatus_IFM_59355-2	13	13	0	0	scaffold_4	2602083	2652083
Aspergillus_fumigatus_IFM_59355-2	27	25	2	0	scaffold_2	41274	91274
Aspergillus_fumigatus_IFM_59355-2	13	13	0	0	scaffold_2	3774957	3824957
Aspergillus_fumigatus_IFM_59355-2	22	22	0	0	scaffold_5	2940747	2990747
Aspergillus_fumigatus_IFM_59355-2	22	20	2	0	scaffold_8	541976	591976
Aspergillus_fumigatus_IFM_59355-2	15	15	0	0	scaffold_4	3102207	3152207
Aspergillus_fumigatus_IFM_59355-2	21	16	5	0	scaffold_8	1063202	1113202
Aspergillus_fumigatus_IFM_59355-2	18	9	9	0	scaffold_3	1074515	1124515
Aspergillus_fumigatus_IFM_59355-2	21	17	4	0	scaffold_5	735096	785096
Aspergillus_fumigatus_IFM_59355-2	24	21	3	0	scaffold_4	2436967	2486967
Aspergillus_fumigatus_IFM_59355-2	19	16	3	0	scaffold_1	3267600	3317600
Aspergillus_fumigatus_IFM_59355-2	13	5	8	0	scaffold_7	871644	921644
Aspergillus_fumigatus_IFM_59355-2	19	16	3	0	scaffold_1	3165343	3215343
Aspergillus_fumigatus_IFM_59355-2	17	14	3	0	scaffold_4	1749307	1799307
Aspergillus_fumigatus_IFM_59355-2	20	16	4	0	scaffold_1	2981115	3031115
Aspergillus_fumigatus_IFM_59355-2	18	18	0	0	scaffold_3	1968213	2018213
Aspergillus_fumigatus_IFM_59355-2	18	17	1	0	scaffold_7	1166158	1216158
Aspergillus_fumigatus_IFM_59355-2	17	15	2	0	scaffold_4	1568473	1618473
Aspergillus_fumigatus_IFM_59355-2	14	12	2	0	scaffold_6	1466350	1516350
Aspergillus_fumigatus_IFM_59355-2	19	17	2	0	scaffold_3	2593507	2643507
Aspergillus_fumigatus_IFM_59355-2	22	21	1	0	scaffold_2	1998106	2048106
Aspergillus_fumigatus_IFM_59355-2	17	13	4	0	scaffold_7	1908366	1958366
Aspergillus_fumigatus_IFM_59355-2	15	15	0	0	scaffold_8	623784	673784
Aspergillus_fumigatus_IFM_59355-2	25	21	4	0	scaffold_6	2788289	2838289
Aspergillus_fumigatus_IFM_59355-2	14	12	2	0	scaffold_1	1041095	1091095
Aspergillus_fumigatus_IFM_59355-2	19	18	1	0	scaffold_5	1415808	1465808
Aspergillus_fumigatus_IFM_59355-2	17	16	1	0	scaffold_4	2958582	3008582
Aspergillus_fumigatus_IFM_59355-2	14	13	1	0	scaffold_1	1281650	1331650
Aspergillus_fumigatus_IFM_59355-2	18	17	1	0	scaffold_5	1515897	1565897
Aspergillus_fumigatus_IFM_59355-2	13	13	0	0	scaffold_2	3773696	3823696
Aspergillus_fumigatus_IFM_59355-2	19	19	0	0	scaffold_4	1980018	2030018
Aspergillus_fumigatus_IFM_59355-2	18	14	4	0	scaffold_6	1502958	1552958
Aspergillus_fumigatus_IFM_59355-2	17	16	1	0	scaffold_1	3985721	4035721
Aspergillus_fumigatus_IFM_59355-2	25	21	4	0	scaffold_2	1915791	1965791
Aspergillus_fumigatus_IFM_59355-2	17	16	1	0	scaffold_6	1761241	1811241
Aspergillus_fumigatus_IFM_59355-2	22	14	8	0	scaffold_3	3694411	3744411
Aspergillus_fumigatus_IFM_59355-2	21	20	1	0	scaffold_4	2536350	2586350
Aspergillus_fumigatus_IFM_59355-2	18	15	3	0	scaffold_6	2855773	2905773
Aspergillus_fumigatus_IFM_59355-2	19	18	1	0	scaffold_3	2807546	2857546
Aspergillus_fumigatus_IFM_59355-2	18	17	1	0	scaffold_4	2504268	2554268
Aspergillus_fumigatus_IFM_59355-2	14	12	2	0	scaffold_4	1001540	1051540
Aspergillus_fumigatus_IFM_59355-2	16	13	3	0	scaffold_5	64614	114614
Aspergillus_fumigatus_IFM_59355-2	23	18	5	0	scaffold_7	520918	570918
Aspergillus_fumigatus_IFM_59355-2	8	7	1	0	scaffold_5	1242599	1292599
Aspergillus_fumigatus_IFM_59355-2	19	16	3	0	scaffold_4	2090488	2140488
Aspergillus_fumigatus_IFM_59355-2	23	21	2	0	scaffold_3	2790292	2840292
Aspergillus_fumigatus_IFM_59355-2	23	20	3	0	scaffold_1	315817	365817
Aspergillus_fumigatus_IFM_59355-2	12	10	2	0	scaffold_4	1004286	1054286
Aspergillus_fumigatus_IFM_59355-2	15	13	2	0	scaffold_7	658745	708745
Aspergillus_fumigatus_IFM_59355-2	18	16	2	0	scaffold_5	3364304	3414304
Aspergillus_fumigatus_IFM_59355-2	17	16	1	0	scaffold_2	2731960	2781960
Aspergillus_fumigatus_IFM_59355-2	19	15	4	0	scaffold_1	2977625	3027625
Aspergillus_fumigatus_IFM_59355-2	13	13	0	0	scaffold_8	617325	667325
Aspergillus_fumigatus_IFM_59355-2	20	18	2	0	scaffold_2	3505105	3555105
Aspergillus_fumigatus_IFM_59355-2	19	17	2	0	scaffold_6	2998595	3048595
Aspergillus_fumigatus_IFM_59355-2	22	17	5	0	scaffold_4	305332	355332
Aspergillus_fumigatus_IFM_59355-2	16	16	0	0	scaffold_2	981698	1031698
Aspergillus_fumigatus_IFM_59355-2	17	17	0	0	scaffold_3	3189837	3239837
Aspergillus_fumigatus_IFM_59355-2	24	21	3	0	scaffold_4	2400842	2450842
Aspergillus_fumigatus_IFM_59355-2	18	16	2	0	scaffold_7	1371218	1421218
Aspergillus_fumigatus_IFM_59355-2	9	7	2	0	scaffold_2	2509458	2559458
Aspergillus_fumigatus_IFM_59355-2	19	17	2	0	scaffold_2	1755166	1805166
Aspergillus_fumigatus_IFM_59355-2	19	18	1	0	scaffold_5	1415810	1465810
Aspergillus_fumigatus_IFM_59355-2	20	15	5	0	scaffold_5	718525	768525
Aspergillus_fumigatus_IFM_59355-2	7	0	7	0	scaffold_8	1714480	1764480
Aspergillus_fumigatus_IFM_59355-2	26	23	3	0	scaffold_2	1376671	1426671
Aspergillus_fumigatus_IFM_59355-2	15	14	1	0	scaffold_2	1018666	1068666
Aspergillus_fumigatus_IFM_59355-2	20	20	0	0	scaffold_1	2226863	2276863
Aspergillus_fumigatus_IFM_59355-2	17	17	0	0	scaffold_1	968190	1018190
Aspergillus_fumigatus_IFM_59355-2	20	18	2	0	scaffold_2	2391568	2441568
Aspergillus_fumigatus_IFM_59355-2	0	0	0	0	scaffold_5	1224609	1274609
Aspergillus_fumigatus_IFM_59355-2	22	20	2	0	scaffold_6	2770083	2820083
Aspergillus_fumigatus_IFM_59355-2	21	17	4	0	scaffold_1	4124862	4174862
Aspergillus_fumigatus_IFM_59355-2	17	14	3	0	scaffold_3	2115840	2165840
Aspergillus_fumigatus_IFM_59355-2	16	15	1	0	scaffold_3	1542310	1592310
Aspergillus_fumigatus_IFM_59355-2	21	21	0	0	scaffold_5	1397095	1447095
Aspergillus_fumigatus_IFM_59355-2	12	10	2	0	scaffold_2	3910166	3960166
Aspergillus_fumigatus_IFM_59355-2	16	15	1	0	scaffold_3	2205546	2255546
Aspergillus_fumigatus_IFM_59355-2	18	16	2	0	scaffold_2	2127609	2177609
Aspergillus_fumigatus_IFM_59355-2	6	5	1	0	scaffold_2	1843126	1893126
Aspergillus_fumigatus_IFM_59355-2	21	21	0	0	scaffold_3	571818	621818
Aspergillus_fumigatus_IFM_59355-2	18	18	0	0	scaffold_1	417840	467840
Aspergillus_fumigatus_IFM_59355-2	20	19	1	0	scaffold_1	1962352	2012352
Aspergillus_fumigatus_IFM_59355-2	18	17	1	0	scaffold_4	2828088	2878088
Aspergillus_fumigatus_IFM_59355-2	13	13	0	0	scaffold_4	619342	669342
Aspergillus_fumigatus_IFM_59355-2	17	16	1	0	scaffold_3	2813646	2863646
Aspergillus_fumigatus_IFM_59355-2	20	19	1	0	scaffold_6	1571080	1621080
Aspergillus_fumigatus_IFM_59355-2	15	2	13	0	scaffold_5	98136	148136
Aspergillus_fumigatus_IFM_59355-2	22	21	1	0	scaffold_5	1934526	1984526
Aspergillus_fumigatus_IFM_59355-2	13	12	1	0	scaffold_1	3070367	3120367
Aspergillus_fumigatus_IFM_59355-2	19	16	3	0	scaffold_7	543152	593152
Aspergillus_fumigatus_IFM_59355-2	19	16	3	0	scaffold_3	838131	888131
Aspergillus_fumigatus_IFM_59355-2	18	17	1	0	scaffold_2	91433	141433
Aspergillus_fumigatus_IFM_59355-2	22	21	1	0	scaffold_2	4044491	4094491
Aspergillus_fumigatus_IFM_59355-2	15	12	3	0	scaffold_4	2072261	2122261
Aspergillus_fumigatus_IFM_59355-2	16	14	2	0	scaffold_4	2700503	2750503
Aspergillus_fumigatus_IFM_59355-2	19	19	0	0	scaffold_3	222144	272144
Aspergillus_fumigatus_IFM_59355-2	22	20	2	0	scaffold_1	3004680	3054680
Aspergillus_fumigatus_IFM_59355-2	23	22	1	0	scaffold_8	150451	200451
Aspergillus_fumigatus_IFM_59355-2	19	18	1	0	scaffold_1	225871	275871
Aspergillus_fumigatus_IFM_59355-2	8	7	1	0	scaffold_1	1787253	1837253
Aspergillus_fumigatus_IFM_59355-2	5	4	1	0	scaffold_5	1236593	1286593
Aspergillus_fumigatus_IFM_59355-2	21	20	1	0	scaffold_5	1915402	1965402
Aspergillus_fumigatus_IFM_59355-2	18	17	1	0	scaffold_3	1613182	1663182
Aspergillus_fumigatus_IFM_59355-2	22	19	3	0	scaffold_7	23784	73784
Aspergillus_fumigatus_IFM_59355-2	6	5	1	0	scaffold_3	1443604	1493604
Aspergillus_fumigatus_IFM_59355-2	15	15	0	0	scaffold_4	1243551	1293551
Aspergillus_fumigatus_IFM_59355-2	23	22	1	0	scaffold_4	843017	893017
Aspergillus_fumigatus_IFM_59355-2	18	15	3	0	scaffold_6	1857122	1907122
Aspergillus_fumigatus_IFM_59355-2	21	18	3	0	scaffold_7	227337	277337
Aspergillus_fumigatus_IFM_59355-2	16	15	1	0	scaffold_4	684262	734262
Aspergillus_fumigatus_IFM_59355-2	17	13	4	0	scaffold_3	3773853	3823853
Aspergillus_fumigatus_IFM_59355-2	11	9	2	0	scaffold_2	2521287	2571287
Aspergillus_fumigatus_IFM_59355-2	21	16	5	0	scaffold_6	2872303	2922303
Aspergillus_fumigatus_IFM_59355-2	21	20	1	0	scaffold_6	3343820	3393820
Aspergillus_fumigatus_IFM_59355-2	14	5	9	0	scaffold_3	607135	657135
Aspergillus_fumigatus_IFM_59355-2	18	16	2	0	scaffold_3	1472390	1522390
Aspergillus_fumigatus_IFM_59355-2	19	17	2	0	scaffold_3	2593580	2643580
Aspergillus_fumigatus_IFM_59355-2	16	16	0	0	scaffold_4	489481	539481
Aspergillus_fumigatus_IFM_59355-2	14	14	0	0	scaffold_2	4391142	4441142
Aspergillus_fumigatus_IFM_59355-2	18	15	3	0	scaffold_3	857935	907935
Aspergillus_fumigatus_IFM_59355-2	23	19	4	0	scaffold_6	112477	162477
Aspergillus_fumigatus_IFM_59355-2	19	15	4	0	scaffold_7	425376	475376
Aspergillus_fumigatus_IFM_59355-2	19	18	1	0	scaffold_2	3097409	3147409
Aspergillus_fumigatus_IFM_59355-2	16	16	0	0	scaffold_8	578197	628197
Aspergillus_fumigatus_IFM_59355-2	26	2	24	0	scaffold_4	3428071	3478071
Aspergillus_fumigatus_IFM_59355-2	17	16	1	0	scaffold_5	1524603	1574603
Aspergillus_fumigatus_IFM_59355-2	25	22	3	0	scaffold_2	2048621	2098621
Aspergillus_fumigatus_IFM_59355-2	21	21	0	0	scaffold_4	3030834	3080834
Aspergillus_fumigatus_IFM_59355-2	17	15	2	0	scaffold_1	890754	940754
Aspergillus_fumigatus_IFM_59355-2	17	15	2	0	scaffold_8	1277474	1327474
Aspergillus_fumigatus_IFM_59355-2	17	17	0	0	scaffold_6	3603673	3653673
Aspergillus_fumigatus_IFM_59355-2	25	23	2	0	scaffold_8	1603218	1653218
Aspergillus_fumigatus_IFM_59355-2	17	15	2	0	scaffold_1	905394	955394
Aspergillus_fumigatus_IFM_59355-2	19	19	0	0	scaffold_8	502977	552977
Aspergillus_fumigatus_IFM_59355-2	13	9	4	0	scaffold_6	2922801	2972801
Aspergillus_fumigatus_IFM_59355-2	20	20	0	0	scaffold_1	568889	618889
Aspergillus_fumigatus_IFM_59355-2	19	15	4	0	scaffold_6	122686	172686
Aspergillus_fumigatus_IFM_59355-2	19	17	2	0	scaffold_8	89503	139503
Aspergillus_fumigatus_IFM_59355-2	7	7	0	0	scaffold_1	1886553	1936553
Aspergillus_fumigatus_IFM_59355-2	18	18	0	0	scaffold_4	968697	1018697
Aspergillus_fumigatus_IFM_59355-2	23	16	7	0	scaffold_1	160732	210732
Aspergillus_fumigatus_IFM_59355-2	16	16	0	0	scaffold_1	1334342	1384342
Aspergillus_fumigatus_IFM_59355-2	26	21	5	0	scaffold_8	275408	325408
Aspergillus_fumigatus_IFM_59355-2	22	21	1	0	scaffold_8	323912	373912
Aspergillus_fumigatus_IFM_59355-2	23	22	1	0	scaffold_2	1984512	2034512
Aspergillus_fumigatus_IFM_59355-2	20	18	2	0	scaffold_6	1903104	1953104
Aspergillus_fumigatus_IFM_59355-2	18	18	0	0	scaffold_3	1935688	1985688
Aspergillus_fumigatus_IFM_59355-2	19	16	3	0	scaffold_2	2575344	2625344
Aspergillus_fumigatus_IFM_59355-2	16	15	1	0	scaffold_5	1440436	1490436
Aspergillus_fumigatus_IFM_59355-2	14	10	4	0	scaffold_7	630709	680709
Aspergillus_fumigatus_IFM_59355-2	18	18	0	0	scaffold_5	1591980	1641980
Aspergillus_fumigatus_IFM_59355-2	13	11	2	0	scaffold_4	1015873	1065873
Aspergillus_fumigatus_IFM_59355-2	13	12	1	0	scaffold_3	2997535	3047535
Aspergillus_fumigatus_IFM_59355-2	18	18	0	0	scaffold_5	1345748	1395748
Aspergillus_fumigatus_IFM_59355-2	16	15	0	1	scaffold_3	3474735	3524735
Aspergillus_fumigatus_IFM_59355-2	20	18	2	0	scaffold_6	1891117	1941117
Aspergillus_fumigatus_IFM_59355-2	16	16	0	0	scaffold_6	962154	1012154
Aspergillus_fumigatus_IFM_59355-2	18	16	1	1	scaffold_3	3483171	3533171
Aspergillus_fumigatus_IFM_59355-2	23	20	3	0	scaffold_1	142918	192918
Aspergillus_fumigatus_IFM_59355-2	19	19	0	0	scaffold_6	2050855	2100855
Aspergillus_fumigatus_IFM_59355-2	25	24	1	0	scaffold_3	4036082	4086082
Aspergillus_fumigatus_IFM_59355-2	19	17	2	0	scaffold_7	403645	453645
Aspergillus_fumigatus_IFM_59355-2	20	19	1	0	scaffold_6	876148	926148
Aspergillus_fumigatus_IFM_59355-2	20	19	1	0	scaffold_7	120251	170251
Aspergillus_fumigatus_IFM_59355-2	21	19	2	0	scaffold_7	1868450	1918450
Aspergillus_fumigatus_IFM_59355-2	17	15	2	0	scaffold_2	3573660	3623660
Aspergillus_fumigatus_IFM_59355-2	23	19	4	0	scaffold_1	3844001	3894001
Aspergillus_fumigatus_IFM_59355-2	18	15	3	0	scaffold_5	2433704	2483704
Aspergillus_fumigatus_IFM_59355-2	22	19	3	0	scaffold_7	2016758	2066758
Aspergillus_fumigatus_IFM_59355-2	17	14	3	0	scaffold_1	3412290	3462290
Aspergillus_fumigatus_IFM_59355-2	23	20	3	0	scaffold_8	1541196	1591196
Aspergillus_fumigatus_IFM_59355-2	21	20	1	0	scaffold_3	1772278	1822278
Aspergillus_fumigatus_IFM_59355-2	17	16	1	0	scaffold_5	3333268	3383268
Aspergillus_fumigatus_IFM_59355-2	12	10	2	0	scaffold_4	2057144	2107144
Aspergillus_fumigatus_IFM_59355-2	17	16	1	0	scaffold_4	1171097	1221097
Aspergillus_fumigatus_IFM_59355-2	19	16	3	0	scaffold_1	3251539	3301539
Aspergillus_fumigatus_IFM_59355-2	15	15	0	0	scaffold_1	2551914	2601914
Aspergillus_fumigatus_IFM_59355-2	12	10	2	0	scaffold_4	3116770	3166770
Aspergillus_fumigatus_IFM_59355-2	16	16	0	0	scaffold_6	1798755	1848755
Aspergillus_fumigatus_IFM_59355-2	14	12	2	0	scaffold_1	1040423	1090423
Aspergillus_fumigatus_IFM_59355-2	20	19	1	0	scaffold_4	259320	309320
Aspergillus_fumigatus_IFM_59355-2	17	9	8	0	scaffold_5	3600877	3650877
Aspergillus_fumigatus_IFM_59355-2	20	19	1	0	scaffold_6	2754046	2804046
Aspergillus_fumigatus_IFM_59355-2	21	20	1	0	scaffold_3	3113696	3163696
Aspergillus_fumigatus_IFM_59355-2	19	18	1	0	scaffold_4	2506981	2556981
Aspergillus_fumigatus_IFM_59355-2	19	13	6	0	scaffold_6	2906667	2956667
Aspergillus_fumigatus_IFM_59355-2	16	13	3	0	scaffold_6	232088	282088
Aspergillus_fumigatus_IFM_59355-2	23	19	4	0	scaffold_7	28661	78661
Aspergillus_fumigatus_IFM_59355-2	23	23	0	0	scaffold_5	1281927	1331927
Aspergillus_fumigatus_IFM_59355-2	13	12	1	0	scaffold_5	489253	539253
Aspergillus_fumigatus_IFM_59355-2	20	20	0	0	scaffold_4	2754361	2804361
Aspergillus_fumigatus_IFM_59355-2	17	15	2	0	scaffold_5	1975264	2025264
Aspergillus_fumigatus_IFM_59355-2	20	17	3	0	scaffold_6	2381483	2431483
Aspergillus_fumigatus_IFM_59355-2	20	20	0	0	scaffold_3	3530601	3580601
Aspergillus_fumigatus_IFM_59355-2	19	16	3	0	scaffold_6	1963356	2013356
Aspergillus_fumigatus_IFM_59355-2	18	17	1	0	scaffold_2	94360	144360
Aspergillus_fumigatus_IFM_59355-2	20	16	4	0	scaffold_8	1099864	1149864
Aspergillus_fumigatus_IFM_59355-2	19	15	4	0	scaffold_1	1662848	1712848
Aspergillus_fumigatus_IFM_59355-2	17	16	1	0	scaffold_2	3799972	3849972
Aspergillus_fumigatus_IFM_59355-2	26	24	2	0	scaffold_1	4485405	4535405
Aspergillus_fumigatus_IFM_59355-2	18	16	2	0	scaffold_1	4409788	4459788
Aspergillus_fumigatus_IFM_59355-2	22	17	5	0	scaffold_6	2445787	2495787
Aspergillus_fumigatus_IFM_59355-2	17	17	0	0	scaffold_4	2691906	2741906
Aspergillus_fumigatus_IFM_59355-2	21	19	2	0	scaffold_1	253895	303895
Aspergillus_fumigatus_IFM_59355-2	16	16	0	0	scaffold_5	1340827	1390827
Aspergillus_fumigatus_IFM_59355-2	18	16	2	0	scaffold_1	888142	938142
Aspergillus_fumigatus_IFM_59355-2	20	18	2	0	scaffold_6	3434541	3484541
Aspergillus_fumigatus_IFM_59355-2	18	15	3	0	scaffold_1	3266054	3316054
Aspergillus_fumigatus_IFM_59355-2	21	20	1	0	scaffold_6	2985836	3035836
Aspergillus_fumigatus_IFM_59355-2	16	16	0	0	scaffold_2	704976	754976
Aspergillus_fumigatus_IFM_59355-2	16	16	0	0	scaffold_4	504238	554238
Aspergillus_fumigatus_IFM_59355-2	23	22	1	0	scaffold_5	2894054	2944054
Aspergillus_fumigatus_IFM_59355-2	17	15	2	0	scaffold_7	1031192	1081192
Aspergillus_fumigatus_IFM_59355-2	19	17	2	0	scaffold_2	3875829	3925829
Aspergillus_fumigatus_IFM_59355-2	16	16	0	0	scaffold_2	3662228	3712228
Aspergillus_fumigatus_IFM_59355-2	22	20	2	0	scaffold_8	82285	132285
Aspergillus_fumigatus_IFM_59355-2	19	18	1	0	scaffold_4	158855	208855
Aspergillus_fumigatus_IFM_59355-2	22	21	1	0	scaffold_1	3769906	3819906
Aspergillus_fumigatus_IFM_59355-2	15	14	1	0	scaffold_5	1492606	1542606
Aspergillus_fumigatus_IFM_59355-2	18	17	1	0	scaffold_4	1318754	1368754
Aspergillus_fumigatus_IFM_59355-2	21	17	4	0	scaffold_8	451595	501595
Aspergillus_fumigatus_IFM_59355-2	17	17	0	0	scaffold_4	1937975	1987975
Aspergillus_fumigatus_IFM_59355-2	20	18	2	0	scaffold_6	3436090	3486090
Aspergillus_fumigatus_IFM_59355-2	18	17	1	0	scaffold_2	69992	119992
Aspergillus_fumigatus_IFM_59355-2	20	16	4	0	scaffold_1	4199534	4249534
Aspergillus_fumigatus_IFM_59355-2	18	17	1	0	scaffold_1	1075164	1125164
Aspergillus_fumigatus_IFM_59355-2	18	16	2	0	scaffold_4	2736672	2786672
Aspergillus_fumigatus_IFM_59355-2	17	16	1	0	scaffold_3	2179956	2229956
Aspergillus_fumigatus_IFM_59355-2	20	19	1	0	scaffold_4	823981	873981
Aspergillus_fumigatus_IFM_59355-2	16	15	1	0	scaffold_2	2942056	2992056
Aspergillus_fumigatus_IFM_59355-2	19	17	2	0	scaffold_4	1735151	1785151
Aspergillus_fumigatus_IFM_59355-2	11	2	9	0	scaffold_3	613982	663982
Aspergillus_fumigatus_IFM_59355-2	19	19	0	0	scaffold_4	751259	801259
Aspergillus_fumigatus_IFM_59355-2	20	17	3	0	scaffold_1	4512511	4562511
Aspergillus_fumigatus_IFM_59355-2	21	16	5	0	scaffold_7	5553	55553
Aspergillus_fumigatus_IFM_59355-2	20	20	0	0	scaffold_8	1416833	1466833
Aspergillus_fumigatus_IFM_59355-2	21	20	1	0	scaffold_6	2402590	2452590
Aspergillus_fumigatus_IFM_59355-2	20	19	1	0	scaffold_3	3849267	3899267
Aspergillus_fumigatus_IFM_59355-2	20	16	4	0	scaffold_7	426643	476643
Aspergillus_fumigatus_IFM_59355-2	18	17	1	0	scaffold_3	3049113	3099113
Aspergillus_fumigatus_IFM_59355-2	21	20	1	0	scaffold_6	1374317	1424317
Aspergillus_fumigatus_IFM_59355-2	26	25	1	0	scaffold_3	4007903	4057903
Aspergillus_fumigatus_IFM_59355-2	17	11	6	0	scaffold_7	836701	886701
Aspergillus_fumigatus_IFM_59355-2	18	18	0	0	scaffold_2	203007	253007
Aspergillus_fumigatus_IFM_59355-2	17	14	3	0	scaffold_4	3177373	3227373
Aspergillus_fumigatus_IFM_59355-2	22	20	2	0	scaffold_2	2647582	2697582
Aspergillus_fumigatus_IFM_59355-2	17	15	2	0	scaffold_1	1091418	1141418
Aspergillus_fumigatus_IFM_59355-2	21	15	6	0	scaffold_4	3519670	3569670
Aspergillus_fumigatus_IFM_59355-2	14	13	1	0	scaffold_6	3023997	3073997
Aspergillus_fumigatus_IFM_59355-2	18	18	0	0	scaffold_2	189852	239852
Aspergillus_fumigatus_IFM_59355-2	16	13	3	0	scaffold_7	214517	264517
Aspergillus_fumigatus_IFM_59355-2	29	18	11	0	scaffold_1	80569	130569
Aspergillus_fumigatus_IFM_59355-2	17	14	3	0	scaffold_4	3177436	3227436
Aspergillus_fumigatus_IFM_59355-2	7	0	7	0	scaffold_8	1796575	1846575
Aspergillus_fumigatus_IFM_59355-2	16	13	3	0	scaffold_6	194480	244480
Aspergillus_fumigatus_IFM_59355-2	29	24	5	0	scaffold_5	3384778	3434778
Aspergillus_fumigatus_IFM_59355-2	20	18	2	0	scaffold_2	1929500	1979500
Aspergillus_fumigatus_IFM_59355-2	18	17	1	0	scaffold_8	57040	107040
Aspergillus_fumigatus_IFM_59355-2	17	16	1	0	scaffold_7	1068376	1118376
Aspergillus_fumigatus_IFM_59355-2	19	18	1	0	scaffold_2	885497	935497
Aspergillus_fumigatus_IFM_59355-2	15	14	1	0	scaffold_3	2204560	2254560
Aspergillus_fumigatus_IFM_59355-2	20	20	0	0	scaffold_5	328974	378974
Aspergillus_fumigatus_IFM_59355-2	18	16	2	0	scaffold_8	574808	624808
Aspergillus_fumigatus_IFM_59355-2	26	22	4	0	scaffold_3	526710	576710
Aspergillus_fumigatus_IFM_59355-2	16	16	0	0	scaffold_3	2954590	3004590
Aspergillus_fumigatus_IFM_59355-2	16	16	0	0	scaffold_2	3018487	3068487
Aspergillus_fumigatus_IFM_59355-2	22	19	3	0	scaffold_6	1894754	1944754
Aspergillus_fumigatus_IFM_59355-2	13	12	1	0	scaffold_1	1051195	1101195
Aspergillus_fumigatus_IFM_59355-2	16	15	1	0	scaffold_5	1502131	1552131
Aspergillus_fumigatus_IFM_59355-2	19	17	2	0	scaffold_5	2053813	2103813
Aspergillus_fumigatus_IFM_59355-2	19	19	0	0	scaffold_3	3095829	3145829
Aspergillus_fumigatus_IFM_59355-2	21	19	2	0	scaffold_6	990392	1040392
Aspergillus_fumigatus_IFM_59355-2	16	16	0	0	scaffold_3	3072498	3122498
Aspergillus_fumigatus_IFM_59355-2	18	10	8	0	scaffold_4	3487321	3537321
Aspergillus_fumigatus_IFM_59355-2	19	16	3	0	scaffold_4	1650466	1700466
Aspergillus_fumigatus_IFM_59355-2	19	17	2	0	scaffold_2	2383209	2433209
