STRAIN	TOTAL	CORE	ACCESSORY	SINGLETON	CHROM	START	END
Aspergillus_fumigatus_Afu_1042_09	35	27	8	0	scaffold_3	2427438	2527438
Aspergillus_fumigatus_Afu_1042_09	39	36	3	0	scaffold_8	1112126	1212126
Aspergillus_fumigatus_Afu_1042_09	42	40	2	0	scaffold_5	1861845	1961845
Aspergillus_fumigatus_Afu_1042_09	42	35	7	0	scaffold_3	279742	379742
Aspergillus_fumigatus_Afu_1042_09	38	10	28	0	scaffold_1	4215699	4315699
Aspergillus_fumigatus_Afu_1042_09	52	40	12	0	scaffold_4	162203	262203
Aspergillus_fumigatus_Afu_1042_09	37	34	3	0	scaffold_3	2752303	2852303
Aspergillus_fumigatus_Afu_1042_09	38	36	2	0	scaffold_6	900959	1000959
Aspergillus_fumigatus_Afu_1042_09	38	38	0	0	scaffold_4	1001269	1101269
Aspergillus_fumigatus_Afu_1042_09	38	35	3	0	scaffold_4	1776886	1876886
Aspergillus_fumigatus_Afu_1042_09	35	33	2	0	scaffold_7	566744	666744
Aspergillus_fumigatus_Afu_1042_09	35	33	2	0	scaffold_1	2227199	2327199
Aspergillus_fumigatus_Afu_1042_09	47	43	4	0	scaffold_6	2615215	2715215
Aspergillus_fumigatus_Afu_1042_09	37	37	0	0	scaffold_5	3031507	3131507
Aspergillus_fumigatus_Afu_1042_09	37	34	3	0	scaffold_5	1474016	1574016
Aspergillus_fumigatus_Afu_1042_09	32	28	4	0	scaffold_2	1939763	2039763
Aspergillus_fumigatus_Afu_1042_09	38	36	2	0	scaffold_3	3040303	3140303
Aspergillus_fumigatus_Afu_1042_09	23	23	0	0	scaffold_3	1033493	1133493
Aspergillus_fumigatus_Afu_1042_09	33	31	2	0	scaffold_1	890785	990785
Aspergillus_fumigatus_Afu_1042_09	38	11	27	0	scaffold_1	4211358	4311358
Aspergillus_fumigatus_Afu_1042_09	35	25	10	0	scaffold_1	4477569	4577569
Aspergillus_fumigatus_Afu_1042_09	44	13	31	0	scaffold_3	1694656	1794656
Aspergillus_fumigatus_Afu_1042_09	41	37	4	0	scaffold_5	330875	430875
Aspergillus_fumigatus_Afu_1042_09	32	31	1	0	scaffold_2	3849063	3949063
Aspergillus_fumigatus_Afu_1042_09	38	35	3	0	scaffold_6	1658601	1758601
Aspergillus_fumigatus_Afu_1042_09	36	32	4	0	scaffold_2	1308068	1408068
Aspergillus_fumigatus_Afu_1042_09	36	34	2	0	scaffold_2	4008758	4108758
Aspergillus_fumigatus_Afu_1042_09	33	31	2	0	scaffold_1	936346	1036346
Aspergillus_fumigatus_Afu_1042_09	43	40	3	0	scaffold_3	3731519	3831519
Aspergillus_fumigatus_Afu_1042_09	37	34	3	0	scaffold_5	879016	979016
Aspergillus_fumigatus_Afu_1042_09	33	31	2	0	scaffold_5	2052207	2152207
Aspergillus_fumigatus_Afu_1042_09	36	30	6	0	scaffold_7	1358295	1458295
Aspergillus_fumigatus_Afu_1042_09	34	27	7	0	scaffold_5	2231223	2331223
Aspergillus_fumigatus_Afu_1042_09	36	34	2	0	scaffold_2	504530	604530
Aspergillus_fumigatus_Afu_1042_09	42	37	5	0	scaffold_3	157264	257264
Aspergillus_fumigatus_Afu_1042_09	23	20	3	0	scaffold_8	522755	622755
Aspergillus_fumigatus_Afu_1042_09	41	40	1	0	scaffold_5	2927442	3027442
Aspergillus_fumigatus_Afu_1042_09	27	25	2	0	scaffold_6	321373	421373
Aspergillus_fumigatus_Afu_1042_09	37	34	3	0	scaffold_5	2025216	2125216
Aspergillus_fumigatus_Afu_1042_09	27	27	0	0	scaffold_2	720529	820529
Aspergillus_fumigatus_Afu_1042_09	46	37	9	0	scaffold_3	3923556	4023556
Aspergillus_fumigatus_Afu_1042_09	40	37	3	0	scaffold_2	2153289	2253289
Aspergillus_fumigatus_Afu_1042_09	37	35	2	0	scaffold_2	3473131	3573131
Aspergillus_fumigatus_Afu_1042_09	33	31	2	0	scaffold_4	1502932	1602932
Aspergillus_fumigatus_Afu_1042_09	35	32	3	0	scaffold_5	872256	972256
Aspergillus_fumigatus_Afu_1042_09	38	35	3	0	scaffold_5	3503590	3603590
Aspergillus_fumigatus_Afu_1042_09	36	33	3	0	scaffold_6	1151732	1251732
Aspergillus_fumigatus_Afu_1042_09	48	41	7	0	scaffold_3	226672	326672
Aspergillus_fumigatus_Afu_1042_09	39	35	4	0	scaffold_3	1493856	1593856
Aspergillus_fumigatus_Afu_1042_09	34	31	3	0	scaffold_1	2837275	2937275
Aspergillus_fumigatus_Afu_1042_09	37	28	9	0	scaffold_3	708438	808438
Aspergillus_fumigatus_Afu_1042_09	40	40	0	0	scaffold_4	269647	369647
Aspergillus_fumigatus_Afu_1042_09	38	35	3	0	scaffold_1	805415	905415
Aspergillus_fumigatus_Afu_1042_09	41	39	2	0	scaffold_5	1023079	1123079
Aspergillus_fumigatus_Afu_1042_09	35	34	1	0	scaffold_6	3262341	3362341
Aspergillus_fumigatus_Afu_1042_09	40	37	3	0	scaffold_8	144312	244312
Aspergillus_fumigatus_Afu_1042_09	9	8	1	0	scaffold_6	2182275	2282275
Aspergillus_fumigatus_Afu_1042_09	39	35	4	0	scaffold_1	3212896	3312896
Aspergillus_fumigatus_Afu_1042_09	37	35	2	0	scaffold_4	854508	954508
Aspergillus_fumigatus_Afu_1042_09	34	33	1	0	scaffold_1	1231167	1331167
Aspergillus_fumigatus_Afu_1042_09	47	42	5	0	scaffold_1	3759236	3859236
Aspergillus_fumigatus_Afu_1042_09	40	36	4	0	scaffold_1	366106	466106
Aspergillus_fumigatus_Afu_1042_09	36	30	6	0	scaffold_3	314204	414204
Aspergillus_fumigatus_Afu_1042_09	31	30	1	0	scaffold_7	604748	704748
Aspergillus_fumigatus_Afu_1042_09	40	36	4	0	scaffold_2	1426131	1526131
Aspergillus_fumigatus_Afu_1042_09	41	35	6	0	scaffold_4	349722	449722
Aspergillus_fumigatus_Afu_1042_09	31	28	3	0	scaffold_5	1447010	1547010
Aspergillus_fumigatus_Afu_1042_09	34	33	1	0	scaffold_3	2731041	2831041
Aspergillus_fumigatus_Afu_1042_09	50	44	6	0	scaffold_7	1632501	1732501
Aspergillus_fumigatus_Afu_1042_09	33	32	1	0	scaffold_2	1205668	1305668
Aspergillus_fumigatus_Afu_1042_09	46	42	4	0	scaffold_6	2630430	2730430
Aspergillus_fumigatus_Afu_1042_09	36	29	7	0	scaffold_2	406562	506562
Aspergillus_fumigatus_Afu_1042_09	37	35	2	0	scaffold_7	999842	1099842
Aspergillus_fumigatus_Afu_1042_09	22	17	5	0	scaffold_6	198653	298653
Aspergillus_fumigatus_Afu_1042_09	39	36	3	0	scaffold_5	3489570	3589570
Aspergillus_fumigatus_Afu_1042_09	30	26	4	0	scaffold_2	4064344	4164344
Aspergillus_fumigatus_Afu_1042_09	34	30	4	0	scaffold_2	1164201	1264201
Aspergillus_fumigatus_Afu_1042_09	40	38	2	0	scaffold_5	797960	897960
Aspergillus_fumigatus_Afu_1042_09	37	35	2	0	scaffold_8	643679	743679
Aspergillus_fumigatus_Afu_1042_09	39	36	3	0	scaffold_1	2559877	2659877
Aspergillus_fumigatus_Afu_1042_09	44	42	2	0	scaffold_3	430953	530953
Aspergillus_fumigatus_Afu_1042_09	39	35	4	0	scaffold_5	1959268	2059268
Aspergillus_fumigatus_Afu_1042_09	34	23	11	0	scaffold_5	2220534	2320534
Aspergillus_fumigatus_Afu_1042_09	33	31	2	0	scaffold_6	3374924	3474924
Aspergillus_fumigatus_Afu_1042_09	35	33	2	0	scaffold_4	749858	849858
Aspergillus_fumigatus_Afu_1042_09	36	33	3	0	scaffold_3	2792560	2892560
Aspergillus_fumigatus_Afu_1042_09	36	35	1	0	scaffold_1	2179462	2279462
Aspergillus_fumigatus_Afu_1042_09	43	37	6	0	scaffold_6	540678	640678
Aspergillus_fumigatus_Afu_1042_09	43	42	1	0	scaffold_4	951428	1051428
Aspergillus_fumigatus_Afu_1042_09	25	17	8	0	scaffold_5	215306	315306
Aspergillus_fumigatus_Afu_1042_09	39	39	0	0	scaffold_5	3007836	3107836
Aspergillus_fumigatus_Afu_1042_09	35	32	3	0	scaffold_4	1705272	1805272
Aspergillus_fumigatus_Afu_1042_09	44	40	4	0	scaffold_6	36809	136809
Aspergillus_fumigatus_Afu_1042_09	47	39	8	0	scaffold_4	3792329	3892329
Aspergillus_fumigatus_Afu_1042_09	46	42	4	0	scaffold_1	4695614	4795614
Aspergillus_fumigatus_Afu_1042_09	33	30	3	0	scaffold_5	1450207	1550207
Aspergillus_fumigatus_Afu_1042_09	32	30	2	0	scaffold_3	1195880	1295880
Aspergillus_fumigatus_Afu_1042_09	28	21	7	0	scaffold_3	1951846	2051846
Aspergillus_fumigatus_Afu_1042_09	40	35	5	0	scaffold_4	336769	436769
Aspergillus_fumigatus_Afu_1042_09	37	35	2	0	scaffold_4	865715	965715
Aspergillus_fumigatus_Afu_1042_09	39	32	7	0	scaffold_2	414620	514620
Aspergillus_fumigatus_Afu_1042_09	33	31	2	0	scaffold_7	1236028	1336028
Aspergillus_fumigatus_Afu_1042_09	21	19	2	0	scaffold_1	619387	719387
Aspergillus_fumigatus_Afu_1042_09	36	36	0	0	scaffold_6	1429766	1529766
Aspergillus_fumigatus_Afu_1042_09	36	32	4	0	scaffold_2	3257665	3357665
Aspergillus_fumigatus_Afu_1042_09	34	32	2	0	scaffold_2	1358811	1458811
Aspergillus_fumigatus_Afu_1042_09	40	37	3	0	scaffold_5	2573466	2673466
Aspergillus_fumigatus_Afu_1042_09	38	37	1	0	scaffold_8	1047689	1147689
Aspergillus_fumigatus_Afu_1042_09	39	35	4	0	scaffold_6	3497605	3597605
Aspergillus_fumigatus_Afu_1042_09	34	34	0	0	scaffold_4	499482	599482
Aspergillus_fumigatus_Afu_1042_09	32	30	2	0	scaffold_2	4408046	4508046
Aspergillus_fumigatus_Afu_1042_09	30	27	3	0	scaffold_8	685758	785758
Aspergillus_fumigatus_Afu_1042_09	49	40	9	0	scaffold_4	3663595	3763595
Aspergillus_fumigatus_Afu_1042_09	35	32	3	0	scaffold_1	1191052	1291052
Aspergillus_fumigatus_Afu_1042_09	36	32	4	0	scaffold_3	173714	273714
Aspergillus_fumigatus_Afu_1042_09	30	30	0	0	scaffold_4	1945242	2045242
Aspergillus_fumigatus_Afu_1042_09	38	28	10	0	scaffold_6	2534964	2634964
Aspergillus_fumigatus_Afu_1042_09	38	34	4	0	scaffold_6	3496411	3596411
Aspergillus_fumigatus_Afu_1042_09	39	33	6	0	scaffold_2	459923	559923
Aspergillus_fumigatus_Afu_1042_09	33	31	2	0	scaffold_6	3327683	3427683
Aspergillus_fumigatus_Afu_1042_09	31	27	4	0	scaffold_2	1085052	1185052
Aspergillus_fumigatus_Afu_1042_09	33	30	3	0	scaffold_6	2732845	2832845
Aspergillus_fumigatus_Afu_1042_09	30	0	30	0	scaffold_1	4310560	4410560
Aspergillus_fumigatus_Afu_1042_09	41	38	3	0	scaffold_4	3396218	3496218
Aspergillus_fumigatus_Afu_1042_09	35	31	4	0	scaffold_3	1855676	1955676
Aspergillus_fumigatus_Afu_1042_09	40	40	0	0	scaffold_4	278281	378281
Aspergillus_fumigatus_Afu_1042_09	33	31	2	0	scaffold_2	2887660	2987660
Aspergillus_fumigatus_Afu_1042_09	36	35	1	0	scaffold_1	1301602	1401602
Aspergillus_fumigatus_Afu_1042_09	42	39	3	0	scaffold_6	2661550	2761550
Aspergillus_fumigatus_Afu_1042_09	33	33	0	0	scaffold_1	2470202	2570202
Aspergillus_fumigatus_Afu_1042_09	35	33	2	0	scaffold_3	1002664	1102664
Aspergillus_fumigatus_Afu_1042_09	37	37	0	0	scaffold_5	1318267	1418267
Aspergillus_fumigatus_Afu_1042_09	31	28	3	0	scaffold_1	660131	760131
Aspergillus_fumigatus_Afu_1042_09	45	40	5	0	scaffold_5	3419007	3519007
Aspergillus_fumigatus_Afu_1042_09	36	29	7	0	scaffold_6	2334530	2434530
Aspergillus_fumigatus_Afu_1042_09	38	37	1	0	scaffold_5	1339344	1439344
Aspergillus_fumigatus_Afu_1042_09	43	42	1	0	scaffold_2	4151754	4251754
Aspergillus_fumigatus_Afu_1042_09	15	14	1	0	scaffold_4	1126518	1226518
Aspergillus_fumigatus_Afu_1042_09	35	33	2	0	scaffold_1	1223723	1323723
Aspergillus_fumigatus_Afu_1042_09	29	28	0	1	scaffold_3	3293939	3393939
Aspergillus_fumigatus_Afu_1042_09	33	33	0	0	scaffold_3	2937948	3037948
Aspergillus_fumigatus_Afu_1042_09	30	28	2	0	scaffold_3	2865121	2965121
Aspergillus_fumigatus_Afu_1042_09	47	39	8	0	scaffold_7	1566141	1666141
Aspergillus_fumigatus_Afu_1042_09	43	37	6	0	scaffold_6	3515074	3615074
Aspergillus_fumigatus_Afu_1042_09	38	32	6	0	scaffold_3	294577	394577
Aspergillus_fumigatus_Afu_1042_09	31	27	4	0	scaffold_6	2373191	2473191
Aspergillus_fumigatus_Afu_1042_09	36	33	3	0	scaffold_5	1467200	1567200
Aspergillus_fumigatus_Afu_1042_09	35	28	7	0	scaffold_7	1388078	1488078
Aspergillus_fumigatus_Afu_1042_09	37	35	2	0	scaffold_6	882021	982021
Aspergillus_fumigatus_Afu_1042_09	36	36	0	0	scaffold_6	1433790	1533790
Aspergillus_fumigatus_Afu_1042_09	39	36	3	0	scaffold_6	708109	808109
Aspergillus_fumigatus_Afu_1042_09	35	33	2	0	scaffold_1	3632511	3732511
Aspergillus_fumigatus_Afu_1042_09	43	31	12	0	scaffold_6	2916873	3016873
Aspergillus_fumigatus_Afu_1042_09	36	33	3	0	scaffold_1	1179749	1279749
Aspergillus_fumigatus_Afu_1042_09	42	38	4	0	scaffold_1	2930223	3030223
Aspergillus_fumigatus_Afu_1042_09	37	37	0	0	scaffold_5	1757033	1857033
Aspergillus_fumigatus_Afu_1042_09	30	26	4	0	scaffold_3	3618650	3718650
Aspergillus_fumigatus_Afu_1042_09	37	37	0	0	scaffold_4	1011423	1111423
Aspergillus_fumigatus_Afu_1042_09	39	37	2	0	scaffold_4	2631507	2731507
Aspergillus_fumigatus_Afu_1042_09	35	26	9	0	scaffold_1	4507761	4607761
Aspergillus_fumigatus_Afu_1042_09	38	36	2	0	scaffold_4	1820473	1920473
Aspergillus_fumigatus_Afu_1042_09	44	35	9	0	scaffold_7	208576	308576
Aspergillus_fumigatus_Afu_1042_09	44	34	10	0	scaffold_7	1136130	1236130
Aspergillus_fumigatus_Afu_1042_09	35	24	11	0	scaffold_1	4473097	4573097
Aspergillus_fumigatus_Afu_1042_09	46	42	4	0	scaffold_1	4697557	4797557
Aspergillus_fumigatus_Afu_1042_09	34	30	4	0	scaffold_8	413714	513714
Aspergillus_fumigatus_Afu_1042_09	46	10	36	0	scaffold_3	1726554	1826554
Aspergillus_fumigatus_Afu_1042_09	35	31	4	0	scaffold_5	109792	209792
Aspergillus_fumigatus_Afu_1042_09	41	39	2	0	scaffold_2	2301262	2401262
Aspergillus_fumigatus_Afu_1042_09	47	41	6	0	scaffold_2	44702	144702
Aspergillus_fumigatus_Afu_1042_09	35	29	6	0	scaffold_1	3482315	3582315
Aspergillus_fumigatus_Afu_1042_09	37	35	2	0	scaffold_6	1397696	1497696
Aspergillus_fumigatus_Afu_1042_09	35	35	0	0	scaffold_5	3036668	3136668
Aspergillus_fumigatus_Afu_1042_09	36	28	8	0	scaffold_3	2358040	2458040
Aspergillus_fumigatus_Afu_1042_09	36	33	3	0	scaffold_1	2793203	2893203
Aspergillus_fumigatus_Afu_1042_09	41	37	4	0	scaffold_2	3281366	3381366
Aspergillus_fumigatus_Afu_1042_09	48	37	11	0	scaffold_1	31548	131548
Aspergillus_fumigatus_Afu_1042_09	41	40	1	0	scaffold_2	1609137	1709137
Aspergillus_fumigatus_Afu_1042_09	40	37	3	0	scaffold_8	623701	723701
Aspergillus_fumigatus_Afu_1042_09	37	37	0	0	scaffold_4	3179310	3279310
Aspergillus_fumigatus_Afu_1042_09	35	32	3	0	scaffold_2	1193966	1293966
Aspergillus_fumigatus_Afu_1042_09	36	35	1	0	scaffold_4	2741407	2841407
Aspergillus_fumigatus_Afu_1042_09	35	33	2	0	scaffold_1	2230762	2330762
Aspergillus_fumigatus_Afu_1042_09	37	35	2	0	scaffold_3	3069169	3169169
Aspergillus_fumigatus_Afu_1042_09	42	38	4	0	scaffold_6	2807603	2907603
Aspergillus_fumigatus_Afu_1042_09	42	22	20	0	scaffold_3	1769650	1869650
Aspergillus_fumigatus_Afu_1042_09	39	39	0	0	scaffold_2	1483597	1583597
Aspergillus_fumigatus_Afu_1042_09	42	38	4	0	scaffold_6	1587144	1687144
Aspergillus_fumigatus_Afu_1042_09	44	39	5	0	scaffold_3	976470	1076470
Aspergillus_fumigatus_Afu_1042_09	33	32	1	0	scaffold_6	1697399	1797399
Aspergillus_fumigatus_Afu_1042_09	39	36	3	0	scaffold_1	1170572	1270572
Aspergillus_fumigatus_Afu_1042_09	36	36	0	0	scaffold_2	3973931	4073931
Aspergillus_fumigatus_Afu_1042_09	28	28	0	0	scaffold_5	2830102	2930102
Aspergillus_fumigatus_Afu_1042_09	44	41	3	0	scaffold_3	3767429	3867429
Aspergillus_fumigatus_Afu_1042_09	46	40	6	0	scaffold_2	42810	142810
Aspergillus_fumigatus_Afu_1042_09	37	33	4	0	scaffold_6	1624864	1724864
Aspergillus_fumigatus_Afu_1042_09	35	30	5	0	scaffold_3	664734	764734
Aspergillus_fumigatus_Afu_1042_09	41	38	3	0	scaffold_4	814716	914716
Aspergillus_fumigatus_Afu_1042_09	43	40	3	0	scaffold_2	2099063	2199063
Aspergillus_fumigatus_Afu_1042_09	27	24	3	0	scaffold_6	1504458	1604458
Aspergillus_fumigatus_Afu_1042_09	40	38	2	0	scaffold_2	166862	266862
Aspergillus_fumigatus_Afu_1042_09	41	37	4	0	scaffold_8	131573	231573
Aspergillus_fumigatus_Afu_1042_09	34	32	2	0	scaffold_4	1693136	1793136
Aspergillus_fumigatus_Afu_1042_09	29	27	2	0	scaffold_4	3020018	3120018
Aspergillus_fumigatus_Afu_1042_09	38	35	3	0	scaffold_5	1926314	2026314
Aspergillus_fumigatus_Afu_1042_09	37	28	9	0	scaffold_5	252443	352443
Aspergillus_fumigatus_Afu_1042_09	38	38	0	0	scaffold_2	1523050	1623050
Aspergillus_fumigatus_Afu_1042_09	40	37	3	0	scaffold_8	625100	725100
Aspergillus_fumigatus_Afu_1042_09	41	32	9	0	scaffold_1	3174468	3274468
Aspergillus_fumigatus_Afu_1042_09	41	33	8	0	scaffold_3	904773	1004773
Aspergillus_fumigatus_Afu_1042_09	36	30	6	0	scaffold_7	1065604	1165604
Aspergillus_fumigatus_Afu_1042_09	36	32	4	0	scaffold_3	2475882	2575882
Aspergillus_fumigatus_Afu_1042_09	33	29	4	0	scaffold_6	1513565	1613565
Aspergillus_fumigatus_Afu_1042_09	39	37	2	0	scaffold_6	1379475	1479475
Aspergillus_fumigatus_Afu_1042_09	35	34	1	0	scaffold_1	2181197	2281197
Aspergillus_fumigatus_Afu_1042_09	39	39	0	0	scaffold_7	939500	1039500
Aspergillus_fumigatus_Afu_1042_09	41	36	5	0	scaffold_6	2867628	2967628
Aspergillus_fumigatus_Afu_1042_09	44	33	11	0	scaffold_3	3529400	3629400
Aspergillus_fumigatus_Afu_1042_09	39	38	1	0	scaffold_6	3188120	3288120
Aspergillus_fumigatus_Afu_1042_09	36	35	1	0	scaffold_7	978835	1078835
Aspergillus_fumigatus_Afu_1042_09	34	31	3	0	scaffold_2	3707867	3807867
Aspergillus_fumigatus_Afu_1042_09	19	17	2	0	scaffold_1	986898	1086898
Aspergillus_fumigatus_Afu_1042_09	46	40	6	0	scaffold_5	3430212	3530212
Aspergillus_fumigatus_Afu_1042_09	47	41	6	0	scaffold_1	4628644	4728644
Aspergillus_fumigatus_Afu_1042_09	33	32	1	0	scaffold_6	961425	1061425
Aspergillus_fumigatus_Afu_1042_09	36	36	0	0	scaffold_4	2289849	2389849
Aspergillus_fumigatus_Afu_1042_09	35	29	6	0	scaffold_7	42788	142788
Aspergillus_fumigatus_Afu_1042_09	36	33	3	0	scaffold_8	984000	1084000
Aspergillus_fumigatus_Afu_1042_09	36	25	11	0	scaffold_6	2947298	3047298
Aspergillus_fumigatus_Afu_1042_09	39	37	2	0	scaffold_3	381321	481321
Aspergillus_fumigatus_Afu_1042_09	33	31	2	0	scaffold_5	919202	1019202
Aspergillus_fumigatus_Afu_1042_09	29	28	1	0	scaffold_5	2408763	2508763
Aspergillus_fumigatus_Afu_1042_09	33	33	0	0	scaffold_2	3931880	4031880
Aspergillus_fumigatus_Afu_1042_09	40	35	5	0	scaffold_7	86787	186787
Aspergillus_fumigatus_Afu_1042_09	37	35	1	1	scaffold_3	3363389	3463389
Aspergillus_fumigatus_Afu_1042_09	39	36	3	0	scaffold_5	949424	1049424
Aspergillus_fumigatus_Afu_1042_09	39	35	4	0	scaffold_6	1988818	2088818
Aspergillus_fumigatus_Afu_1042_09	32	31	1	0	scaffold_5	2754827	2854827
Aspergillus_fumigatus_Afu_1042_09	9	8	1	0	scaffold_6	2182700	2282700
Aspergillus_fumigatus_Afu_1042_09	44	37	7	0	scaffold_6	22123	122123
Aspergillus_fumigatus_Afu_1042_09	42	39	3	0	scaffold_2	1459132	1559132
Aspergillus_fumigatus_Afu_1042_09	44	43	1	0	scaffold_4	947896	1047896
Aspergillus_fumigatus_Afu_1042_09	37	34	3	0	scaffold_5	33255	133255
Aspergillus_fumigatus_Afu_1042_09	43	36	7	0	scaffold_7	1165312	1265312
Aspergillus_fumigatus_Afu_1042_09	40	36	4	0	scaffold_8	1469239	1569239
Aspergillus_fumigatus_Afu_1042_09	37	36	1	0	scaffold_2	2214829	2314829
Aspergillus_fumigatus_Afu_1042_09	35	32	3	0	scaffold_3	1281620	1381620
Aspergillus_fumigatus_Afu_1042_09	37	33	4	0	scaffold_2	2843660	2943660
Aspergillus_fumigatus_Afu_1042_09	43	39	4	0	scaffold_7	293482	393482
Aspergillus_fumigatus_Afu_1042_09	29	29	0	0	scaffold_5	2826406	2926406
Aspergillus_fumigatus_Afu_1042_09	34	34	0	0	scaffold_5	2433119	2533119
Aspergillus_fumigatus_Afu_1042_09	31	26	5	0	scaffold_2	1119350	1219350
Aspergillus_fumigatus_Afu_1042_09	35	34	1	0	scaffold_4	2757320	2857320
Aspergillus_fumigatus_Afu_1042_09	37	33	4	0	scaffold_8	408165	508165
Aspergillus_fumigatus_Afu_1042_09	41	32	9	0	scaffold_3	887839	987839
Aspergillus_fumigatus_Afu_1042_09	33	30	3	0	scaffold_2	3082812	3182812
Aspergillus_fumigatus_Afu_1042_09	33	30	3	0	scaffold_1	3576041	3676041
Aspergillus_fumigatus_Afu_1042_09	37	34	3	0	scaffold_1	3081753	3181753
Aspergillus_fumigatus_Afu_1042_09	33	32	1	0	scaffold_6	1794741	1894741
Aspergillus_fumigatus_Afu_1042_09	37	36	1	0	scaffold_6	3234949	3334949
Aspergillus_fumigatus_Afu_1042_09	44	38	6	0	scaffold_5	3771997	3871997
Aspergillus_fumigatus_Afu_1042_09	39	36	3	0	scaffold_5	3489420	3589420
Aspergillus_fumigatus_Afu_1042_09	30	27	3	0	scaffold_8	43358	143358
Aspergillus_fumigatus_Afu_1042_09	37	30	7	0	scaffold_6	2428102	2528102
Aspergillus_fumigatus_Afu_1042_09	31	28	3	0	scaffold_3	1153616	1253616
Aspergillus_fumigatus_Afu_1042_09	38	37	1	0	scaffold_7	531574	631574
Aspergillus_fumigatus_Afu_1042_09	29	28	1	0	scaffold_7	639049	739049
Aspergillus_fumigatus_Afu_1042_09	44	39	5	0	scaffold_5	1610063	1710063
Aspergillus_fumigatus_Afu_1042_09	40	34	6	0	scaffold_1	166631	266631
Aspergillus_fumigatus_Afu_1042_09	35	32	3	0	scaffold_6	3045958	3145958
Aspergillus_fumigatus_Afu_1042_09	34	31	3	0	scaffold_3	1892673	1992673
Aspergillus_fumigatus_Afu_1042_09	17	14	3	0	scaffold_1	1007459	1107459
Aspergillus_fumigatus_Afu_1042_09	36	33	3	0	scaffold_6	3068375	3168375
Aspergillus_fumigatus_Afu_1042_09	45	38	7	0	scaffold_6	17818	117818
Aspergillus_fumigatus_Afu_1042_09	33	29	4	0	scaffold_1	3832000	3932000
Aspergillus_fumigatus_Afu_1042_09	50	44	6	0	scaffold_7	1630062	1730062
Aspergillus_fumigatus_Afu_1042_09	33	30	3	0	scaffold_3	3240042	3340042
Aspergillus_fumigatus_Afu_1042_09	43	41	2	0	scaffold_8	204435	304435
Aspergillus_fumigatus_Afu_1042_09	39	37	2	0	scaffold_6	1002809	1102809
Aspergillus_fumigatus_Afu_1042_09	15	13	2	0	scaffold_1	1028009	1128009
Aspergillus_fumigatus_Afu_1042_09	43	40	3	0	scaffold_8	217299	317299
Aspergillus_fumigatus_Afu_1042_09	40	36	4	0	scaffold_1	329708	429708
Aspergillus_fumigatus_Afu_1042_09	41	39	2	0	scaffold_6	758439	858439
Aspergillus_fumigatus_Afu_1042_09	39	35	4	0	scaffold_5	1958717	2058717
Aspergillus_fumigatus_Afu_1042_09	43	35	8	0	scaffold_7	1172539	1272539
Aspergillus_fumigatus_Afu_1042_09	32	0	32	0	scaffold_1	4299456	4399456
Aspergillus_fumigatus_Afu_1042_09	38	33	5	0	scaffold_6	1959331	2059331
Aspergillus_fumigatus_Afu_1042_09	35	26	9	0	scaffold_3	3564546	3664546
Aspergillus_fumigatus_Afu_1042_09	34	31	3	0	scaffold_1	666829	766829
Aspergillus_fumigatus_Afu_1042_09	34	29	5	0	scaffold_7	117455	217455
Aspergillus_fumigatus_Afu_1042_09	39	37	2	0	scaffold_3	3004168	3104168
Aspergillus_fumigatus_Afu_1042_09	38	33	5	0	scaffold_5	549340	649340
Aspergillus_fumigatus_Afu_1042_09	44	43	1	0	scaffold_4	959746	1059746
Aspergillus_fumigatus_Afu_1042_09	34	31	3	0	scaffold_8	871761	971761
Aspergillus_fumigatus_Afu_1042_09	15	14	1	0	scaffold_5	1170352	1270352
Aspergillus_fumigatus_Afu_1042_09	26	26	0	0	scaffold_2	2448885	2548885
Aspergillus_fumigatus_Afu_1042_09	32	32	0	0	scaffold_6	1451726	1551726
Aspergillus_fumigatus_Afu_1042_09	13	13	0	0	scaffold_1	1807972	1907972
Aspergillus_fumigatus_Afu_1042_09	19	18	1	0	scaffold_6	1293436	1393436
Aspergillus_fumigatus_Afu_1042_09	44	39	5	0	scaffold_6	543870	643870
Aspergillus_fumigatus_Afu_1042_09	37	35	2	0	scaffold_2	1225290	1325290
Aspergillus_fumigatus_Afu_1042_09	39	38	1	0	scaffold_8	1050783	1150783
Aspergillus_fumigatus_Afu_1042_09	33	31	2	0	scaffold_6	2785046	2885046
Aspergillus_fumigatus_Afu_1042_09	48	39	9	0	scaffold_3	3918527	4018527
Aspergillus_fumigatus_Afu_1042_09	42	38	4	0	scaffold_1	4711979	4811979
Aspergillus_fumigatus_Afu_1042_09	35	33	2	0	scaffold_5	1269688	1369688
Aspergillus_fumigatus_Afu_1042_09	39	38	1	0	scaffold_1	2276010	2376010
Aspergillus_fumigatus_Afu_1042_09	44	44	0	0	scaffold_5	2981089	3081089
Aspergillus_fumigatus_Afu_1042_09	30	27	3	0	scaffold_5	1407620	1507620
Aspergillus_fumigatus_Afu_1042_09	45	39	6	0	scaffold_1	4587570	4687570
Aspergillus_fumigatus_Afu_1042_09	32	30	2	0	scaffold_1	1279334	1379334
Aspergillus_fumigatus_Afu_1042_09	39	38	1	0	scaffold_5	1724398	1824398
Aspergillus_fumigatus_Afu_1042_09	37	34	3	0	scaffold_4	2236733	2336733
Aspergillus_fumigatus_Afu_1042_09	14	13	1	0	scaffold_7	739783	839783
Aspergillus_fumigatus_Afu_1042_09	35	35	0	0	scaffold_1	2143766	2243766
Aspergillus_fumigatus_Afu_1042_09	38	36	2	0	scaffold_1	2427945	2527945
Aspergillus_fumigatus_Afu_1042_09	33	23	10	0	scaffold_6	2960898	3060898
Aspergillus_fumigatus_Afu_1042_09	38	35	3	0	scaffold_6	1656551	1756551
Aspergillus_fumigatus_Afu_1042_09	30	28	2	0	scaffold_1	2643688	2743688
Aspergillus_fumigatus_Afu_1042_09	35	35	0	0	scaffold_5	3059767	3159767
Aspergillus_fumigatus_Afu_1042_09	36	33	3	0	scaffold_2	2850864	2950864
Aspergillus_fumigatus_Afu_1042_09	1	0	1	0	scaffold_6	2218812	2318812
Aspergillus_fumigatus_Afu_1042_09	47	41	6	0	scaffold_2	46962	146962
Aspergillus_fumigatus_Afu_1042_09	46	38	8	0	scaffold_4	3650230	3750230
Aspergillus_fumigatus_Afu_1042_09	22	20	2	0	scaffold_4	1070388	1170388
Aspergillus_fumigatus_Afu_1042_09	45	37	8	0	scaffold_4	2532399	2632399
Aspergillus_fumigatus_Afu_1042_09	35	30	5	0	scaffold_5	576306	676306
Aspergillus_fumigatus_Afu_1042_09	37	35	2	0	scaffold_5	1556987	1656987
Aspergillus_fumigatus_Afu_1042_09	32	27	5	0	scaffold_6	1879066	1979066
Aspergillus_fumigatus_Afu_1042_09	29	27	2	0	scaffold_3	2859792	2959792
Aspergillus_fumigatus_Afu_1042_09	30	27	3	0	scaffold_6	1507984	1607984
Aspergillus_fumigatus_Afu_1042_09	36	34	2	0	scaffold_2	3470348	3570348
Aspergillus_fumigatus_Afu_1042_09	35	30	5	0	scaffold_1	1587700	1687700
Aspergillus_fumigatus_Afu_1042_09	32	32	0	0	scaffold_2	4209756	4309756
Aspergillus_fumigatus_Afu_1042_09	39	37	2	0	scaffold_6	895552	995552
Aspergillus_fumigatus_Afu_1042_09	38	35	3	0	scaffold_4	2360162	2460162
Aspergillus_fumigatus_Afu_1042_09	33	32	1	0	scaffold_3	1575855	1675855
Aspergillus_fumigatus_Afu_1042_09	33	31	2	0	scaffold_4	1254096	1354096
Aspergillus_fumigatus_Afu_1042_09	44	39	5	0	scaffold_6	69905	169905
Aspergillus_fumigatus_Afu_1042_09	30	24	6	0	scaffold_5	393563	493563
Aspergillus_fumigatus_Afu_1042_09	38	36	2	0	scaffold_6	892549	992549
Aspergillus_fumigatus_Afu_1042_09	32	32	0	0	scaffold_1	2462694	2562694
Aspergillus_fumigatus_Afu_1042_09	33	32	1	0	scaffold_6	1760846	1860846
Aspergillus_fumigatus_Afu_1042_09	43	39	4	0	scaffold_6	569909	669909
Aspergillus_fumigatus_Afu_1042_09	47	41	6	0	scaffold_1	4634695	4734695
Aspergillus_fumigatus_Afu_1042_09	45	11	34	0	scaffold_3	1729206	1829206
Aspergillus_fumigatus_Afu_1042_09	30	26	4	0	scaffold_8	426638	526638
Aspergillus_fumigatus_Afu_1042_09	38	38	0	0	scaffold_2	307650	407650
Aspergillus_fumigatus_Afu_1042_09	42	42	0	0	scaffold_5	3003053	3103053
Aspergillus_fumigatus_Afu_1042_09	43	40	3	0	scaffold_1	4704101	4804101
Aspergillus_fumigatus_Afu_1042_09	35	30	5	0	scaffold_3	1908631	2008631
Aspergillus_fumigatus_Afu_1042_09	32	29	3	0	scaffold_1	1494930	1594930
Aspergillus_fumigatus_Afu_1042_09	36	34	2	0	scaffold_6	1019079	1119079
Aspergillus_fumigatus_Afu_1042_09	40	31	9	0	scaffold_6	3674767	3774767
Aspergillus_fumigatus_Afu_1042_09	29	28	1	0	scaffold_1	2724430	2824430
Aspergillus_fumigatus_Afu_1042_09	25	24	1	0	scaffold_4	1334964	1434964
Aspergillus_fumigatus_Afu_1042_09	39	35	4	0	scaffold_5	3369252	3469252
Aspergillus_fumigatus_Afu_1042_09	36	33	3	0	scaffold_8	972830	1072830
Aspergillus_fumigatus_Afu_1042_09	36	31	5	0	scaffold_8	1317018	1417018
Aspergillus_fumigatus_Afu_1042_09	43	39	4	0	scaffold_6	36336	136336
Aspergillus_fumigatus_Afu_1042_09	33	31	2	0	scaffold_1	848016	948016
Aspergillus_fumigatus_Afu_1042_09	38	14	24	0	scaffold_1	4440151	4540151
Aspergillus_fumigatus_Afu_1042_09	36	31	5	0	scaffold_7	398237	498237
Aspergillus_fumigatus_Afu_1042_09	30	27	3	0	scaffold_2	1818650	1918650
Aspergillus_fumigatus_Afu_1042_09	23	18	5	0	scaffold_1	1997995	2097995
Aspergillus_fumigatus_Afu_1042_09	38	37	1	0	scaffold_6	914969	1014969
Aspergillus_fumigatus_Afu_1042_09	41	40	1	0	scaffold_5	1732931	1832931
Aspergillus_fumigatus_Afu_1042_09	37	35	2	0	scaffold_4	1554799	1654799
Aspergillus_fumigatus_Afu_1042_09	40	35	5	0	scaffold_8	97196	197196
Aspergillus_fumigatus_Afu_1042_09	38	37	1	0	scaffold_8	1090515	1190515
Aspergillus_fumigatus_Afu_1042_09	43	42	1	0	scaffold_4	282458	382458
Aspergillus_fumigatus_Afu_1042_09	40	37	3	0	scaffold_5	2335871	2435871
Aspergillus_fumigatus_Afu_1042_09	37	33	4	0	scaffold_1	208227	308227
Aspergillus_fumigatus_Afu_1042_09	45	35	10	0	scaffold_7	220019	320019
Aspergillus_fumigatus_Afu_1042_09	36	33	3	0	scaffold_6	1191388	1291388
Aspergillus_fumigatus_Afu_1042_09	35	34	1	0	scaffold_4	1996235	2096235
Aspergillus_fumigatus_Afu_1042_09	36	34	2	0	scaffold_3	1002302	1102302
Aspergillus_fumigatus_Afu_1042_09	47	43	4	0	scaffold_6	2638472	2738472
Aspergillus_fumigatus_Afu_1042_09	48	40	8	0	scaffold_4	3755836	3855836
Aspergillus_fumigatus_Afu_1042_09	37	36	1	0	scaffold_8	1094328	1194328
Aspergillus_fumigatus_Afu_1042_09	38	36	2	0	scaffold_6	1004551	1104551
Aspergillus_fumigatus_Afu_1042_09	30	30	0	0	scaffold_1	3055724	3155724
Aspergillus_fumigatus_Afu_1042_09	38	33	5	0	scaffold_8	269700	369700
Aspergillus_fumigatus_Afu_1042_09	35	34	1	0	scaffold_6	1692560	1792560
Aspergillus_fumigatus_Afu_1042_09	36	36	0	0	scaffold_5	3046628	3146628
Aspergillus_fumigatus_Afu_1042_09	42	37	5	0	scaffold_1	3788271	3888271
Aspergillus_fumigatus_Afu_1042_09	34	30	4	0	scaffold_2	1282489	1382489
Aspergillus_fumigatus_Afu_1042_09	11	11	0	0	scaffold_1	1815906	1915906
Aspergillus_fumigatus_Afu_1042_09	44	42	2	0	scaffold_3	433947	533947
Aspergillus_fumigatus_Afu_1042_09	43	39	4	0	scaffold_1	3713295	3813295
Aspergillus_fumigatus_Afu_1042_09	29	27	2	0	scaffold_5	2385149	2485149
Aspergillus_fumigatus_Afu_1042_09	38	31	7	0	scaffold_2	2690963	2790963
Aspergillus_fumigatus_Afu_1042_09	32	31	1	0	scaffold_1	1912057	2012057
Aspergillus_fumigatus_Afu_1042_09	15	15	0	0	scaffold_7	688808	788808
Aspergillus_fumigatus_Afu_1042_09	33	31	2	0	scaffold_6	3312834	3412834
Aspergillus_fumigatus_Afu_1042_09	43	38	5	0	scaffold_3	57572	157572
Aspergillus_fumigatus_Afu_1042_09	36	34	2	0	scaffold_6	1076733	1176733
Aspergillus_fumigatus_Afu_1042_09	36	31	5	0	scaffold_6	1539868	1639868
Aspergillus_fumigatus_Afu_1042_09	30	29	1	0	scaffold_1	1466452	1566452
Aspergillus_fumigatus_Afu_1042_09	28	28	0	0	scaffold_2	2419493	2519493
Aspergillus_fumigatus_Afu_1042_09	52	46	6	0	scaffold_2	82348	182348
Aspergillus_fumigatus_Afu_1042_09	49	39	10	0	scaffold_7	1604559	1704559
Aspergillus_fumigatus_Afu_1042_09	32	31	1	0	scaffold_2	1015559	1115559
Aspergillus_fumigatus_Afu_1042_09	28	23	5	0	scaffold_6	262055	362055
Aspergillus_fumigatus_Afu_1042_09	33	31	2	0	scaffold_1	1202823	1302823
Aspergillus_fumigatus_Afu_1042_09	38	36	2	0	scaffold_4	1558404	1658404
Aspergillus_fumigatus_Afu_1042_09	34	31	3	0	scaffold_5	18041	118041
Aspergillus_fumigatus_Afu_1042_09	42	36	6	0	scaffold_2	442532	542532
Aspergillus_fumigatus_Afu_1042_09	31	30	1	0	scaffold_5	2668461	2768461
Aspergillus_fumigatus_Afu_1042_09	28	21	7	0	scaffold_3	1957855	2057855
Aspergillus_fumigatus_Afu_1042_09	31	30	1	0	scaffold_5	2670874	2770874
Aspergillus_fumigatus_Afu_1042_09	33	31	2	0	scaffold_3	1262285	1362285
Aspergillus_fumigatus_Afu_1042_09	40	36	4	0	scaffold_2	2787081	2887081
Aspergillus_fumigatus_Afu_1042_09	35	32	3	0	scaffold_1	1537000	1637000
Aspergillus_fumigatus_Afu_1042_09	30	27	3	0	scaffold_2	3043956	3143956
Aspergillus_fumigatus_Afu_1042_09	21	14	7	0	scaffold_4	3286113	3386113
Aspergillus_fumigatus_Afu_1042_09	37	33	4	0	scaffold_2	484572	584572
Aspergillus_fumigatus_Afu_1042_09	33	31	2	0	scaffold_1	3379696	3479696
Aspergillus_fumigatus_Afu_1042_09	34	31	3	0	scaffold_2	375117	475117
Aspergillus_fumigatus_Afu_1042_09	46	41	5	0	scaffold_3	815838	915838
Aspergillus_fumigatus_Afu_1042_09	34	32	2	0	scaffold_8	1254101	1354101
Aspergillus_fumigatus_Afu_1042_09	14	13	1	0	scaffold_6	1285484	1385484
Aspergillus_fumigatus_Afu_1042_09	38	33	5	0	scaffold_3	1845501	1945501
Aspergillus_fumigatus_Afu_1042_09	35	33	2	0	scaffold_2	4415412	4515412
Aspergillus_fumigatus_Afu_1042_09	20	17	3	0	scaffold_8	504506	604506
Aspergillus_fumigatus_Afu_1042_09	34	30	4	0	scaffold_1	3972492	4072492
Aspergillus_fumigatus_Afu_1042_09	46	42	4	0	scaffold_2	2065366	2165366
Aspergillus_fumigatus_Afu_1042_09	35	31	4	0	scaffold_5	594422	694422
Aspergillus_fumigatus_Afu_1042_09	41	35	6	0	scaffold_3	927573	1027573
Aspergillus_fumigatus_Afu_1042_09	46	38	8	0	scaffold_7	1532988	1632988
Aspergillus_fumigatus_Afu_1042_09	39	34	5	0	scaffold_6	492512	592512
Aspergillus_fumigatus_Afu_1042_09	41	40	1	0	scaffold_6	3612241	3712241
Aspergillus_fumigatus_Afu_1042_09	34	34	0	0	scaffold_4	548667	648667
Aspergillus_fumigatus_Afu_1042_09	39	37	2	0	scaffold_3	3005048	3105048
Aspergillus_fumigatus_Afu_1042_09	37	11	26	0	scaffold_1	4208835	4308835
Aspergillus_fumigatus_Afu_1042_09	18	12	6	0	scaffold_6	2259588	2359588
Aspergillus_fumigatus_Afu_1042_09	40	37	3	0	scaffold_8	155279	255279
Aspergillus_fumigatus_Afu_1042_09	40	37	3	0	scaffold_3	786540	886540
Aspergillus_fumigatus_Afu_1042_09	39	33	6	0	scaffold_6	3458021	3558021
Aspergillus_fumigatus_Afu_1042_09	42	36	6	0	scaffold_4	418900	518900
Aspergillus_fumigatus_Afu_1042_09	46	43	3	0	scaffold_6	3538252	3638252
Aspergillus_fumigatus_Afu_1042_09	47	39	8	0	scaffold_4	2542662	2642662
Aspergillus_fumigatus_Afu_1042_09	35	31	4	0	scaffold_2	1180264	1280264
Aspergillus_fumigatus_Afu_1042_09	35	25	10	0	scaffold_3	3561681	3661681
Aspergillus_fumigatus_Afu_1042_09	44	39	5	0	scaffold_6	2836217	2936217
Aspergillus_fumigatus_Afu_1042_09	36	35	1	0	scaffold_2	4375819	4475819
Aspergillus_fumigatus_Afu_1042_09	36	34	2	0	scaffold_6	1022599	1122599
Aspergillus_fumigatus_Afu_1042_09	35	30	5	0	scaffold_2	3377096	3477096
Aspergillus_fumigatus_Afu_1042_09	32	25	7	0	scaffold_2	591123	691123
Aspergillus_fumigatus_Afu_1042_09	35	31	4	0	scaffold_2	3233468	3333468
Aspergillus_fumigatus_Afu_1042_09	34	29	5	0	scaffold_4	1670500	1770500
Aspergillus_fumigatus_Afu_1042_09	36	34	2	0	scaffold_1	2186626	2286626
Aspergillus_fumigatus_Afu_1042_09	4	4	0	0	scaffold_6	2200081	2300081
Aspergillus_fumigatus_Afu_1042_09	35	33	2	0	scaffold_1	2542708	2642708
Aspergillus_fumigatus_Afu_1042_09	44	34	10	0	scaffold_1	4057337	4157337
Aspergillus_fumigatus_Afu_1042_09	25	17	8	0	scaffold_5	214692	314692
Aspergillus_fumigatus_Afu_1042_09	41	32	9	0	scaffold_1	4100640	4200640
Aspergillus_fumigatus_Afu_1042_09	33	21	12	0	scaffold_5	3556614	3656614
Aspergillus_fumigatus_Afu_1042_09	36	31	5	0	scaffold_6	3479833	3579833
Aspergillus_fumigatus_Afu_1042_09	23	21	2	0	scaffold_8	721119	821119
Aspergillus_fumigatus_Afu_1042_09	32	31	1	0	scaffold_8	593226	693226
Aspergillus_fumigatus_Afu_1042_09	45	39	6	0	scaffold_4	221642	321642
Aspergillus_fumigatus_Afu_1042_09	36	33	3	0	scaffold_4	1834735	1934735
Aspergillus_fumigatus_Afu_1042_09	19	17	2	0	scaffold_7	768537	868537
Aspergillus_fumigatus_Afu_1042_09	43	34	9	0	scaffold_4	3605028	3705028
Aspergillus_fumigatus_Afu_1042_09	26	25	1	0	scaffold_5	1200750	1300750
Aspergillus_fumigatus_Afu_1042_09	20	13	7	0	scaffold_4	3289734	3389734
Aspergillus_fumigatus_Afu_1042_09	40	35	5	0	scaffold_4	46955	146955
Aspergillus_fumigatus_Afu_1042_09	36	33	3	0	scaffold_3	1181394	1281394
Aspergillus_fumigatus_Afu_1042_09	38	35	3	0	scaffold_6	1121316	1221316
Aspergillus_fumigatus_Afu_1042_09	34	32	2	0	scaffold_4	1507185	1607185
Aspergillus_fumigatus_Afu_1042_09	35	32	3	0	scaffold_1	2830911	2930911
Aspergillus_fumigatus_Afu_1042_09	30	26	4	0	scaffold_8	423270	523270
Aspergillus_fumigatus_Afu_1042_09	29	21	8	0	scaffold_5	437722	537722
Aspergillus_fumigatus_Afu_1042_09	41	34	7	0	scaffold_1	158483	258483
Aspergillus_fumigatus_Afu_1042_09	33	31	2	0	scaffold_1	872187	972187
Aspergillus_fumigatus_Afu_1042_09	42	37	5	0	scaffold_6	72197	172197
Aspergillus_fumigatus_Afu_1042_09	47	42	5	0	scaffold_3	2242658	2342658
Aspergillus_fumigatus_Afu_1042_09	32	30	2	0	scaffold_8	1269159	1369159
Aspergillus_fumigatus_Afu_1042_09	3	3	0	0	scaffold_6	2203753	2303753
Aspergillus_fumigatus_Afu_1042_09	36	33	3	0	scaffold_2	498466	598466
Aspergillus_fumigatus_Afu_1042_09	34	33	1	0	scaffold_2	3188899	3288899
Aspergillus_fumigatus_Afu_1042_09	44	40	4	0	scaffold_6	1576508	1676508
Aspergillus_fumigatus_Afu_1042_09	35	34	1	0	scaffold_6	3247678	3347678
Aspergillus_fumigatus_Afu_1042_09	38	35	3	0	scaffold_5	929531	1029531
Aspergillus_fumigatus_Afu_1042_09	41	38	3	0	scaffold_5	2593427	2693427
Aspergillus_fumigatus_Afu_1042_09	31	30	1	0	scaffold_1	1265930	1365930
Aspergillus_fumigatus_Afu_1042_09	30	26	4	0	scaffold_2	4069748	4169748
Aspergillus_fumigatus_Afu_1042_09	37	35	2	0	scaffold_6	1076375	1176375
Aspergillus_fumigatus_Afu_1042_09	36	34	2	0	scaffold_7	998549	1098549
Aspergillus_fumigatus_Afu_1042_09	44	40	4	0	scaffold_5	2281555	2381555
Aspergillus_fumigatus_Afu_1042_09	24	21	3	0	scaffold_8	795938	895938
Aspergillus_fumigatus_Afu_1042_09	36	33	3	0	scaffold_4	770467	870467
Aspergillus_fumigatus_Afu_1042_09	43	42	1	0	scaffold_4	950245	1050245
Aspergillus_fumigatus_Afu_1042_09	24	23	1	0	scaffold_4	1334557	1434557
Aspergillus_fumigatus_Afu_1042_09	38	36	2	0	scaffold_2	3619424	3719424
Aspergillus_fumigatus_Afu_1042_09	38	31	7	0	scaffold_6	3445721	3545721
Aspergillus_fumigatus_Afu_1042_09	31	25	6	0	scaffold_3	1921553	2021553
Aspergillus_fumigatus_Afu_1042_09	36	34	2	0	scaffold_1	2538219	2638219
Aspergillus_fumigatus_Afu_1042_09	37	36	1	0	scaffold_4	2839845	2939845
