STRAIN	TOTAL	CORE	ACCESSORY	SINGLETON	CHROM	START	END
Aspergillus_fumigatus_CM7555	48	40	8	0	scaffold_4	3662485	3762485
Aspergillus_fumigatus_CM7555	33	31	2	0	scaffold_1	1640271	1740271
Aspergillus_fumigatus_CM7555	33	32	1	0	scaffold_6	2031040	2131040
Aspergillus_fumigatus_CM7555	35	30	5	0	scaffold_4	1738260	1838260
Aspergillus_fumigatus_CM7555	35	33	2	0	scaffold_5	2081409	2181409
Aspergillus_fumigatus_CM7555	38	36	2	0	scaffold_1	3391380	3491380
Aspergillus_fumigatus_CM7555	46	36	10	0	scaffold_2	401	100401
Aspergillus_fumigatus_CM7555	34	30	4	0	scaffold_3	1348587	1448587
Aspergillus_fumigatus_CM7555	42	37	5	0	scaffold_1	3516120	3616120
Aspergillus_fumigatus_CM7555	20	18	2	0	scaffold_5	2277556	2377556
Aspergillus_fumigatus_CM7555	36	32	4	0	scaffold_4	3425857	3525857
Aspergillus_fumigatus_CM7555	37	33	4	0	scaffold_7	983603	1083603
Aspergillus_fumigatus_CM7555	36	35	1	0	scaffold_1	2728073	2828073
Aspergillus_fumigatus_CM7555	34	32	2	0	scaffold_5	360161	460161
Aspergillus_fumigatus_CM7555	35	33	2	0	scaffold_1	4200840	4300840
Aspergillus_fumigatus_CM7555	35	30	5	0	scaffold_2	1596154	1696154
Aspergillus_fumigatus_CM7555	15	12	3	0	scaffold_3	1290741	1390741
Aspergillus_fumigatus_CM7555	13	12	1	0	scaffold_1	2183165	2283165
Aspergillus_fumigatus_CM7555	43	39	4	0	scaffold_1	2285090	2385090
Aspergillus_fumigatus_CM7555	20	18	2	0	scaffold_4	1118122	1218122
Aspergillus_fumigatus_CM7555	30	29	1	0	scaffold_4	1356636	1456636
Aspergillus_fumigatus_CM7555	21	18	3	0	scaffold_7	734961	834961
Aspergillus_fumigatus_CM7555	35	32	3	0	scaffold_4	1828741	1928741
Aspergillus_fumigatus_CM7555	27	23	4	0	scaffold_6	2352038	2452038
Aspergillus_fumigatus_CM7555	32	30	2	0	scaffold_2	903308	1003308
Aspergillus_fumigatus_CM7555	29	29	0	0	scaffold_1	1328418	1428418
Aspergillus_fumigatus_CM7555	32	31	1	0	scaffold_1	1467696	1567696
Aspergillus_fumigatus_CM7555	44	37	7	0	scaffold_3	1036059	1136059
Aspergillus_fumigatus_CM7555	44	32	12	0	scaffold_3	3709686	3809686
Aspergillus_fumigatus_CM7555	43	39	4	0	scaffold_8	189474	289474
Aspergillus_fumigatus_CM7555	28	28	0	0	scaffold_6	2756041	2856041
Aspergillus_fumigatus_CM7555	20	18	2	0	scaffold_5	2279132	2379132
Aspergillus_fumigatus_CM7555	34	21	13	0	scaffold_3	640159	740159
Aspergillus_fumigatus_CM7555	32	29	3	0	scaffold_2	1089265	1189265
Aspergillus_fumigatus_CM7555	30	29	1	0	scaffold_2	1271993	1371993
Aspergillus_fumigatus_CM7555	42	38	4	0	scaffold_4	429937	529937
Aspergillus_fumigatus_CM7555	28	25	3	0	scaffold_5	257916	357916
Aspergillus_fumigatus_CM7555	37	34	3	0	scaffold_4	1981650	2081650
Aspergillus_fumigatus_CM7555	30	29	1	0	scaffold_6	2710355	2810355
Aspergillus_fumigatus_CM7555	36	35	1	0	scaffold_2	2283357	2383357
Aspergillus_fumigatus_CM7555	37	30	7	0	scaffold_2	4086550	4186550
Aspergillus_fumigatus_CM7555	40	37	3	0	scaffold_8	1179661	1279661
Aspergillus_fumigatus_CM7555	41	40	1	0	scaffold_5	569002	669002
Aspergillus_fumigatus_CM7555	46	46	0	0	scaffold_6	1750736	1850736
Aspergillus_fumigatus_CM7555	44	39	5	0	scaffold_6	3273897	3373897
Aspergillus_fumigatus_CM7555	47	42	5	0	scaffold_3	988348	1088348
Aspergillus_fumigatus_CM7555	35	34	1	0	scaffold_3	3066472	3166472
Aspergillus_fumigatus_CM7555	42	38	4	0	scaffold_2	3232706	3332706
Aspergillus_fumigatus_CM7555	46	41	5	0	scaffold_8	1624061	1724061
Aspergillus_fumigatus_CM7555	33	28	5	0	scaffold_7	390227	490227
Aspergillus_fumigatus_CM7555	28	26	2	0	scaffold_4	1888258	1988258
Aspergillus_fumigatus_CM7555	36	36	0	0	scaffold_1	1257914	1357914
Aspergillus_fumigatus_CM7555	42	36	6	0	scaffold_7	80014	180014
Aspergillus_fumigatus_CM7555	29	27	2	0	scaffold_4	1899652	1999652
Aspergillus_fumigatus_CM7555	34	33	1	0	scaffold_1	639716	739716
Aspergillus_fumigatus_CM7555	22	17	5	0	scaffold_2	1974346	2074346
Aspergillus_fumigatus_CM7555	36	32	4	0	scaffold_7	417883	517883
Aspergillus_fumigatus_CM7555	38	36	2	0	scaffold_4	2054413	2154413
Aspergillus_fumigatus_CM7555	35	34	1	0	scaffold_4	382688	482688
Aspergillus_fumigatus_CM7555	31	16	15	0	scaffold_3	785655	885655
Aspergillus_fumigatus_CM7555	44	36	8	0	scaffold_3	196992	296992
Aspergillus_fumigatus_CM7555	42	32	10	0	scaffold_4	1617070	1717070
Aspergillus_fumigatus_CM7555	37	35	2	0	scaffold_6	1647152	1747152
Aspergillus_fumigatus_CM7555	39	38	1	0	scaffold_4	2896943	2996943
Aspergillus_fumigatus_CM7555	38	37	1	0	scaffold_8	664433	764433
Aspergillus_fumigatus_CM7555	32	30	2	0	scaffold_4	1363443	1463443
Aspergillus_fumigatus_CM7555	35	25	10	0	scaffold_2	4456467	4556467
Aspergillus_fumigatus_CM7555	34	32	2	0	scaffold_5	1876307	1976307
Aspergillus_fumigatus_CM7555	37	36	1	0	scaffold_6	3006599	3106599
Aspergillus_fumigatus_CM7555	37	35	2	0	scaffold_1	3123085	3223085
Aspergillus_fumigatus_CM7555	34	27	7	0	scaffold_2	3408681	3508681
Aspergillus_fumigatus_CM7555	33	31	2	0	scaffold_3	2857254	2957254
Aspergillus_fumigatus_CM7555	28	22	6	0	scaffold_5	226118	326118
Aspergillus_fumigatus_CM7555	34	33	1	0	scaffold_1	649523	749523
Aspergillus_fumigatus_CM7555	36	30	6	0	scaffold_5	2870133	2970133
Aspergillus_fumigatus_CM7555	45	44	1	0	scaffold_4	970161	1070161
Aspergillus_fumigatus_CM7555	15	13	2	0	scaffold_7	662191	762191
Aspergillus_fumigatus_CM7555	37	31	6	0	scaffold_7	1000788	1100788
Aspergillus_fumigatus_CM7555	33	2	31	0	scaffold_2	4197506	4297506
Aspergillus_fumigatus_CM7555	32	29	3	0	scaffold_4	3186249	3286249
Aspergillus_fumigatus_CM7555	42	40	2	0	scaffold_1	1739591	1839591
Aspergillus_fumigatus_CM7555	34	33	1	0	scaffold_1	1078884	1178884
Aspergillus_fumigatus_CM7555	38	33	5	0	scaffold_1	4698858	4798858
Aspergillus_fumigatus_CM7555	5	1	4	0	scaffold_1	152713	252713
Aspergillus_fumigatus_CM7555	35	32	3	0	scaffold_1	1594485	1694485
Aspergillus_fumigatus_CM7555	40	36	4	0	scaffold_1	2468299	2568299
Aspergillus_fumigatus_CM7555	35	32	3	0	scaffold_1	941178	1041178
Aspergillus_fumigatus_CM7555	39	35	4	0	scaffold_5	1603634	1703634
Aspergillus_fumigatus_CM7555	39	36	3	0	scaffold_3	2739226	2839226
Aspergillus_fumigatus_CM7555	38	33	5	0	scaffold_6	475402	575402
Aspergillus_fumigatus_CM7555	41	38	3	0	scaffold_1	364386	464386
Aspergillus_fumigatus_CM7555	36	32	4	0	scaffold_2	2763933	2863933
Aspergillus_fumigatus_CM7555	38	35	3	0	scaffold_8	642438	742438
Aspergillus_fumigatus_CM7555	37	33	4	0	scaffold_7	982433	1082433
Aspergillus_fumigatus_CM7555	44	34	10	0	scaffold_2	125575	225575
Aspergillus_fumigatus_CM7555	31	31	0	0	scaffold_6	2570693	2670693
Aspergillus_fumigatus_CM7555	33	31	1	1	scaffold_3	3432796	3532796
Aspergillus_fumigatus_CM7555	40	39	1	0	scaffold_5	3693398	3793398
Aspergillus_fumigatus_CM7555	32	27	5	0	scaffold_1	448983	548983
Aspergillus_fumigatus_CM7555	34	30	4	0	scaffold_1	3883086	3983086
Aspergillus_fumigatus_CM7555	12	8	4	0	scaffold_6	3463231	3563231
Aspergillus_fumigatus_CM7555	41	35	6	0	scaffold_1	3766013	3866013
Aspergillus_fumigatus_CM7555	37	35	2	0	scaffold_4	2022930	2122930
Aspergillus_fumigatus_CM7555	43	41	2	0	scaffold_5	3667753	3767753
Aspergillus_fumigatus_CM7555	35	33	2	0	scaffold_1	1932821	2032821
Aspergillus_fumigatus_CM7555	31	27	4	0	scaffold_3	2531860	2631860
Aspergillus_fumigatus_CM7555	35	27	8	0	scaffold_6	2093817	2193817
Aspergillus_fumigatus_CM7555	40	30	10	0	scaffold_1	2913307	3013307
Aspergillus_fumigatus_CM7555	35	31	4	0	scaffold_5	1976388	2076388
Aspergillus_fumigatus_CM7555	35	25	10	0	scaffold_3	1726276	1826276
Aspergillus_fumigatus_CM7555	36	33	3	0	scaffold_5	1701418	1801418
Aspergillus_fumigatus_CM7555	43	37	6	0	scaffold_1	4316221	4416221
Aspergillus_fumigatus_CM7555	44	38	6	0	scaffold_8	116248	216248
Aspergillus_fumigatus_CM7555	44	42	2	0	scaffold_4	908337	1008337
Aspergillus_fumigatus_CM7555	44	43	1	0	scaffold_4	999759	1099759
Aspergillus_fumigatus_CM7555	40	33	7	0	scaffold_8	7300	107300
Aspergillus_fumigatus_CM7555	43	42	1	0	scaffold_4	989494	1089494
Aspergillus_fumigatus_CM7555	36	36	0	0	scaffold_2	571240	671240
Aspergillus_fumigatus_CM7555	34	19	15	0	scaffold_3	79479	179479
Aspergillus_fumigatus_CM7555	17	1	15	1	scaffold_7	1813441	1913441
Aspergillus_fumigatus_CM7555	36	34	2	0	scaffold_3	3310122	3410122
Aspergillus_fumigatus_CM7555	33	31	2	0	scaffold_5	1839194	1939194
Aspergillus_fumigatus_CM7555	41	40	1	0	scaffold_6	1824657	1924657
Aspergillus_fumigatus_CM7555	32	24	8	0	scaffold_7	1600161	1700161
Aspergillus_fumigatus_CM7555	32	30	2	0	scaffold_1	3626394	3726394
Aspergillus_fumigatus_CM7555	40	28	12	0	scaffold_5	2960667	3060667
Aspergillus_fumigatus_CM7555	27	22	5	0	scaffold_1	4796310	4896310
Aspergillus_fumigatus_CM7555	32	30	2	0	scaffold_4	1305640	1405640
Aspergillus_fumigatus_CM7555	40	0	40	0	scaffold_2	4329826	4429826
Aspergillus_fumigatus_CM7555	41	40	1	0	scaffold_2	494384	594384
Aspergillus_fumigatus_CM7555	41	30	11	0	scaffold_6	3618653	3718653
Aspergillus_fumigatus_CM7555	44	43	1	0	scaffold_5	2157165	2257165
Aspergillus_fumigatus_CM7555	31	28	3	0	scaffold_1	3619249	3719249
Aspergillus_fumigatus_CM7555	40	38	2	0	scaffold_1	2959789	3059789
Aspergillus_fumigatus_CM7555	15	13	2	0	scaffold_7	697779	797779
Aspergillus_fumigatus_CM7555	38	38	0	0	scaffold_4	1018300	1118300
Aspergillus_fumigatus_CM7555	42	41	1	0	scaffold_7	1412693	1512693
Aspergillus_fumigatus_CM7555	44	28	16	0	scaffold_4	3468390	3568390
Aspergillus_fumigatus_CM7555	34	30	4	0	scaffold_6	145478	245478
Aspergillus_fumigatus_CM7555	35	32	3	0	scaffold_2	2753322	2853322
Aspergillus_fumigatus_CM7555	36	29	7	0	scaffold_6	434826	534826
Aspergillus_fumigatus_CM7555	32	29	3	0	scaffold_8	591604	691604
Aspergillus_fumigatus_CM7555	35	31	4	0	scaffold_3	3356819	3456819
Aspergillus_fumigatus_CM7555	38	36	2	0	scaffold_7	494239	594239
Aspergillus_fumigatus_CM7555	35	29	6	0	scaffold_7	39583	139583
Aspergillus_fumigatus_CM7555	34	13	21	0	scaffold_3	661354	761354
Aspergillus_fumigatus_CM7555	32	29	3	0	scaffold_5	1911196	2011196
Aspergillus_fumigatus_CM7555	8	2	6	0	scaffold_7	1660336	1760336
Aspergillus_fumigatus_CM7555	42	36	6	0	scaffold_1	3544197	3644197
Aspergillus_fumigatus_CM7555	33	31	2	0	scaffold_4	2203068	2303068
Aspergillus_fumigatus_CM7555	45	41	4	0	scaffold_1	2335215	2435215
Aspergillus_fumigatus_CM7555	36	36	0	0	scaffold_4	2258784	2358784
Aspergillus_fumigatus_CM7555	45	34	11	0	scaffold_2	4025093	4125093
Aspergillus_fumigatus_CM7555	28	19	9	0	scaffold_6	580499	680499
Aspergillus_fumigatus_CM7555	38	34	4	0	scaffold_2	3287240	3387240
Aspergillus_fumigatus_CM7555	39	30	9	0	scaffold_5	2918464	3018464
Aspergillus_fumigatus_CM7555	32	22	10	0	scaffold_3	1740125	1840125
Aspergillus_fumigatus_CM7555	43	41	2	0	scaffold_1	2308550	2408550
Aspergillus_fumigatus_CM7555	39	34	5	0	scaffold_1	2023625	2123625
Aspergillus_fumigatus_CM7555	37	35	2	0	scaffold_5	1479105	1579105
Aspergillus_fumigatus_CM7555	34	29	5	0	scaffold_4	1725815	1825815
Aspergillus_fumigatus_CM7555	33	31	2	0	scaffold_2	887943	987943
Aspergillus_fumigatus_CM7555	39	35	4	0	scaffold_3	365078	465078
Aspergillus_fumigatus_CM7555	34	33	1	0	scaffold_6	3121813	3221813
Aspergillus_fumigatus_CM7555	38	32	6	0	scaffold_4	108295	208295
Aspergillus_fumigatus_CM7555	40	39	1	0	scaffold_6	1317954	1417954
Aspergillus_fumigatus_CM7555	32	31	1	0	scaffold_6	2404608	2504608
Aspergillus_fumigatus_CM7555	34	34	0	0	scaffold_1	1045431	1145431
Aspergillus_fumigatus_CM7555	43	38	5	0	scaffold_8	106539	206539
Aspergillus_fumigatus_CM7555	35	31	4	0	scaffold_4	1747038	1847038
Aspergillus_fumigatus_CM7555	38	35	3	0	scaffold_6	3075904	3175904
Aspergillus_fumigatus_CM7555	31	7	24	0	scaffold_3	121510	221510
Aspergillus_fumigatus_CM7555	45	43	2	0	scaffold_5	3630294	3730294
Aspergillus_fumigatus_CM7555	28	24	4	0	scaffold_5	105152	205152
Aspergillus_fumigatus_CM7555	41	38	3	0	scaffold_1	364822	464822
Aspergillus_fumigatus_CM7555	49	44	5	0	scaffold_7	1544179	1644179
Aspergillus_fumigatus_CM7555	38	35	3	0	scaffold_8	427424	527424
Aspergillus_fumigatus_CM7555	29	26	3	0	scaffold_3	1334695	1434695
Aspergillus_fumigatus_CM7555	9	9	0	0	scaffold_3	1243257	1343257
Aspergillus_fumigatus_CM7555	35	34	1	0	scaffold_4	665784	765784
Aspergillus_fumigatus_CM7555	32	29	3	0	scaffold_2	3572387	3672387
Aspergillus_fumigatus_CM7555	34	32	1	1	scaffold_3	3438160	3538160
Aspergillus_fumigatus_CM7555	34	33	1	0	scaffold_1	3380551	3480551
Aspergillus_fumigatus_CM7555	37	35	2	0	scaffold_4	2856089	2956089
Aspergillus_fumigatus_CM7555	38	36	2	0	scaffold_2	2329527	2429527
Aspergillus_fumigatus_CM7555	37	35	2	0	scaffold_1	3825353	3925353
Aspergillus_fumigatus_CM7555	33	31	2	0	scaffold_6	2009605	2109605
Aspergillus_fumigatus_CM7555	23	21	2	0	scaffold_4	1106361	1206361
Aspergillus_fumigatus_CM7555	39	28	11	0	scaffold_5	2957944	3057944
Aspergillus_fumigatus_CM7555	35	34	1	0	scaffold_4	831655	931655
Aspergillus_fumigatus_CM7555	30	27	3	0	scaffold_4	2949892	3049892
Aspergillus_fumigatus_CM7555	35	32	3	0	scaffold_6	186473	286473
Aspergillus_fumigatus_CM7555	35	33	2	0	scaffold_6	3192216	3292216
Aspergillus_fumigatus_CM7555	35	33	2	0	scaffold_2	2213484	2313484
Aspergillus_fumigatus_CM7555	45	35	10	0	scaffold_4	132730	232730
Aspergillus_fumigatus_CM7555	40	38	2	0	scaffold_8	619344	719344
Aspergillus_fumigatus_CM7555	46	42	4	0	scaffold_1	2361824	2461824
Aspergillus_fumigatus_CM7555	41	37	4	0	scaffold_1	3469430	3569430
Aspergillus_fumigatus_CM7555	36	31	5	0	scaffold_2	1616232	1716232
Aspergillus_fumigatus_CM7555	43	29	14	0	scaffold_6	2145895	2245895
Aspergillus_fumigatus_CM7555	41	41	0	0	scaffold_1	590749	690749
Aspergillus_fumigatus_CM7555	37	35	2	0	scaffold_1	3128425	3228425
Aspergillus_fumigatus_CM7555	44	34	10	0	scaffold_2	4013803	4113803
Aspergillus_fumigatus_CM7555	35	34	1	0	scaffold_6	3124563	3224563
Aspergillus_fumigatus_CM7555	37	31	6	0	scaffold_3	1694856	1794856
Aspergillus_fumigatus_CM7555	36	33	3	0	scaffold_2	1190473	1290473
Aspergillus_fumigatus_CM7555	31	28	3	0	scaffold_3	3371351	3471351
Aspergillus_fumigatus_CM7555	21	17	4	0	scaffold_2	1982547	2082547
Aspergillus_fumigatus_CM7555	32	29	3	0	scaffold_7	1234936	1334936
Aspergillus_fumigatus_CM7555	44	34	10	0	scaffold_2	159120	259120
Aspergillus_fumigatus_CM7555	33	32	1	0	scaffold_5	922946	1022946
Aspergillus_fumigatus_CM7555	38	31	7	0	scaffold_5	3497752	3597752
Aspergillus_fumigatus_CM7555	42	35	7	0	scaffold_4	2476594	2576594
Aspergillus_fumigatus_CM7555	39	38	1	0	scaffold_2	2080710	2180710
Aspergillus_fumigatus_CM7555	36	35	1	0	scaffold_8	1249837	1349837
Aspergillus_fumigatus_CM7555	38	38	0	0	scaffold_4	1048585	1148585
Aspergillus_fumigatus_CM7555	43	37	6	0	scaffold_1	3719664	3819664
Aspergillus_fumigatus_CM7555	40	37	3	0	scaffold_2	2346169	2446169
Aspergillus_fumigatus_CM7555	30	14	16	0	scaffold_3	775339	875339
Aspergillus_fumigatus_CM7555	36	36	0	0	scaffold_4	3156155	3256155
Aspergillus_fumigatus_CM7555	35	31	4	0	scaffold_2	1195536	1295536
Aspergillus_fumigatus_CM7555	38	31	7	0	scaffold_5	2428550	2528550
Aspergillus_fumigatus_CM7555	35	35	0	0	scaffold_3	1844414	1944414
Aspergillus_fumigatus_CM7555	41	39	2	0	scaffold_7	131903	231903
Aspergillus_fumigatus_CM7555	24	22	2	0	scaffold_5	2728036	2828036
Aspergillus_fumigatus_CM7555	35	35	0	0	scaffold_5	3276106	3376106
Aspergillus_fumigatus_CM7555	39	35	4	0	scaffold_7	1169731	1269731
Aspergillus_fumigatus_CM7555	30	29	1	0	scaffold_2	2697518	2797518
Aspergillus_fumigatus_CM7555	31	28	3	0	scaffold_7	1289098	1389098
Aspergillus_fumigatus_CM7555	9	3	6	0	scaffold_6	3487004	3587004
Aspergillus_fumigatus_CM7555	55	42	13	0	scaffold_4	204097	304097
Aspergillus_fumigatus_CM7555	33	31	2	0	scaffold_4	734466	834466
Aspergillus_fumigatus_CM7555	18	10	8	0	scaffold_7	1630281	1730281
Aspergillus_fumigatus_CM7555	31	29	2	0	scaffold_1	4223442	4323442
Aspergillus_fumigatus_CM7555	35	34	1	0	scaffold_4	3081034	3181034
Aspergillus_fumigatus_CM7555	34	28	6	0	scaffold_3	1791557	1891557
Aspergillus_fumigatus_CM7555	39	38	1	0	scaffold_2	452176	552176
Aspergillus_fumigatus_CM7555	43	41	2	0	scaffold_3	1615525	1715525
Aspergillus_fumigatus_CM7555	34	32	2	0	scaffold_3	1485970	1585970
Aspergillus_fumigatus_CM7555	31	29	2	0	scaffold_1	2806334	2906334
Aspergillus_fumigatus_CM7555	33	29	4	0	scaffold_8	1313712	1413712
Aspergillus_fumigatus_CM7555	34	32	2	0	scaffold_6	921580	1021580
Aspergillus_fumigatus_CM7555	46	36	10	0	scaffold_2	3995339	4095339
Aspergillus_fumigatus_CM7555	29	27	2	0	scaffold_4	1083434	1183434
Aspergillus_fumigatus_CM7555	35	34	1	0	scaffold_3	3210907	3310907
Aspergillus_fumigatus_CM7555	17	15	2	0	scaffold_5	1349451	1449451
Aspergillus_fumigatus_CM7555	37	34	3	0	scaffold_3	3530320	3630320
Aspergillus_fumigatus_CM7555	35	31	4	0	scaffold_5	2867280	2967280
Aspergillus_fumigatus_CM7555	41	6	35	0	scaffold_2	4362303	4462303
Aspergillus_fumigatus_CM7555	37	32	5	0	scaffold_3	837238	937238
Aspergillus_fumigatus_CM7555	37	35	2	0	scaffold_5	390646	490646
Aspergillus_fumigatus_CM7555	36	36	0	0	scaffold_4	2598415	2698415
Aspergillus_fumigatus_CM7555	33	29	4	0	scaffold_1	2227936	2327936
Aspergillus_fumigatus_CM7555	33	33	0	0	scaffold_1	4128787	4228787
Aspergillus_fumigatus_CM7555	37	36	1	0	scaffold_6	1490191	1590191
Aspergillus_fumigatus_CM7555	37	34	3	0	scaffold_8	1332867	1432867
Aspergillus_fumigatus_CM7555	45	45	0	0	scaffold_6	1754167	1854167
Aspergillus_fumigatus_CM7555	38	33	5	0	scaffold_8	285213	385213
Aspergillus_fumigatus_CM7555	39	34	5	0	scaffold_1	2022675	2122675
Aspergillus_fumigatus_CM7555	10	9	1	0	scaffold_1	2177351	2277351
Aspergillus_fumigatus_CM7555	40	37	3	0	scaffold_8	1179806	1279806
Aspergillus_fumigatus_CM7555	34	25	9	0	scaffold_2	4461377	4561377
Aspergillus_fumigatus_CM7555	28	27	1	0	scaffold_6	2541919	2641919
Aspergillus_fumigatus_CM7555	48	44	4	0	scaffold_1	4359058	4459058
Aspergillus_fumigatus_CM7555	32	29	3	0	scaffold_5	3085770	3185770
Aspergillus_fumigatus_CM7555	45	41	4	0	scaffold_3	441708	541708
Aspergillus_fumigatus_CM7555	23	19	4	0	scaffold_5	1304653	1404653
Aspergillus_fumigatus_CM7555	42	37	5	0	scaffold_8	23434	123434
Aspergillus_fumigatus_CM7555	31	27	4	0	scaffold_6	128435	228435
Aspergillus_fumigatus_CM7555	8	5	3	0	scaffold_6	3472895	3572895
Aspergillus_fumigatus_CM7555	34	30	4	0	scaffold_3	2559726	2659726
Aspergillus_fumigatus_CM7555	35	11	24	0	scaffold_3	131289	231289
Aspergillus_fumigatus_CM7555	43	39	4	0	scaffold_2	3243750	3343750
Aspergillus_fumigatus_CM7555	38	37	1	0	scaffold_4	2765433	2865433
Aspergillus_fumigatus_CM7555	43	39	4	0	scaffold_4	424670	524670
Aspergillus_fumigatus_CM7555	34	33	1	0	scaffold_1	3655836	3755836
Aspergillus_fumigatus_CM7555	41	35	6	0	scaffold_7	91024	191024
Aspergillus_fumigatus_CM7555	38	35	3	0	scaffold_8	1162525	1262525
Aspergillus_fumigatus_CM7555	35	33	2	0	scaffold_3	3313063	3413063
Aspergillus_fumigatus_CM7555	35	35	0	0	scaffold_1	2746779	2846779
Aspergillus_fumigatus_CM7555	38	37	1	0	scaffold_8	1008340	1108340
Aspergillus_fumigatus_CM7555	36	35	1	0	scaffold_3	2195024	2295024
Aspergillus_fumigatus_CM7555	41	1	40	0	scaffold_2	4337176	4437176
Aspergillus_fumigatus_CM7555	36	32	4	0	scaffold_3	1357995	1457995
Aspergillus_fumigatus_CM7555	24	23	1	0	scaffold_5	2710836	2810836
Aspergillus_fumigatus_CM7555	36	31	5	0	scaffold_3	2580378	2680378
Aspergillus_fumigatus_CM7555	34	1	33	0	scaffold_7	2009068	2109068
Aspergillus_fumigatus_CM7555	32	28	4	0	scaffold_6	2329302	2429302
Aspergillus_fumigatus_CM7555	39	35	4	0	scaffold_2	3883056	3983056
Aspergillus_fumigatus_CM7555	25	21	4	0	scaffold_1	2210136	2310136
Aspergillus_fumigatus_CM7555	38	36	2	0	scaffold_1	3129427	3229427
Aspergillus_fumigatus_CM7555	34	32	2	0	scaffold_1	3967134	4067134
Aspergillus_fumigatus_CM7555	34	31	3	0	scaffold_2	1192803	1292803
Aspergillus_fumigatus_CM7555	44	38	6	0	scaffold_3	1104607	1204607
Aspergillus_fumigatus_CM7555	46	41	5	0	scaffold_3	2362029	2462029
Aspergillus_fumigatus_CM7555	35	34	1	0	scaffold_5	3172771	3272771
Aspergillus_fumigatus_CM7555	42	41	1	0	scaffold_4	963505	1063505
Aspergillus_fumigatus_CM7555	45	40	5	0	scaffold_3	530099	630099
Aspergillus_fumigatus_CM7555	32	32	0	0	scaffold_2	3025621	3125621
Aspergillus_fumigatus_CM7555	34	33	1	0	scaffold_1	976829	1076829
Aspergillus_fumigatus_CM7555	40	35	5	0	scaffold_1	4713104	4813104
Aspergillus_fumigatus_CM7555	39	37	2	0	scaffold_3	3097541	3197541
Aspergillus_fumigatus_CM7555	37	32	5	0	scaffold_5	1153491	1253491
Aspergillus_fumigatus_CM7555	35	34	1	0	scaffold_3	3066916	3166916
Aspergillus_fumigatus_CM7555	9	7	2	0	scaffold_3	1278574	1378574
Aspergillus_fumigatus_CM7555	40	37	3	0	scaffold_2	1172745	1272745
Aspergillus_fumigatus_CM7555	43	33	10	0	scaffold_2	136301	236301
Aspergillus_fumigatus_CM7555	38	38	0	0	scaffold_1	611476	711476
Aspergillus_fumigatus_CM7555	23	22	1	0	scaffold_6	1161708	1261708
Aspergillus_fumigatus_CM7555	25	24	1	0	scaffold_6	1168162	1268162
Aspergillus_fumigatus_CM7555	39	34	5	0	scaffold_7	63896	163896
Aspergillus_fumigatus_CM7555	39	36	3	0	scaffold_2	283018	383018
Aspergillus_fumigatus_CM7555	45	38	7	0	scaffold_7	1135983	1235983
Aspergillus_fumigatus_CM7555	42	37	5	0	scaffold_5	774209	874209
Aspergillus_fumigatus_CM7555	42	37	5	0	scaffold_8	62838	162838
Aspergillus_fumigatus_CM7555	34	32	2	0	scaffold_3	1933370	2033370
Aspergillus_fumigatus_CM7555	46	25	21	0	scaffold_4	3478144	3578144
Aspergillus_fumigatus_CM7555	33	30	3	0	scaffold_2	986080	1086080
Aspergillus_fumigatus_CM7555	40	35	5	0	scaffold_2	2899979	2999979
Aspergillus_fumigatus_CM7555	28	27	1	0	scaffold_2	2679919	2779919
Aspergillus_fumigatus_CM7555	38	36	2	0	scaffold_8	1589584	1689584
Aspergillus_fumigatus_CM7555	46	42	4	0	scaffold_1	4349290	4449290
Aspergillus_fumigatus_CM7555	32	31	1	0	scaffold_1	3078078	3178078
Aspergillus_fumigatus_CM7555	42	38	4	0	scaffold_6	1971952	2071952
Aspergillus_fumigatus_CM7555	43	39	4	0	scaffold_5	657778	757778
Aspergillus_fumigatus_CM7555	34	31	3	0	scaffold_2	3565351	3665351
Aspergillus_fumigatus_CM7555	35	32	3	0	scaffold_5	2815667	2915667
Aspergillus_fumigatus_CM7555	29	29	0	0	scaffold_1	4100408	4200408
Aspergillus_fumigatus_CM7555	37	33	4	0	scaffold_2	1894076	1994076
Aspergillus_fumigatus_CM7555	40	36	4	0	scaffold_8	1129667	1229667
Aspergillus_fumigatus_CM7555	36	34	2	0	scaffold_1	802177	902177
Aspergillus_fumigatus_CM7555	39	37	2	0	scaffold_5	1077738	1177738
Aspergillus_fumigatus_CM7555	33	31	2	0	scaffold_1	3975112	4075112
Aspergillus_fumigatus_CM7555	38	33	5	0	scaffold_6	323369	423369
Aspergillus_fumigatus_CM7555	27	22	5	0	scaffold_5	2261783	2361783
Aspergillus_fumigatus_CM7555	41	33	8	0	scaffold_7	1062160	1162160
Aspergillus_fumigatus_CM7555	34	34	0	0	scaffold_4	345136	445136
Aspergillus_fumigatus_CM7555	18	16	2	0	scaffold_5	1366624	1466624
Aspergillus_fumigatus_CM7555	28	27	1	0	scaffold_3	2976229	3076229
Aspergillus_fumigatus_CM7555	38	34	4	0	scaffold_1	670358	770358
Aspergillus_fumigatus_CM7555	38	35	3	0	scaffold_4	2335101	2435101
Aspergillus_fumigatus_CM7555	36	34	2	0	scaffold_5	422996	522996
Aspergillus_fumigatus_CM7555	16	15	1	0	scaffold_7	650161	750161
Aspergillus_fumigatus_CM7555	23	19	4	0	scaffold_8	812873	912873
Aspergillus_fumigatus_CM7555	40	40	0	0	scaffold_4	3144508	3244508
Aspergillus_fumigatus_CM7555	41	37	4	0	scaffold_3	3592320	3692320
Aspergillus_fumigatus_CM7555	36	33	3	0	scaffold_4	1974928	2074928
Aspergillus_fumigatus_CM7555	45	42	3	0	scaffold_1	2376161	2476161
Aspergillus_fumigatus_CM7555	13	13	0	0	scaffold_6	1084537	1184537
Aspergillus_fumigatus_CM7555	41	38	3	0	scaffold_2	1163163	1263163
Aspergillus_fumigatus_CM7555	24	20	4	0	scaffold_8	519897	619897
Aspergillus_fumigatus_CM7555	36	34	2	0	scaffold_3	1929532	2029532
Aspergillus_fumigatus_CM7555	39	36	3	0	scaffold_1	3836145	3936145
Aspergillus_fumigatus_CM7555	35	35	0	0	scaffold_2	2132858	2232858
Aspergillus_fumigatus_CM7555	47	40	7	0	scaffold_1	4326072	4426072
Aspergillus_fumigatus_CM7555	26	23	3	0	scaffold_5	1394953	1494953
Aspergillus_fumigatus_CM7555	38	37	1	0	scaffold_1	1899433	1999433
Aspergillus_fumigatus_CM7555	34	30	4	0	scaffold_6	103916	203916
Aspergillus_fumigatus_CM7555	32	32	0	0	scaffold_2	2443718	2543718
Aspergillus_fumigatus_CM7555	34	18	16	0	scaffold_3	86659	186659
Aspergillus_fumigatus_CM7555	39	38	1	0	scaffold_7	909582	1009582
Aspergillus_fumigatus_CM7555	30	30	0	0	scaffold_2	2664551	2764551
Aspergillus_fumigatus_CM7555	34	32	2	0	scaffold_4	1482757	1582757
Aspergillus_fumigatus_CM7555	47	43	4	0	scaffold_1	4371930	4471930
Aspergillus_fumigatus_CM7555	30	24	6	0	scaffold_5	1177817	1277817
Aspergillus_fumigatus_CM7555	45	45	0	0	scaffold_6	1755523	1855523
Aspergillus_fumigatus_CM7555	33	2	31	0	scaffold_2	4198142	4298142
Aspergillus_fumigatus_CM7555	35	33	2	0	scaffold_2	2520158	2620158
Aspergillus_fumigatus_CM7555	49	47	2	0	scaffold_3	3930437	4030437
Aspergillus_fumigatus_CM7555	35	32	3	0	scaffold_8	866302	966302
Aspergillus_fumigatus_CM7555	42	1	41	0	scaffold_2	4335404	4435404
Aspergillus_fumigatus_CM7555	49	42	7	0	scaffold_2	4572465	4672465
Aspergillus_fumigatus_CM7555	20	19	1	0	scaffold_7	640529	740529
Aspergillus_fumigatus_CM7555	46	35	11	0	scaffold_2	45025	145025
Aspergillus_fumigatus_CM7555	28	27	1	0	scaffold_6	2541119	2641119
Aspergillus_fumigatus_CM7555	36	32	4	0	scaffold_1	3855656	3955656
Aspergillus_fumigatus_CM7555	33	29	4	0	scaffold_8	407873	507873
Aspergillus_fumigatus_CM7555	34	29	5	0	scaffold_2	1395056	1495056
Aspergillus_fumigatus_CM7555	40	38	2	0	scaffold_2	420741	520741
Aspergillus_fumigatus_CM7555	34	33	1	0	scaffold_1	641936	741936
Aspergillus_fumigatus_CM7555	39	36	3	0	scaffold_4	2794988	2894988
Aspergillus_fumigatus_CM7555	46	36	10	0	scaffold_2	3992553	4092553
Aspergillus_fumigatus_CM7555	26	23	3	0	scaffold_5	250367	350367
Aspergillus_fumigatus_CM7555	28	4	23	1	scaffold_7	1931548	2031548
Aspergillus_fumigatus_CM7555	32	31	1	0	scaffold_4	290353	390353
Aspergillus_fumigatus_CM7555	33	31	2	0	scaffold_6	908026	1008026
Aspergillus_fumigatus_CM7555	39	37	2	0	scaffold_5	1486055	1586055
Aspergillus_fumigatus_CM7555	37	27	10	0	scaffold_5	2943208	3043208
Aspergillus_fumigatus_CM7555	21	0	19	2	scaffold_7	1852825	1952825
Aspergillus_fumigatus_CM7555	36	33	3	0	scaffold_3	3540302	3640302
Aspergillus_fumigatus_CM7555	31	29	2	0	scaffold_1	4000483	4100483
Aspergillus_fumigatus_CM7555	29	27	2	0	scaffold_4	1371195	1471195
Aspergillus_fumigatus_CM7555	42	39	3	0	scaffold_6	2473821	2573821
Aspergillus_fumigatus_CM7555	38	36	2	0	scaffold_6	662884	762884
Aspergillus_fumigatus_CM7555	28	0	28	0	scaffold_2	4264362	4364362
Aspergillus_fumigatus_CM7555	31	29	2	0	scaffold_2	1502472	1602472
Aspergillus_fumigatus_CM7555	31	28	3	0	scaffold_8	707935	807935
Aspergillus_fumigatus_CM7555	39	35	4	0	scaffold_4	2363183	2463183
Aspergillus_fumigatus_CM7555	39	39	0	0	scaffold_4	1039473	1139473
Aspergillus_fumigatus_CM7555	35	31	4	0	scaffold_3	2050883	2150883
Aspergillus_fumigatus_CM7555	32	29	3	0	scaffold_3	3370925	3470925
Aspergillus_fumigatus_CM7555	35	34	1	0	scaffold_5	1798174	1898174
Aspergillus_fumigatus_CM7555	42	36	6	0	scaffold_1	3540100	3640100
Aspergillus_fumigatus_CM7555	35	31	4	0	scaffold_1	1576318	1676318
Aspergillus_fumigatus_CM7555	40	38	2	0	scaffold_3	3833224	3933224
Aspergillus_fumigatus_CM7555	44	36	8	0	scaffold_3	1056836	1156836
Aspergillus_fumigatus_CM7555	30	25	5	0	scaffold_4	3231696	3331696
Aspergillus_fumigatus_CM7555	36	36	0	0	scaffold_1	543338	643338
Aspergillus_fumigatus_CM7555	41	37	4	0	scaffold_5	1638384	1738384
Aspergillus_fumigatus_CM7555	43	41	2	0	scaffold_7	852217	952217
Aspergillus_fumigatus_CM7555	33	32	1	0	scaffold_4	711670	811670
Aspergillus_fumigatus_CM7555	32	28	4	0	scaffold_8	371981	471981
Aspergillus_fumigatus_CM7555	43	25	18	0	scaffold_3	160929	260929
Aspergillus_fumigatus_CM7555	36	35	1	0	scaffold_2	2431143	2531143
Aspergillus_fumigatus_CM7555	39	34	5	0	scaffold_2	2923739	3023739
Aspergillus_fumigatus_CM7555	40	36	4	0	scaffold_5	2485830	2585830
Aspergillus_fumigatus_CM7555	31	30	1	0	scaffold_2	2813717	2913717
Aspergillus_fumigatus_CM7555	34	31	3	0	scaffold_2	1539356	1639356
Aspergillus_fumigatus_CM7555	40	36	4	0	scaffold_1	1700378	1800378
Aspergillus_fumigatus_CM7555	26	3	22	1	scaffold_7	1916449	2016449
Aspergillus_fumigatus_CM7555	34	33	1	0	scaffold_6	1349614	1449614
Aspergillus_fumigatus_CM7555	29	25	4	0	scaffold_8	337100	437100
Aspergillus_fumigatus_CM7555	33	29	4	0	scaffold_7	1264284	1364284
Aspergillus_fumigatus_CM7555	40	34	6	0	scaffold_1	4295089	4395089
Aspergillus_fumigatus_CM7555	35	32	3	0	scaffold_5	3142058	3242058
Aspergillus_fumigatus_CM7555	35	32	3	0	scaffold_1	1121351	1221351
Aspergillus_fumigatus_CM7555	31	31	0	0	scaffold_2	1468873	1568873
Aspergillus_fumigatus_CM7555	45	40	5	0	scaffold_2	4639182	4739182
Aspergillus_fumigatus_CM7555	34	33	1	0	scaffold_3	3208628	3308628
Aspergillus_fumigatus_CM7555	44	32	12	0	scaffold_4	3590361	3690361
Aspergillus_fumigatus_CM7555	29	26	3	0	scaffold_3	3376383	3476383
Aspergillus_fumigatus_CM7555	35	33	2	0	scaffold_6	1201299	1301299
Aspergillus_fumigatus_CM7555	26	19	7	0	scaffold_5	1246975	1346975
Aspergillus_fumigatus_CM7555	33	32	1	0	scaffold_1	985154	1085154
Aspergillus_fumigatus_CM7555	45	45	0	0	scaffold_6	1759637	1859637
Aspergillus_fumigatus_CM7555	32	31	1	0	scaffold_1	4593039	4693039
Aspergillus_fumigatus_CM7555	38	36	2	0	scaffold_2	2222460	2322460
Aspergillus_fumigatus_CM7555	36	31	5	0	scaffold_1	704938	804938
Aspergillus_fumigatus_CM7555	49	42	7	0	scaffold_8	1640210	1740210
Aspergillus_fumigatus_CM7555	38	37	1	0	scaffold_3	2191611	2291611
Aspergillus_fumigatus_CM7555	32	29	2	1	scaffold_3	3478648	3578648
Aspergillus_fumigatus_CM7555	25	19	6	0	scaffold_5	189268	289268
Aspergillus_fumigatus_CM7555	32	28	4	0	scaffold_8	381894	481894
Aspergillus_fumigatus_CM7555	36	35	1	0	scaffold_6	2423432	2523432
Aspergillus_fumigatus_CM7555	36	36	0	0	scaffold_4	2261646	2361646
Aspergillus_fumigatus_CM7555	41	39	2	0	scaffold_5	1447319	1547319
Aspergillus_fumigatus_CM7555	41	38	3	0	scaffold_5	1004047	1104047
Aspergillus_fumigatus_CM7555	33	30	3	0	scaffold_5	2019434	2119434
Aspergillus_fumigatus_CM7555	28	27	1	0	scaffold_1	1376829	1476829
Aspergillus_fumigatus_CM7555	37	35	2	0	scaffold_3	2151574	2251574
Aspergillus_fumigatus_CM7555	36	35	1	0	scaffold_8	648125	748125
Aspergillus_fumigatus_CM7555	36	36	0	0	scaffold_2	575909	675909
Aspergillus_fumigatus_CM7555	46	36	10	0	scaffold_2	3983518	4083518
Aspergillus_fumigatus_CM7555	37	36	1	0	scaffold_4	2236959	2336959
Aspergillus_fumigatus_CM7555	32	29	3	0	scaffold_3	3370524	3470524
Aspergillus_fumigatus_CM7555	35	30	5	0	scaffold_1	3913158	4013158
Aspergillus_fumigatus_CM7555	35	31	4	0	scaffold_3	2050122	2150122
Aspergillus_fumigatus_CM7555	37	36	1	0	scaffold_8	1028716	1128716
Aspergillus_fumigatus_CM7555	33	30	3	0	scaffold_5	3108440	3208440
Aspergillus_fumigatus_CM7555	39	32	7	0	scaffold_2	4059413	4159413
Aspergillus_fumigatus_CM7555	31	31	0	0	scaffold_4	624729	724729
Aspergillus_fumigatus_CM7555	37	31	6	0	scaffold_6	444675	544675
Aspergillus_fumigatus_CM7555	33	31	2	0	scaffold_6	3233043	3333043
Aspergillus_fumigatus_CM7555	41	36	5	0	scaffold_7	103083	203083
Aspergillus_fumigatus_CM7555	37	36	1	0	scaffold_3	2185239	2285239
Aspergillus_fumigatus_CM7555	44	26	18	0	scaffold_4	3577737	3677737
Aspergillus_fumigatus_CM7555	35	11	24	0	scaffold_3	106470	206470
Aspergillus_fumigatus_CM7555	35	32	3	0	scaffold_5	3141779	3241779
Aspergillus_fumigatus_CM7555	48	41	7	0	scaffold_7	251547	351547
Aspergillus_fumigatus_CM7555	34	34	0	0	scaffold_1	4127912	4227912
Aspergillus_fumigatus_CM7555	23	20	3	0	scaffold_7	740014	840014
Aspergillus_fumigatus_CM7555	34	30	4	0	scaffold_2	1880753	1980753
Aspergillus_fumigatus_CM7555	39	38	1	0	scaffold_6	1277669	1377669
Aspergillus_fumigatus_CM7555	31	27	4	0	scaffold_6	351873	451873
Aspergillus_fumigatus_CM7555	41	39	2	0	scaffold_6	779479	879479
Aspergillus_fumigatus_CM7555	48	45	3	0	scaffold_3	3897170	3997170
Aspergillus_fumigatus_CM7555	31	28	3	0	scaffold_5	1564320	1664320
Aspergillus_fumigatus_CM7555	39	37	2	0	scaffold_7	508909	608909
Aspergillus_fumigatus_CM7555	33	29	4	0	scaffold_1	3604695	3704695
Aspergillus_fumigatus_CM7555	34	0	34	0	scaffold_2	4232152	4332152
Aspergillus_fumigatus_CM7555	33	33	0	0	scaffold_4	607955	707955
Aspergillus_fumigatus_CM7555	41	40	1	0	scaffold_6	1823648	1923648
Aspergillus_fumigatus_CM7555	35	30	5	0	scaffold_5	3530541	3630541
Aspergillus_fumigatus_CM7555	42	38	4	0	scaffold_5	708852	808852
Aspergillus_fumigatus_CM7555	31	29	2	0	scaffold_4	2124899	2224899
Aspergillus_fumigatus_CM7555	47	31	16	0	scaffold_3	179928	279928
Aspergillus_fumigatus_CM7555	35	33	2	0	scaffold_2	797243	897243
Aspergillus_fumigatus_CM7555	38	34	4	0	scaffold_4	1758787	1858787
Aspergillus_fumigatus_CM7555	35	32	3	0	scaffold_3	2593325	2693325
Aspergillus_fumigatus_CM7555	18	16	2	0	scaffold_5	2751661	2851661
Aspergillus_fumigatus_CM7555	43	37	6	0	scaffold_5	75283	175283
Aspergillus_fumigatus_CM7555	45	39	6	0	scaffold_3	971861	1071861
Aspergillus_fumigatus_CM7555	30	21	9	0	scaffold_6	564006	664006
Aspergillus_fumigatus_CM7555	35	33	2	0	scaffold_1	1207649	1307649
Aspergillus_fumigatus_CM7555	30	23	7	0	scaffold_5	1259612	1359612
Aspergillus_fumigatus_CM7555	44	39	5	0	scaffold_3	533131	633131
Aspergillus_fumigatus_CM7555	34	31	3	0	scaffold_5	3100157	3200157
Aspergillus_fumigatus_CM7555	36	35	1	0	scaffold_1	1912139	2012139
Aspergillus_fumigatus_CM7555	37	34	3	0	scaffold_4	397630	497630
Aspergillus_fumigatus_CM7555	37	36	1	0	scaffold_4	2901556	3001556
