STRAIN	TOTAL	CORE	ACCESSORY	SINGLETON	CHROM	START	END
Aspergillus_fumigatus_CM3248	14	14	0	0	scaffold_4	1924470	1974470
Aspergillus_fumigatus_CM3248	11	10	1	0	scaffold_2	1531133	1581133
Aspergillus_fumigatus_CM3248	19	18	1	0	scaffold_2	3713410	3763410
Aspergillus_fumigatus_CM3248	15	15	0	0	scaffold_3	1433793	1483793
Aspergillus_fumigatus_CM3248	16	13	3	0	scaffold_8	114843	164843
Aspergillus_fumigatus_CM3248	15	14	1	0	scaffold_8	617249	667249
Aspergillus_fumigatus_CM3248	21	20	1	0	scaffold_2	323605	373605
Aspergillus_fumigatus_CM3248	20	19	1	0	scaffold_4	956743	1006743
Aspergillus_fumigatus_CM3248	16	12	4	0	scaffold_3	1968030	2018030
Aspergillus_fumigatus_CM3248	15	14	1	0	scaffold_3	1406851	1456851
Aspergillus_fumigatus_CM3248	12	10	2	0	scaffold_8	813173	863173
Aspergillus_fumigatus_CM3248	18	18	0	0	scaffold_4	3169276	3219276
Aspergillus_fumigatus_CM3248	29	25	4	0	scaffold_5	3355248	3405248
Aspergillus_fumigatus_CM3248	17	17	0	0	scaffold_2	868976	918976
Aspergillus_fumigatus_CM3248	17	17	0	0	scaffold_2	3946281	3996281
Aspergillus_fumigatus_CM3248	10	10	0	0	scaffold_1	2053526	2103526
Aspergillus_fumigatus_CM3248	18	17	1	0	scaffold_3	3500451	3550451
Aspergillus_fumigatus_CM3248	20	19	1	0	scaffold_6	545688	595688
Aspergillus_fumigatus_CM3248	18	16	2	0	scaffold_1	3178743	3228743
Aspergillus_fumigatus_CM3248	19	17	2	0	scaffold_5	321266	371266
Aspergillus_fumigatus_CM3248	22	18	4	0	scaffold_6	680432	730432
Aspergillus_fumigatus_CM3248	20	19	1	0	scaffold_7	1798929	1848929
Aspergillus_fumigatus_CM3248	14	13	1	0	scaffold_5	1273184	1323184
Aspergillus_fumigatus_CM3248	25	24	1	0	scaffold_5	3575562	3625562
Aspergillus_fumigatus_CM3248	23	22	1	0	scaffold_1	3927569	3977569
Aspergillus_fumigatus_CM3248	19	17	2	0	scaffold_2	3174776	3224776
Aspergillus_fumigatus_CM3248	14	12	2	0	scaffold_3	3388182	3438182
Aspergillus_fumigatus_CM3248	17	17	0	0	scaffold_2	3221102	3271102
Aspergillus_fumigatus_CM3248	18	17	1	0	scaffold_2	3251235	3301235
Aspergillus_fumigatus_CM3248	17	17	0	0	scaffold_5	3129561	3179561
Aspergillus_fumigatus_CM3248	20	17	3	0	scaffold_5	2006264	2056264
Aspergillus_fumigatus_CM3248	16	15	1	0	scaffold_3	2069078	2119078
Aspergillus_fumigatus_CM3248	21	21	0	0	scaffold_8	909594	959594
Aspergillus_fumigatus_CM3248	23	0	23	0	scaffold_1	4550406	4600406
Aspergillus_fumigatus_CM3248	18	16	2	0	scaffold_4	1413065	1463065
Aspergillus_fumigatus_CM3248	19	19	0	0	scaffold_4	550808	600808
Aspergillus_fumigatus_CM3248	23	18	5	0	scaffold_3	978668	1028668
Aspergillus_fumigatus_CM3248	19	16	3	0	scaffold_1	1820787	1870787
Aspergillus_fumigatus_CM3248	20	20	0	0	scaffold_2	1703244	1753244
Aspergillus_fumigatus_CM3248	17	15	2	0	scaffold_1	1621244	1671244
Aspergillus_fumigatus_CM3248	18	13	5	0	scaffold_7	1720752	1770752
Aspergillus_fumigatus_CM3248	19	16	3	0	scaffold_1	205428	255428
Aspergillus_fumigatus_CM3248	4	0	4	0	scaffold_3	1074962	1124962
Aspergillus_fumigatus_CM3248	20	17	3	0	scaffold_5	2212387	2262387
Aspergillus_fumigatus_CM3248	19	16	3	0	scaffold_3	278496	328496
Aspergillus_fumigatus_CM3248	14	14	0	0	scaffold_1	1903016	1953016
Aspergillus_fumigatus_CM3248	13	13	0	0	scaffold_1	1907420	1957420
Aspergillus_fumigatus_CM3248	14	13	1	0	scaffold_3	1411078	1461078
Aspergillus_fumigatus_CM3248	17	17	0	0	scaffold_4	1082722	1132722
Aspergillus_fumigatus_CM3248	12	8	4	0	scaffold_2	4617677	4667677
Aspergillus_fumigatus_CM3248	25	24	1	0	scaffold_1	4768167	4818167
Aspergillus_fumigatus_CM3248	18	15	3	0	scaffold_1	1601875	1651875
Aspergillus_fumigatus_CM3248	12	9	3	0	scaffold_7	902076	952076
Aspergillus_fumigatus_CM3248	20	19	1	0	scaffold_1	216425	266425
Aspergillus_fumigatus_CM3248	20	20	0	0	scaffold_4	2899531	2949531
Aspergillus_fumigatus_CM3248	24	21	3	0	scaffold_3	485607	535607
Aspergillus_fumigatus_CM3248	18	17	1	0	scaffold_5	2458399	2508399
Aspergillus_fumigatus_CM3248	20	16	4	0	scaffold_8	464526	514526
Aspergillus_fumigatus_CM3248	22	21	1	0	scaffold_2	3005627	3055627
Aspergillus_fumigatus_CM3248	19	17	2	0	scaffold_2	1287786	1337786
Aspergillus_fumigatus_CM3248	11	11	0	0	scaffold_1	2259894	2309894
Aspergillus_fumigatus_CM3248	19	16	3	0	scaffold_6	2287559	2337559
Aspergillus_fumigatus_CM3248	12	12	0	0	scaffold_2	2485622	2535622
Aspergillus_fumigatus_CM3248	19	15	4	0	scaffold_6	2805166	2855166
Aspergillus_fumigatus_CM3248	27	21	6	0	scaffold_1	4212679	4262679
Aspergillus_fumigatus_CM3248	14	14	0	0	scaffold_2	1262075	1312075
Aspergillus_fumigatus_CM3248	16	14	2	0	scaffold_2	2088525	2138525
Aspergillus_fumigatus_CM3248	19	19	0	0	scaffold_2	1644910	1694910
Aspergillus_fumigatus_CM3248	18	18	0	0	scaffold_5	3044100	3094100
Aspergillus_fumigatus_CM3248	19	17	2	0	scaffold_7	406462	456462
Aspergillus_fumigatus_CM3248	16	15	1	0	scaffold_1	1476389	1526389
Aspergillus_fumigatus_CM3248	9	9	0	0	scaffold_4	1203787	1253787
Aspergillus_fumigatus_CM3248	25	22	3	0	scaffold_6	659390	709390
Aspergillus_fumigatus_CM3248	21	16	5	0	scaffold_6	2386131	2436131
Aspergillus_fumigatus_CM3248	19	17	2	0	scaffold_6	2974343	3024343
Aspergillus_fumigatus_CM3248	19	16	3	0	scaffold_1	4703062	4753062
Aspergillus_fumigatus_CM3248	15	15	0	0	scaffold_5	2812427	2862427
Aspergillus_fumigatus_CM3248	11	11	0	0	scaffold_4	1370566	1420566
Aspergillus_fumigatus_CM3248	0	0	0	0	scaffold_5	4433	54433
Aspergillus_fumigatus_CM3248	17	13	4	0	scaffold_2	712032	762032
Aspergillus_fumigatus_CM3248	18	17	1	0	scaffold_4	793508	843508
Aspergillus_fumigatus_CM3248	7	5	2	0	scaffold_4	3788660	3838660
Aspergillus_fumigatus_CM3248	19	16	3	0	scaffold_2	3138130	3188130
Aspergillus_fumigatus_CM3248	17	16	1	0	scaffold_5	346661	396661
Aspergillus_fumigatus_CM3248	18	18	0	0	scaffold_4	2305282	2355282
Aspergillus_fumigatus_CM3248	14	11	3	0	scaffold_4	43651	93651
Aspergillus_fumigatus_CM3248	16	15	1	0	scaffold_5	632632	682632
Aspergillus_fumigatus_CM3248	6	4	2	0	scaffold_4	1157703	1207703
Aspergillus_fumigatus_CM3248	18	16	2	0	scaffold_3	2718778	2768778
Aspergillus_fumigatus_CM3248	23	21	2	0	scaffold_2	3692427	3742427
Aspergillus_fumigatus_CM3248	17	16	1	0	scaffold_2	1270873	1320873
Aspergillus_fumigatus_CM3248	16	14	2	0	scaffold_1	1086439	1136439
Aspergillus_fumigatus_CM3248	21	20	1	0	scaffold_7	1218105	1268105
Aspergillus_fumigatus_CM3248	19	18	1	0	scaffold_2	3242707	3292707
Aspergillus_fumigatus_CM3248	12	12	0	0	scaffold_1	2922984	2972984
Aspergillus_fumigatus_CM3248	20	18	2	0	scaffold_8	1147043	1197043
Aspergillus_fumigatus_CM3248	25	23	2	0	scaffold_3	132821	182821
Aspergillus_fumigatus_CM3248	20	20	0	0	scaffold_4	84596	134596
Aspergillus_fumigatus_CM3248	20	19	1	0	scaffold_1	2289999	2339999
Aspergillus_fumigatus_CM3248	18	15	3	0	scaffold_1	3296269	3346269
Aspergillus_fumigatus_CM3248	13	12	1	0	scaffold_1	1444367	1494367
Aspergillus_fumigatus_CM3248	25	22	3	0	scaffold_6	1534609	1584609
Aspergillus_fumigatus_CM3248	20	19	1	0	scaffold_1	3260321	3310321
Aspergillus_fumigatus_CM3248	26	22	4	0	scaffold_6	2458571	2508571
Aspergillus_fumigatus_CM3248	13	12	1	0	scaffold_6	1479163	1529163
Aspergillus_fumigatus_CM3248	16	14	2	0	scaffold_3	2730593	2780593
Aspergillus_fumigatus_CM3248	25	23	2	0	scaffold_6	3429934	3479934
Aspergillus_fumigatus_CM3248	13	13	0	0	scaffold_2	2522989	2572989
Aspergillus_fumigatus_CM3248	17	13	4	0	scaffold_6	2835850	2885850
Aspergillus_fumigatus_CM3248	15	14	1	0	scaffold_7	1385681	1435681
Aspergillus_fumigatus_CM3248	16	16	0	0	scaffold_3	1843253	1893253
Aspergillus_fumigatus_CM3248	11	10	1	0	scaffold_1	1952196	2002196
Aspergillus_fumigatus_CM3248	17	17	0	0	scaffold_5	1600306	1650306
Aspergillus_fumigatus_CM3248	17	17	0	0	scaffold_4	2756397	2806397
Aspergillus_fumigatus_CM3248	17	14	3	0	scaffold_2	4597392	4647392
Aspergillus_fumigatus_CM3248	18	17	1	0	scaffold_4	1540053	1590053
Aspergillus_fumigatus_CM3248	21	21	0	0	scaffold_4	2663908	2713908
Aspergillus_fumigatus_CM3248	23	17	6	0	scaffold_6	2215042	2265042
Aspergillus_fumigatus_CM3248	21	19	2	0	scaffold_4	316016	366016
Aspergillus_fumigatus_CM3248	10	6	4	0	scaffold_1	2205343	2255343
Aspergillus_fumigatus_CM3248	21	19	2	0	scaffold_1	2099644	2149644
Aspergillus_fumigatus_CM3248	23	17	6	0	scaffold_7	1505823	1555823
Aspergillus_fumigatus_CM3248	23	22	1	0	scaffold_3	3912445	3962445
Aspergillus_fumigatus_CM3248	16	15	1	0	scaffold_4	3223584	3273584
Aspergillus_fumigatus_CM3248	24	22	2	0	scaffold_2	2198271	2248271
Aspergillus_fumigatus_CM3248	19	18	1	0	scaffold_2	2559269	2609269
Aspergillus_fumigatus_CM3248	17	16	1	0	scaffold_2	3317796	3367796
Aspergillus_fumigatus_CM3248	0	0	0	0	scaffold_2	2036515	2086515
Aspergillus_fumigatus_CM3248	15	14	1	0	scaffold_4	2826976	2876976
Aspergillus_fumigatus_CM3248	27	26	1	0	scaffold_5	717052	767052
Aspergillus_fumigatus_CM3248	19	16	3	0	scaffold_8	473655	523655
Aspergillus_fumigatus_CM3248	19	18	1	0	scaffold_8	224413	274413
Aspergillus_fumigatus_CM3248	21	18	3	0	scaffold_3	1334168	1384168
Aspergillus_fumigatus_CM3248	19	19	0	0	scaffold_4	2762264	2812264
Aspergillus_fumigatus_CM3248	12	12	0	0	scaffold_1	2060676	2110676
Aspergillus_fumigatus_CM3248	23	20	3	0	scaffold_1	41551	91551
Aspergillus_fumigatus_CM3248	19	18	1	0	scaffold_2	3238198	3288198
Aspergillus_fumigatus_CM3248	17	17	0	0	scaffold_1	804673	854673
Aspergillus_fumigatus_CM3248	19	17	2	0	scaffold_6	2555845	2605845
Aspergillus_fumigatus_CM3248	22	22	0	0	scaffold_5	2926472	2976472
Aspergillus_fumigatus_CM3248	18	17	1	0	scaffold_4	800346	850346
Aspergillus_fumigatus_CM3248	21	21	0	0	scaffold_4	2766204	2816204
Aspergillus_fumigatus_CM3248	25	19	6	0	scaffold_1	4206031	4256031
Aspergillus_fumigatus_CM3248	15	14	1	0	scaffold_4	1509955	1559955
Aspergillus_fumigatus_CM3248	20	19	1	0	scaffold_3	2905605	2955605
Aspergillus_fumigatus_CM3248	18	12	6	0	scaffold_1	3659147	3709147
Aspergillus_fumigatus_CM3248	22	20	2	0	scaffold_3	2344645	2394645
Aspergillus_fumigatus_CM3248	13	12	1	0	scaffold_2	154255	204255
Aspergillus_fumigatus_CM3248	18	15	3	0	scaffold_1	4181915	4231915
Aspergillus_fumigatus_CM3248	19	17	2	0	scaffold_6	835428	885428
Aspergillus_fumigatus_CM3248	19	16	3	0	scaffold_3	3801330	3851330
Aspergillus_fumigatus_CM3248	19	16	3	0	scaffold_6	1191779	1241779
Aspergillus_fumigatus_CM3248	12	11	1	0	scaffold_8	803248	853248
Aspergillus_fumigatus_CM3248	21	21	0	0	scaffold_8	79640	129640
Aspergillus_fumigatus_CM3248	24	23	1	0	scaffold_8	891336	941336
Aspergillus_fumigatus_CM3248	14	13	1	0	scaffold_2	1476876	1526876
Aspergillus_fumigatus_CM3248	21	17	4	0	scaffold_7	430281	480281
Aspergillus_fumigatus_CM3248	21	21	0	0	scaffold_2	1724807	1774807
Aspergillus_fumigatus_CM3248	23	20	3	0	scaffold_5	1649966	1699966
Aspergillus_fumigatus_CM3248	23	20	3	0	scaffold_6	1993330	2043330
Aspergillus_fumigatus_CM3248	19	17	2	0	scaffold_6	2973876	3023876
Aspergillus_fumigatus_CM3248	27	24	3	0	scaffold_1	4792378	4842378
Aspergillus_fumigatus_CM3248	22	20	2	0	scaffold_2	4403314	4453314
Aspergillus_fumigatus_CM3248	24	20	4	0	scaffold_3	2379107	2429107
Aspergillus_fumigatus_CM3248	20	12	8	0	scaffold_5	2190797	2240797
Aspergillus_fumigatus_CM3248	17	13	4	0	scaffold_3	767819	817819
Aspergillus_fumigatus_CM3248	24	24	0	0	scaffold_5	2300847	2350847
Aspergillus_fumigatus_CM3248	16	15	1	0	scaffold_3	3408955	3458955
Aspergillus_fumigatus_CM3248	17	14	3	0	scaffold_6	126094	176094
Aspergillus_fumigatus_CM3248	18	17	1	0	scaffold_3	2124326	2174326
Aspergillus_fumigatus_CM3248	20	19	1	0	scaffold_2	1789860	1839860
Aspergillus_fumigatus_CM3248	20	13	7	0	scaffold_2	724893	774893
Aspergillus_fumigatus_CM3248	16	15	1	0	scaffold_6	1810075	1860075
Aspergillus_fumigatus_CM3248	17	14	3	0	scaffold_2	3779875	3829875
Aspergillus_fumigatus_CM3248	8	2	6	0	scaffold_2	112950	162950
Aspergillus_fumigatus_CM3248	17	17	0	0	scaffold_1	3067907	3117907
Aspergillus_fumigatus_CM3248	21	20	1	0	scaffold_7	1830374	1880374
Aspergillus_fumigatus_CM3248	18	15	3	0	scaffold_4	155337	205337
Aspergillus_fumigatus_CM3248	18	17	1	0	scaffold_6	974554	1024554
Aspergillus_fumigatus_CM3248	20	17	3	0	scaffold_5	148910	198910
Aspergillus_fumigatus_CM3248	14	13	1	0	scaffold_6	366956	416956
Aspergillus_fumigatus_CM3248	23	20	3	0	scaffold_8	354328	404328
Aspergillus_fumigatus_CM3248	16	14	2	0	scaffold_6	1933462	1983462
Aspergillus_fumigatus_CM3248	18	15	3	0	scaffold_2	4159944	4209944
Aspergillus_fumigatus_CM3248	23	22	1	0	scaffold_8	1362173	1412173
Aspergillus_fumigatus_CM3248	16	14	2	0	scaffold_6	2234933	2284933
Aspergillus_fumigatus_CM3248	28	20	8	0	scaffold_4	241623	291623
Aspergillus_fumigatus_CM3248	19	11	8	0	scaffold_2	728908	778908
Aspergillus_fumigatus_CM3248	28	23	5	0	scaffold_3	1169090	1219090
Aspergillus_fumigatus_CM3248	18	16	2	0	scaffold_1	1079531	1129531
Aspergillus_fumigatus_CM3248	20	17	3	0	scaffold_2	589643	639643
Aspergillus_fumigatus_CM3248	0	0	0	0	scaffold_4	3823700	3873700
Aspergillus_fumigatus_CM3248	11	11	0	0	scaffold_6	2099781	2149781
Aspergillus_fumigatus_CM3248	20	20	0	0	scaffold_7	271090	321090
Aspergillus_fumigatus_CM3248	17	14	3	0	scaffold_5	3274095	3324095
Aspergillus_fumigatus_CM3248	18	15	3	0	scaffold_2	3770271	3820271
Aspergillus_fumigatus_CM3248	19	18	1	0	scaffold_3	213274	263274
Aspergillus_fumigatus_CM3248	18	17	1	0	scaffold_3	1912357	1962357
Aspergillus_fumigatus_CM3248	22	20	2	0	scaffold_2	3074218	3124218
Aspergillus_fumigatus_CM3248	12	11	1	0	scaffold_1	1970155	2020155
Aspergillus_fumigatus_CM3248	19	16	3	0	scaffold_5	2137287	2187287
Aspergillus_fumigatus_CM3248	18	16	2	0	scaffold_3	2664092	2714092
Aspergillus_fumigatus_CM3248	16	15	1	0	scaffold_2	3891283	3941283
Aspergillus_fumigatus_CM3248	18	17	1	0	scaffold_2	3734565	3784565
Aspergillus_fumigatus_CM3248	18	15	3	0	scaffold_1	4699944	4749944
Aspergillus_fumigatus_CM3248	24	22	2	0	scaffold_5	3432972	3482972
Aspergillus_fumigatus_CM3248	19	18	1	0	scaffold_8	972185	1022185
Aspergillus_fumigatus_CM3248	19	19	0	0	scaffold_6	2692137	2742137
Aspergillus_fumigatus_CM3248	15	15	0	0	scaffold_4	2609955	2659955
Aspergillus_fumigatus_CM3248	16	15	1	0	scaffold_4	1308823	1358823
Aspergillus_fumigatus_CM3248	23	22	1	0	scaffold_1	509391	559391
Aspergillus_fumigatus_CM3248	17	17	0	0	scaffold_5	3012055	3062055
Aspergillus_fumigatus_CM3248	8	8	0	0	scaffold_1	1929812	1979812
Aspergillus_fumigatus_CM3248	16	16	0	0	scaffold_2	2531540	2581540
Aspergillus_fumigatus_CM3248	19	17	2	0	scaffold_1	3711732	3761732
Aspergillus_fumigatus_CM3248	22	15	7	0	scaffold_3	3673198	3723198
Aspergillus_fumigatus_CM3248	18	16	2	0	scaffold_1	581650	631650
Aspergillus_fumigatus_CM3248	16	16	0	0	scaffold_2	1195016	1245016
Aspergillus_fumigatus_CM3248	18	16	2	0	scaffold_6	927959	977959
Aspergillus_fumigatus_CM3248	18	16	2	0	scaffold_6	1160284	1210284
Aspergillus_fumigatus_CM3248	10	9	1	0	scaffold_4	2160019	2210019
Aspergillus_fumigatus_CM3248	10	10	0	0	scaffold_2	146305	196305
Aspergillus_fumigatus_CM3248	15	14	1	0	scaffold_6	2635017	2685017
Aspergillus_fumigatus_CM3248	16	15	1	0	scaffold_4	1516560	1566560
Aspergillus_fumigatus_CM3248	17	16	1	0	scaffold_8	1302387	1352387
Aspergillus_fumigatus_CM3248	19	16	3	0	scaffold_1	3787527	3837527
Aspergillus_fumigatus_CM3248	19	18	1	0	scaffold_6	904145	954145
Aspergillus_fumigatus_CM3248	24	22	2	0	scaffold_6	3435225	3485225
Aspergillus_fumigatus_CM3248	24	23	1	0	scaffold_6	2525620	2575620
Aspergillus_fumigatus_CM3248	17	17	0	0	scaffold_5	3011754	3061754
Aspergillus_fumigatus_CM3248	18	13	5	0	scaffold_6	2823302	2873302
Aspergillus_fumigatus_CM3248	15	15	0	0	scaffold_1	1894278	1944278
Aspergillus_fumigatus_CM3248	24	20	4	0	scaffold_3	2373970	2423970
Aspergillus_fumigatus_CM3248	18	18	0	0	scaffold_2	355592	405592
Aspergillus_fumigatus_CM3248	20	17	3	0	scaffold_2	1451621	1501621
Aspergillus_fumigatus_CM3248	25	18	7	0	scaffold_1	86659	136659
Aspergillus_fumigatus_CM3248	19	16	3	0	scaffold_7	1258282	1308282
Aspergillus_fumigatus_CM3248	17	16	1	0	scaffold_7	19396	69396
Aspergillus_fumigatus_CM3248	18	16	2	0	scaffold_5	333952	383952
Aspergillus_fumigatus_CM3248	30	4	26	0	scaffold_7	1562847	1612847
Aspergillus_fumigatus_CM3248	17	15	2	0	scaffold_5	3272401	3322401
Aspergillus_fumigatus_CM3248	18	17	1	0	scaffold_3	1782842	1832842
Aspergillus_fumigatus_CM3248	23	19	4	0	scaffold_6	2356208	2406208
Aspergillus_fumigatus_CM3248	24	20	4	0	scaffold_4	177282	227282
Aspergillus_fumigatus_CM3248	17	15	2	0	scaffold_2	3807115	3857115
Aspergillus_fumigatus_CM3248	21	19	2	0	scaffold_5	3255451	3305451
Aspergillus_fumigatus_CM3248	24	19	5	0	scaffold_3	1151017	1201017
Aspergillus_fumigatus_CM3248	15	14	1	0	scaffold_7	1375673	1425673
Aspergillus_fumigatus_CM3248	24	20	4	0	scaffold_6	2351523	2401523
Aspergillus_fumigatus_CM3248	18	15	3	0	scaffold_1	4701932	4751932
Aspergillus_fumigatus_CM3248	9	9	0	0	scaffold_2	142512	192512
Aspergillus_fumigatus_CM3248	22	19	3	0	scaffold_1	2975531	3025531
Aspergillus_fumigatus_CM3248	22	20	2	0	scaffold_4	3600503	3650503
Aspergillus_fumigatus_CM3248	21	21	0	0	scaffold_2	1727543	1777543
Aspergillus_fumigatus_CM3248	24	23	1	0	scaffold_8	1484798	1534798
Aspergillus_fumigatus_CM3248	15	12	3	0	scaffold_3	3360913	3410913
Aspergillus_fumigatus_CM3248	15	15	0	0	scaffold_4	1358050	1408050
Aspergillus_fumigatus_CM3248	15	15	0	0	scaffold_1	3841712	3891712
Aspergillus_fumigatus_CM3248	20	17	3	0	scaffold_3	3179822	3229822
Aspergillus_fumigatus_CM3248	20	16	4	0	scaffold_1	4323408	4373408
Aspergillus_fumigatus_CM3248	18	16	2	0	scaffold_2	2820386	2870386
Aspergillus_fumigatus_CM3248	5	4	1	0	scaffold_3	1094151	1144151
Aspergillus_fumigatus_CM3248	18	16	2	0	scaffold_1	1077670	1127670
Aspergillus_fumigatus_CM3248	24	21	3	0	scaffold_3	3841074	3891074
Aspergillus_fumigatus_CM3248	19	13	6	0	scaffold_1	4648382	4698382
Aspergillus_fumigatus_CM3248	21	20	1	0	scaffold_2	3022302	3072302
Aspergillus_fumigatus_CM3248	23	20	3	0	scaffold_2	2245420	2295420
Aspergillus_fumigatus_CM3248	24	22	2	0	scaffold_1	2990339	3040339
Aspergillus_fumigatus_CM3248	16	9	7	0	scaffold_3	691992	741992
Aspergillus_fumigatus_CM3248	18	18	0	0	scaffold_6	1063750	1113750
Aspergillus_fumigatus_CM3248	14	14	0	0	scaffold_4	1353702	1403702
Aspergillus_fumigatus_CM3248	21	17	4	0	scaffold_3	2809126	2859126
Aspergillus_fumigatus_CM3248	17	14	3	0	scaffold_6	2773611	2823611
Aspergillus_fumigatus_CM3248	17	16	1	0	scaffold_3	1462859	1512859
Aspergillus_fumigatus_CM3248	17	16	1	0	scaffold_2	1267986	1317986
Aspergillus_fumigatus_CM3248	18	16	2	0	scaffold_6	3152203	3202203
Aspergillus_fumigatus_CM3248	9	8	1	0	scaffold_6	2144898	2194898
Aspergillus_fumigatus_CM3248	0	0	0	0	scaffold_5	24813	74813
Aspergillus_fumigatus_CM3248	19	18	1	0	scaffold_3	1548130	1598130
Aspergillus_fumigatus_CM3248	25	21	4	0	scaffold_4	3749591	3799591
Aspergillus_fumigatus_CM3248	14	13	1	0	scaffold_1	1320814	1370814
Aspergillus_fumigatus_CM3248	8	7	1	0	scaffold_6	2171296	2221296
Aspergillus_fumigatus_CM3248	0	0	0	0	scaffold_5	1088551	1138551
Aspergillus_fumigatus_CM3248	19	19	0	0	scaffold_6	3501476	3551476
Aspergillus_fumigatus_CM3248	22	20	2	0	scaffold_1	2750507	2800507
Aspergillus_fumigatus_CM3248	20	20	0	0	scaffold_4	561778	611778
Aspergillus_fumigatus_CM3248	15	15	0	0	scaffold_5	2585268	2635268
Aspergillus_fumigatus_CM3248	24	23	1	0	scaffold_5	727925	777925
Aspergillus_fumigatus_CM3248	17	17	0	0	scaffold_5	2577187	2627187
Aspergillus_fumigatus_CM3248	22	20	2	0	scaffold_4	309858	359858
Aspergillus_fumigatus_CM3248	12	11	1	0	scaffold_5	1419793	1469793
Aspergillus_fumigatus_CM3248	21	19	2	0	scaffold_5	663319	713319
Aspergillus_fumigatus_CM3248	14	14	0	0	scaffold_1	2684195	2734195
Aspergillus_fumigatus_CM3248	11	10	1	0	scaffold_2	147128	197128
Aspergillus_fumigatus_CM3248	18	17	1	0	scaffold_2	3339567	3389567
Aspergillus_fumigatus_CM3248	17	15	2	0	scaffold_2	4100667	4150667
Aspergillus_fumigatus_CM3248	19	17	2	0	scaffold_4	1247778	1297778
Aspergillus_fumigatus_CM3248	21	20	1	0	scaffold_6	1078297	1128297
Aspergillus_fumigatus_CM3248	28	23	5	0	scaffold_5	3327297	3377297
Aspergillus_fumigatus_CM3248	10	9	1	0	scaffold_2	1526377	1576377
Aspergillus_fumigatus_CM3248	14	12	2	0	scaffold_8	421134	471134
Aspergillus_fumigatus_CM3248	24	22	2	0	scaffold_5	3366264	3416264
Aspergillus_fumigatus_CM3248	20	20	0	0	scaffold_7	1309001	1359001
Aspergillus_fumigatus_CM3248	18	18	0	0	scaffold_4	2273829	2323829
Aspergillus_fumigatus_CM3248	17	14	3	0	scaffold_8	780984	830984
Aspergillus_fumigatus_CM3248	9	8	1	0	scaffold_5	1186104	1236104
Aspergillus_fumigatus_CM3248	20	20	0	0	scaffold_4	2107080	2157080
Aspergillus_fumigatus_CM3248	19	18	1	0	scaffold_2	4024866	4074866
Aspergillus_fumigatus_CM3248	20	19	1	0	scaffold_4	1611323	1661323
Aspergillus_fumigatus_CM3248	22	21	1	0	scaffold_1	529167	579167
Aspergillus_fumigatus_CM3248	17	16	1	0	scaffold_6	1784049	1834049
Aspergillus_fumigatus_CM3248	23	22	1	0	scaffold_6	879304	929304
Aspergillus_fumigatus_CM3248	22	21	1	0	scaffold_5	1343383	1393383
Aspergillus_fumigatus_CM3248	17	16	1	0	scaffold_4	506229	556229
Aspergillus_fumigatus_CM3248	12	11	1	0	scaffold_2	1241866	1291866
Aspergillus_fumigatus_CM3248	21	17	4	0	scaffold_1	4252436	4302436
Aspergillus_fumigatus_CM3248	16	15	1	0	scaffold_3	183537	233537
Aspergillus_fumigatus_CM3248	17	15	2	0	scaffold_4	3449952	3499952
Aspergillus_fumigatus_CM3248	17	16	1	0	scaffold_4	727467	777467
Aspergillus_fumigatus_CM3248	14	13	1	0	scaffold_5	3460281	3510281
Aspergillus_fumigatus_CM3248	15	15	0	0	scaffold_4	598434	648434
Aspergillus_fumigatus_CM3248	19	17	2	0	scaffold_2	3176469	3226469
Aspergillus_fumigatus_CM3248	21	21	0	0	scaffold_6	3398597	3448597
Aspergillus_fumigatus_CM3248	17	17	0	0	scaffold_4	655603	705603
Aspergillus_fumigatus_CM3248	24	23	1	0	scaffold_1	4768953	4818953
Aspergillus_fumigatus_CM3248	15	15	0	0	scaffold_1	2908484	2958484
Aspergillus_fumigatus_CM3248	17	17	0	0	scaffold_2	3624980	3674980
Aspergillus_fumigatus_CM3248	17	15	2	0	scaffold_2	2830207	2880207
Aspergillus_fumigatus_CM3248	22	21	1	0	scaffold_2	320408	370408
Aspergillus_fumigatus_CM3248	27	26	1	0	scaffold_3	144228	194228
Aspergillus_fumigatus_CM3248	2	2	0	0	scaffold_3	1290583	1340583
Aspergillus_fumigatus_CM3248	17	17	0	0	scaffold_2	885319	935319
Aspergillus_fumigatus_CM3248	26	21	5	0	scaffold_5	486457	536457
Aspergillus_fumigatus_CM3248	19	18	1	0	scaffold_2	1006509	1056509
Aspergillus_fumigatus_CM3248	16	16	0	0	scaffold_5	3222014	3272014
Aspergillus_fumigatus_CM3248	26	24	2	0	scaffold_1	4869666	4919666
Aspergillus_fumigatus_CM3248	16	15	1	0	scaffold_2	525618	575618
Aspergillus_fumigatus_CM3248	21	14	7	0	scaffold_4	3544201	3594201
Aspergillus_fumigatus_CM3248	10	9	1	0	scaffold_1	3042408	3092408
Aspergillus_fumigatus_CM3248	21	18	3	0	scaffold_2	256350	306350
Aspergillus_fumigatus_CM3248	12	7	5	0	scaffold_4	3251203	3301203
Aspergillus_fumigatus_CM3248	18	17	1	0	scaffold_4	1698856	1748856
Aspergillus_fumigatus_CM3248	22	22	0	0	scaffold_3	927630	977630
Aspergillus_fumigatus_CM3248	14	11	3	0	scaffold_3	3370159	3420159
Aspergillus_fumigatus_CM3248	24	18	6	0	scaffold_4	1638344	1688344
Aspergillus_fumigatus_CM3248	19	17	2	0	scaffold_4	1793760	1843760
Aspergillus_fumigatus_CM3248	16	15	1	0	scaffold_4	846035	896035
Aspergillus_fumigatus_CM3248	18	18	0	0	scaffold_6	3063281	3113281
Aspergillus_fumigatus_CM3248	1	0	1	0	scaffold_4	3801150	3851150
Aspergillus_fumigatus_CM3248	20	19	1	0	scaffold_1	2472455	2522455
Aspergillus_fumigatus_CM3248	6	6	0	0	scaffold_3	1099797	1149797
Aspergillus_fumigatus_CM3248	2	2	0	0	scaffold_6	169415	219415
Aspergillus_fumigatus_CM3248	23	21	2	0	scaffold_8	1366709	1416709
Aspergillus_fumigatus_CM3248	7	4	3	0	scaffold_2	4630343	4680343
Aspergillus_fumigatus_CM3248	21	20	1	0	scaffold_6	86748	136748
Aspergillus_fumigatus_CM3248	26	20	6	0	scaffold_5	3615231	3665231
Aspergillus_fumigatus_CM3248	18	18	0	0	scaffold_2	484156	534156
Aspergillus_fumigatus_CM3248	17	17	0	0	scaffold_5	2055060	2105060
Aspergillus_fumigatus_CM3248	18	18	0	0	scaffold_4	3026278	3076278
Aspergillus_fumigatus_CM3248	18	18	0	0	scaffold_5	1732327	1782327
Aspergillus_fumigatus_CM3248	19	17	2	0	scaffold_1	1010075	1060075
Aspergillus_fumigatus_CM3248	15	13	2	0	scaffold_6	2605141	2655141
Aspergillus_fumigatus_CM3248	14	12	2	0	scaffold_2	4116013	4166013
Aspergillus_fumigatus_CM3248	20	19	1	0	scaffold_2	4493107	4543107
Aspergillus_fumigatus_CM3248	5	5	0	0	scaffold_5	3493686	3543686
Aspergillus_fumigatus_CM3248	14	13	1	0	scaffold_4	1443745	1493745
Aspergillus_fumigatus_CM3248	27	23	4	0	scaffold_3	2399012	2449012
Aspergillus_fumigatus_CM3248	22	20	2	0	scaffold_8	153855	203855
Aspergillus_fumigatus_CM3248	25	22	3	0	scaffold_2	2219887	2269887
Aspergillus_fumigatus_CM3248	22	18	4	0	scaffold_2	558528	608528
Aspergillus_fumigatus_CM3248	15	15	0	0	scaffold_5	2632084	2682084
Aspergillus_fumigatus_CM3248	14	14	0	0	scaffold_2	507390	557390
Aspergillus_fumigatus_CM3248	17	13	4	0	scaffold_1	1854471	1904471
Aspergillus_fumigatus_CM3248	19	15	4	0	scaffold_8	134426	184426
Aspergillus_fumigatus_CM3248	16	15	1	0	scaffold_2	3158879	3208879
Aspergillus_fumigatus_CM3248	17	16	1	0	scaffold_2	3834176	3884176
Aspergillus_fumigatus_CM3248	19	17	2	0	scaffold_4	2025428	2075428
Aspergillus_fumigatus_CM3248	13	12	1	0	scaffold_2	2694539	2744539
Aspergillus_fumigatus_CM3248	11	9	2	0	scaffold_7	577107	627107
Aspergillus_fumigatus_CM3248	17	16	1	0	scaffold_2	1966698	2016698
Aspergillus_fumigatus_CM3248	11	9	2	0	scaffold_7	572988	622988
Aspergillus_fumigatus_CM3248	19	18	1	0	scaffold_2	2680495	2730495
Aspergillus_fumigatus_CM3248	15	14	1	0	scaffold_1	1108316	1158316
Aspergillus_fumigatus_CM3248	22	21	1	0	scaffold_6	892213	942213
Aspergillus_fumigatus_CM3248	17	17	0	0	scaffold_4	616478	666478
Aspergillus_fumigatus_CM3248	19	16	3	0	scaffold_4	1862427	1912427
Aspergillus_fumigatus_CM3248	16	13	3	0	scaffold_7	688368	738368
Aspergillus_fumigatus_CM3248	18	16	2	0	scaffold_5	1469687	1519687
Aspergillus_fumigatus_CM3248	23	21	2	0	scaffold_2	2196171	2246171
Aspergillus_fumigatus_CM3248	22	18	4	0	scaffold_1	3974826	4024826
Aspergillus_fumigatus_CM3248	13	9	4	0	scaffold_2	4614982	4664982
Aspergillus_fumigatus_CM3248	15	14	1	0	scaffold_2	4284914	4334914
Aspergillus_fumigatus_CM3248	25	22	3	0	scaffold_2	2234280	2284280
Aspergillus_fumigatus_CM3248	21	17	4	0	scaffold_1	3452072	3502072
Aspergillus_fumigatus_CM3248	18	10	8	0	scaffold_1	4374990	4424990
Aspergillus_fumigatus_CM3248	19	19	0	0	scaffold_4	3033718	3083718
Aspergillus_fumigatus_CM3248	20	16	4	0	scaffold_2	1863817	1913817
Aspergillus_fumigatus_CM3248	16	14	2	0	scaffold_7	1113750	1163750
Aspergillus_fumigatus_CM3248	14	14	0	0	scaffold_6	1832846	1882846
Aspergillus_fumigatus_CM3248	19	16	3	0	scaffold_7	1255338	1305338
Aspergillus_fumigatus_CM3248	20	20	0	0	scaffold_2	428742	478742
Aspergillus_fumigatus_CM3248	21	21	0	0	scaffold_6	3052550	3102550
Aspergillus_fumigatus_CM3248	19	17	2	0	scaffold_7	1768312	1818312
Aspergillus_fumigatus_CM3248	16	15	1	0	scaffold_4	1721427	1771427
Aspergillus_fumigatus_CM3248	17	14	3	0	scaffold_6	2778591	2828591
Aspergillus_fumigatus_CM3248	12	11	1	0	scaffold_8	686413	736413
Aspergillus_fumigatus_CM3248	17	16	1	0	scaffold_2	3256120	3306120
Aspergillus_fumigatus_CM3248	23	21	2	0	scaffold_7	341837	391837
Aspergillus_fumigatus_CM3248	19	0	19	0	scaffold_1	4484183	4534183
Aspergillus_fumigatus_CM3248	24	22	2	0	scaffold_8	322280	372280
Aspergillus_fumigatus_CM3248	18	17	1	0	scaffold_3	3217700	3267700
Aspergillus_fumigatus_CM3248	19	18	1	0	scaffold_3	3230776	3280776
Aspergillus_fumigatus_CM3248	17	13	4	0	scaffold_6	2835129	2885129
Aspergillus_fumigatus_CM3248	0	0	0	0	scaffold_4	3817149	3867149
Aspergillus_fumigatus_CM3248	16	13	3	0	scaffold_6	2957454	3007454
Aspergillus_fumigatus_CM3248	20	19	1	0	scaffold_4	1235413	1285413
Aspergillus_fumigatus_CM3248	21	18	3	0	scaffold_6	80585	130585
Aspergillus_fumigatus_CM3248	22	22	0	0	scaffold_2	1726240	1776240
Aspergillus_fumigatus_CM3248	4	2	2	0	scaffold_7	881558	931558
Aspergillus_fumigatus_CM3248	24	13	10	1	scaffold_7	1619957	1669957
Aspergillus_fumigatus_CM3248	11	11	0	0	scaffold_5	1403954	1453954
Aspergillus_fumigatus_CM3248	17	17	0	0	scaffold_3	3431180	3481180
Aspergillus_fumigatus_CM3248	13	13	0	0	scaffold_3	2045495	2095495
Aspergillus_fumigatus_CM3248	20	17	3	0	scaffold_5	152579	202579
Aspergillus_fumigatus_CM3248	18	18	0	0	scaffold_4	2328508	2378508
Aspergillus_fumigatus_CM3248	23	23	0	0	scaffold_5	1769026	1819026
Aspergillus_fumigatus_CM3248	19	19	0	0	scaffold_2	2657302	2707302
Aspergillus_fumigatus_CM3248	23	17	6	0	scaffold_2	2766582	2816582
Aspergillus_fumigatus_CM3248	24	19	5	0	scaffold_5	268028	318028
Aspergillus_fumigatus_CM3248	17	17	0	0	scaffold_4	1081544	1131544
Aspergillus_fumigatus_CM3248	15	12	3	0	scaffold_7	10611	60611
Aspergillus_fumigatus_CM3248	21	20	1	0	scaffold_7	1823858	1873858
Aspergillus_fumigatus_CM3248	18	17	1	0	scaffold_4	726865	776865
Aspergillus_fumigatus_CM3248	17	15	2	0	scaffold_3	3799971	3849971
Aspergillus_fumigatus_CM3248	21	20	1	0	scaffold_6	1314110	1364110
Aspergillus_fumigatus_CM3248	15	14	1	0	scaffold_6	2120854	2170854
Aspergillus_fumigatus_CM3248	20	19	1	0	scaffold_5	2470163	2520163
Aspergillus_fumigatus_CM3248	16	13	3	0	scaffold_2	1427405	1477405
Aspergillus_fumigatus_CM3248	16	15	1	0	scaffold_6	2131426	2181426
Aspergillus_fumigatus_CM3248	19	19	0	0	scaffold_5	788063	838063
Aspergillus_fumigatus_CM3248	20	18	2	0	scaffold_6	1593340	1643340
Aspergillus_fumigatus_CM3248	7	6	1	0	scaffold_1	2246184	2296184
Aspergillus_fumigatus_CM3248	18	9	9	0	scaffold_3	709422	759422
Aspergillus_fumigatus_CM3248	14	13	1	0	scaffold_5	197074	247074
Aspergillus_fumigatus_CM3248	19	19	0	0	scaffold_6	2686976	2736976
Aspergillus_fumigatus_CM3248	22	21	1	0	scaffold_3	1704643	1754643
Aspergillus_fumigatus_CM3248	19	13	6	0	scaffold_1	3661296	3711296
Aspergillus_fumigatus_CM3248	18	16	2	0	scaffold_6	2588801	2638801
Aspergillus_fumigatus_CM3248	24	21	3	0	scaffold_2	2223731	2273731
Aspergillus_fumigatus_CM3248	20	15	5	0	scaffold_1	1840426	1890426
Aspergillus_fumigatus_CM3248	27	21	6	0	scaffold_1	4215869	4265869
Aspergillus_fumigatus_CM3248	13	12	1	0	scaffold_1	3203738	3253738
Aspergillus_fumigatus_CM3248	17	15	2	0	scaffold_5	861265	911265
Aspergillus_fumigatus_CM3248	17	14	3	0	scaffold_4	50100	100100
Aspergillus_fumigatus_CM3248	19	19	0	0	scaffold_4	2649236	2699236
Aspergillus_fumigatus_CM3248	21	18	3	0	scaffold_8	360081	410081
Aspergillus_fumigatus_CM3248	24	23	1	0	scaffold_3	2774341	2824341
Aspergillus_fumigatus_CM3248	11	1	10	0	scaffold_2	79617	129617
Aspergillus_fumigatus_CM3248	21	18	3	0	scaffold_5	1963786	2013786
Aspergillus_fumigatus_CM3248	14	13	1	0	scaffold_2	1478930	1528930
Aspergillus_fumigatus_CM3248	22	20	2	0	scaffold_3	2343948	2393948
Aspergillus_fumigatus_CM3248	24	20	4	0	scaffold_3	63865	113865
Aspergillus_fumigatus_CM3248	24	22	2	0	scaffold_4	2531775	2581775
Aspergillus_fumigatus_CM3248	13	13	0	0	scaffold_1	4023689	4073689
Aspergillus_fumigatus_CM3248	27	22	5	0	scaffold_5	3341770	3391770
Aspergillus_fumigatus_CM3248	21	19	2	0	scaffold_4	414505	464505
Aspergillus_fumigatus_CM3248	18	15	3	0	scaffold_8	477453	527453
Aspergillus_fumigatus_CM3248	17	17	0	0	scaffold_4	2288165	2338165
Aspergillus_fumigatus_CM3248	17	16	1	0	scaffold_5	3407325	3457325
Aspergillus_fumigatus_CM3248	23	21	2	0	scaffold_5	3440103	3490103
Aspergillus_fumigatus_CM3248	17	17	0	0	scaffold_2	888048	938048
Aspergillus_fumigatus_CM3248	16	15	1	0	scaffold_5	1385353	1435353
Aspergillus_fumigatus_CM3248	17	15	2	0	scaffold_4	1530383	1580383
Aspergillus_fumigatus_CM3248	22	22	0	0	scaffold_6	1666854	1716854
Aspergillus_fumigatus_CM3248	17	17	0	0	scaffold_7	1048616	1098616
Aspergillus_fumigatus_CM3248	21	17	4	0	scaffold_3	2808553	2858553
Aspergillus_fumigatus_CM3248	16	0	16	0	scaffold_1	4473608	4523608
Aspergillus_fumigatus_CM3248	19	18	1	0	scaffold_1	2116129	2166129
Aspergillus_fumigatus_CM3248	20	16	4	0	scaffold_1	3680687	3730687
Aspergillus_fumigatus_CM3248	17	10	7	0	scaffold_1	4637015	4687015
Aspergillus_fumigatus_CM3248	22	21	1	0	scaffold_4	964345	1014345
Aspergillus_fumigatus_CM3248	19	16	3	0	scaffold_2	768312	818312
Aspergillus_fumigatus_CM3248	19	19	0	0	scaffold_6	3035870	3085870
Aspergillus_fumigatus_CM3248	19	19	0	0	scaffold_5	933381	983381
Aspergillus_fumigatus_CM3248	24	22	2	0	scaffold_3	166314	216314
Aspergillus_fumigatus_CM3248	21	20	1	0	scaffold_2	4428278	4478278
Aspergillus_fumigatus_CM3248	15	12	3	0	scaffold_6	1512282	1562282
Aspergillus_fumigatus_CM3248	23	20	3	0	scaffold_4	3676256	3726256
Aspergillus_fumigatus_CM3248	12	11	1	0	scaffold_6	280906	330906
Aspergillus_fumigatus_CM3248	23	23	0	0	scaffold_6	2519404	2569404
Aspergillus_fumigatus_CM3248	18	14	4	0	scaffold_1	1585168	1635168
Aspergillus_fumigatus_CM3248	22	20	2	0	scaffold_6	856125	906125
Aspergillus_fumigatus_CM3248	17	15	2	0	scaffold_1	3607870	3657870
Aspergillus_fumigatus_CM3248	19	18	1	0	scaffold_5	120809	170809
Aspergillus_fumigatus_CM3248	19	16	3	0	scaffold_3	339923	389923
Aspergillus_fumigatus_CM3248	20	17	3	0	scaffold_4	3351614	3401614
Aspergillus_fumigatus_CM3248	23	21	2	0	scaffold_3	2269793	2319793
Aspergillus_fumigatus_CM3248	21	19	2	0	scaffold_5	229491	279491
Aspergillus_fumigatus_CM3248	14	14	0	0	scaffold_3	2871668	2921668
Aspergillus_fumigatus_CM3248	21	0	21	0	scaffold_1	4427194	4477194
