STRAIN	TOTAL	CORE	ACCESSORY	SINGLETON	CHROM	START	END
Aspergillus_fumigatus_IFM_59361-2	14	11	3	0	scaffold_1	1600085	1650085
Aspergillus_fumigatus_IFM_59361-2	20	19	1	0	scaffold_7	262520	312520
Aspergillus_fumigatus_IFM_59361-2	21	15	6	0	scaffold_2	177531	227531
Aspergillus_fumigatus_IFM_59361-2	17	14	3	0	scaffold_1	5035478	5085478
Aspergillus_fumigatus_IFM_59361-2	21	21	0	0	scaffold_6	1228404	1278404
Aspergillus_fumigatus_IFM_59361-2	20	19	1	0	scaffold_1	3183517	3233517
Aspergillus_fumigatus_IFM_59361-2	27	21	6	0	scaffold_5	26490	76490
Aspergillus_fumigatus_IFM_59361-2	17	16	1	0	scaffold_4	2881319	2931319
Aspergillus_fumigatus_IFM_59361-2	26	25	1	0	scaffold_6	745212	795212
Aspergillus_fumigatus_IFM_59361-2	17	15	2	0	scaffold_1	671446	721446
Aspergillus_fumigatus_IFM_59361-2	21	21	0	0	scaffold_3	3013588	3063588
Aspergillus_fumigatus_IFM_59361-2	20	17	3	0	scaffold_4	840995	890995
Aspergillus_fumigatus_IFM_59361-2	22	18	4	0	scaffold_7	1614654	1664654
Aspergillus_fumigatus_IFM_59361-2	14	14	0	0	scaffold_6	2707050	2757050
Aspergillus_fumigatus_IFM_59361-2	25	22	3	0	scaffold_1	2545358	2595358
Aspergillus_fumigatus_IFM_59361-2	24	23	1	0	scaffold_7	225873	275873
Aspergillus_fumigatus_IFM_59361-2	23	22	1	0	scaffold_3	1955717	2005717
Aspergillus_fumigatus_IFM_59361-2	13	12	1	0	scaffold_2	3558473	3608473
Aspergillus_fumigatus_IFM_59361-2	19	19	0	0	scaffold_1	2826932	2876932
Aspergillus_fumigatus_IFM_59361-2	17	15	2	0	scaffold_3	3047469	3097469
Aspergillus_fumigatus_IFM_59361-2	11	11	0	0	scaffold_7	691159	741159
Aspergillus_fumigatus_IFM_59361-2	16	1	15	0	scaffold_7	2049132	2099132
Aspergillus_fumigatus_IFM_59361-2	0	0	0	0	scaffold_5	2197169	2247169
Aspergillus_fumigatus_IFM_59361-2	25	21	4	0	scaffold_3	505142	555142
Aspergillus_fumigatus_IFM_59361-2	11	6	5	0	scaffold_5	152255	202255
Aspergillus_fumigatus_IFM_59361-2	15	15	0	0	scaffold_5	3225744	3275744
Aspergillus_fumigatus_IFM_59361-2	16	13	3	0	scaffold_2	1091218	1141218
Aspergillus_fumigatus_IFM_59361-2	13	13	0	0	scaffold_8	1111771	1161771
Aspergillus_fumigatus_IFM_59361-2	22	21	1	0	scaffold_3	1045742	1095742
Aspergillus_fumigatus_IFM_59361-2	18	14	4	0	scaffold_4	828424	878424
Aspergillus_fumigatus_IFM_59361-2	20	20	0	0	scaffold_2	3075055	3125055
Aspergillus_fumigatus_IFM_59361-2	17	15	2	0	scaffold_4	2020248	2070248
Aspergillus_fumigatus_IFM_59361-2	17	14	3	0	scaffold_2	3387982	3437982
Aspergillus_fumigatus_IFM_59361-2	14	12	2	0	scaffold_2	1439173	1489173
Aspergillus_fumigatus_IFM_59361-2	16	14	2	0	scaffold_3	3639149	3689149
Aspergillus_fumigatus_IFM_59361-2	21	21	0	0	scaffold_2	1497248	1547248
Aspergillus_fumigatus_IFM_59361-2	18	17	1	0	scaffold_5	3318244	3368244
Aspergillus_fumigatus_IFM_59361-2	14	14	0	0	scaffold_5	3240687	3290687
Aspergillus_fumigatus_IFM_59361-2	24	24	0	0	scaffold_2	3751691	3801691
Aspergillus_fumigatus_IFM_59361-2	17	15	2	0	scaffold_4	122758	172758
Aspergillus_fumigatus_IFM_59361-2	19	18	1	0	scaffold_3	3252904	3302904
Aspergillus_fumigatus_IFM_59361-2	23	20	3	0	scaffold_4	258120	308120
Aspergillus_fumigatus_IFM_59361-2	20	18	2	0	scaffold_5	1324909	1374909
Aspergillus_fumigatus_IFM_59361-2	18	18	0	0	scaffold_2	3643559	3693559
Aspergillus_fumigatus_IFM_59361-2	17	16	1	0	scaffold_6	3190122	3240122
Aspergillus_fumigatus_IFM_59361-2	18	18	0	0	scaffold_2	2321196	2371196
Aspergillus_fumigatus_IFM_59361-2	17	17	0	0	scaffold_3	647966	697966
Aspergillus_fumigatus_IFM_59361-2	15	14	1	0	scaffold_1	676727	726727
Aspergillus_fumigatus_IFM_59361-2	21	18	3	0	scaffold_7	1618181	1668181
Aspergillus_fumigatus_IFM_59361-2	21	18	3	0	scaffold_1	3391323	3441323
Aspergillus_fumigatus_IFM_59361-2	22	22	0	0	scaffold_4	571850	621850
Aspergillus_fumigatus_IFM_59361-2	21	18	3	0	scaffold_2	367210	417210
Aspergillus_fumigatus_IFM_59361-2	19	18	1	0	scaffold_4	3141525	3191525
Aspergillus_fumigatus_IFM_59361-2	21	17	4	0	scaffold_6	328490	378490
Aspergillus_fumigatus_IFM_59361-2	20	18	2	0	scaffold_1	3576452	3626452
Aspergillus_fumigatus_IFM_59361-2	19	18	1	0	scaffold_4	3128517	3178517
Aspergillus_fumigatus_IFM_59361-2	18	15	3	0	scaffold_1	4989711	5039711
Aspergillus_fumigatus_IFM_59361-2	13	12	1	0	scaffold_3	2185428	2235428
Aspergillus_fumigatus_IFM_59361-2	17	15	2	0	scaffold_2	3700180	3750180
Aspergillus_fumigatus_IFM_59361-2	5	0	5	0	scaffold_3	5020	55020
Aspergillus_fumigatus_IFM_59361-2	17	15	2	0	scaffold_8	694926	744926
Aspergillus_fumigatus_IFM_59361-2	21	20	1	0	scaffold_1	844742	894742
Aspergillus_fumigatus_IFM_59361-2	13	12	1	0	scaffold_2	1246478	1296478
Aspergillus_fumigatus_IFM_59361-2	3	1	2	0	scaffold_7	1810715	1860715
Aspergillus_fumigatus_IFM_59361-2	22	21	1	0	scaffold_8	1436080	1486080
Aspergillus_fumigatus_IFM_59361-2	13	1	12	0	scaffold_7	1920052	1970052
Aspergillus_fumigatus_IFM_59361-2	22	15	7	0	scaffold_3	3880061	3930061
Aspergillus_fumigatus_IFM_59361-2	13	7	6	0	scaffold_3	4115516	4165516
Aspergillus_fumigatus_IFM_59361-2	22	20	2	0	scaffold_1	3168439	3218439
Aspergillus_fumigatus_IFM_59361-2	17	16	1	0	scaffold_2	3612692	3662692
Aspergillus_fumigatus_IFM_59361-2	20	19	1	0	scaffold_4	2142157	2192157
Aspergillus_fumigatus_IFM_59361-2	16	16	0	0	scaffold_1	2945637	2995637
Aspergillus_fumigatus_IFM_59361-2	18	16	2	0	scaffold_3	1471117	1521117
Aspergillus_fumigatus_IFM_59361-2	13	12	1	0	scaffold_4	2949083	2999083
Aspergillus_fumigatus_IFM_59361-2	22	18	4	0	scaffold_1	3348428	3398428
Aspergillus_fumigatus_IFM_59361-2	19	17	2	0	scaffold_3	104013	154013
Aspergillus_fumigatus_IFM_59361-2	20	15	5	0	scaffold_4	3605531	3655531
Aspergillus_fumigatus_IFM_59361-2	15	13	2	0	scaffold_2	4160316	4210316
Aspergillus_fumigatus_IFM_59361-2	24	21	3	0	scaffold_7	124436	174436
Aspergillus_fumigatus_IFM_59361-2	20	18	2	0	scaffold_5	2941886	2991886
Aspergillus_fumigatus_IFM_59361-2	16	14	2	0	scaffold_3	3233861	3283861
Aspergillus_fumigatus_IFM_59361-2	21	21	0	0	scaffold_2	638967	688967
Aspergillus_fumigatus_IFM_59361-2	6	5	1	0	scaffold_8	571609	621609
Aspergillus_fumigatus_IFM_59361-2	18	16	2	0	scaffold_1	4282620	4332620
Aspergillus_fumigatus_IFM_59361-2	8	8	0	0	scaffold_2	1723256	1773256
Aspergillus_fumigatus_IFM_59361-2	19	13	6	0	scaffold_1	3020237	3070237
Aspergillus_fumigatus_IFM_59361-2	19	16	3	0	scaffold_6	157886	207886
Aspergillus_fumigatus_IFM_59361-2	18	17	1	0	scaffold_5	2471734	2521734
Aspergillus_fumigatus_IFM_59361-2	20	20	0	0	scaffold_4	3887897	3937897
Aspergillus_fumigatus_IFM_59361-2	17	15	2	0	scaffold_3	1500038	1550038
Aspergillus_fumigatus_IFM_59361-2	23	22	1	0	scaffold_7	963921	1013921
Aspergillus_fumigatus_IFM_59361-2	22	22	0	0	scaffold_2	3736749	3786749
Aspergillus_fumigatus_IFM_59361-2	20	19	1	0	scaffold_6	1422501	1472501
Aspergillus_fumigatus_IFM_59361-2	17	16	1	0	scaffold_6	1586700	1636700
Aspergillus_fumigatus_IFM_59361-2	15	14	1	0	scaffold_7	1431159	1481159
Aspergillus_fumigatus_IFM_59361-2	19	19	0	0	scaffold_5	3149714	3199714
Aspergillus_fumigatus_IFM_59361-2	22	18	4	0	scaffold_1	3346126	3396126
Aspergillus_fumigatus_IFM_59361-2	17	15	2	0	scaffold_3	2137305	2187305
Aspergillus_fumigatus_IFM_59361-2	13	13	0	0	scaffold_6	2668919	2718919
Aspergillus_fumigatus_IFM_59361-2	20	20	0	0	scaffold_2	3316922	3366922
Aspergillus_fumigatus_IFM_59361-2	23	19	4	0	scaffold_1	4856612	4906612
Aspergillus_fumigatus_IFM_59361-2	19	18	1	0	scaffold_6	1693522	1743522
Aspergillus_fumigatus_IFM_59361-2	23	23	0	0	scaffold_1	4890970	4940970
Aspergillus_fumigatus_IFM_59361-2	20	17	3	0	scaffold_3	2588682	2638682
Aspergillus_fumigatus_IFM_59361-2	17	17	0	0	scaffold_3	2275622	2325622
Aspergillus_fumigatus_IFM_59361-2	15	15	0	0	scaffold_5	485321	535321
Aspergillus_fumigatus_IFM_59361-2	29	27	2	0	scaffold_1	381576	431576
Aspergillus_fumigatus_IFM_59361-2	22	19	3	0	scaffold_4	349380	399380
Aspergillus_fumigatus_IFM_59361-2	26	25	1	0	scaffold_1	3518130	3568130
Aspergillus_fumigatus_IFM_59361-2	4	4	0	0	scaffold_3	1210361	1260361
Aspergillus_fumigatus_IFM_59361-2	24	23	1	0	scaffold_6	981566	1031566
Aspergillus_fumigatus_IFM_59361-2	18	15	3	0	scaffold_5	2989907	3039907
Aspergillus_fumigatus_IFM_59361-2	17	14	3	0	scaffold_6	607919	657919
Aspergillus_fumigatus_IFM_59361-2	18	15	3	0	scaffold_1	5050967	5100967
Aspergillus_fumigatus_IFM_59361-2	12	12	0	0	scaffold_6	2686540	2736540
Aspergillus_fumigatus_IFM_59361-2	7	0	7	0	scaffold_1	249241	299241
Aspergillus_fumigatus_IFM_59361-2	20	20	0	0	scaffold_1	609438	659438
Aspergillus_fumigatus_IFM_59361-2	19	18	1	0	scaffold_1	2079521	2129521
Aspergillus_fumigatus_IFM_59361-2	15	15	0	0	scaffold_7	737504	787504
Aspergillus_fumigatus_IFM_59361-2	20	18	2	0	scaffold_4	2759404	2809404
Aspergillus_fumigatus_IFM_59361-2	16	14	2	0	scaffold_6	1143653	1193653
Aspergillus_fumigatus_IFM_59361-2	21	18	2	1	scaffold_4	2679383	2729383
Aspergillus_fumigatus_IFM_59361-2	16	14	2	0	scaffold_2	1072708	1122708
Aspergillus_fumigatus_IFM_59361-2	22	18	4	0	scaffold_3	4090894	4140894
Aspergillus_fumigatus_IFM_59361-2	20	18	2	0	scaffold_5	2696020	2746020
Aspergillus_fumigatus_IFM_59361-2	19	17	2	0	scaffold_6	875145	925145
Aspergillus_fumigatus_IFM_59361-2	15	15	0	0	scaffold_3	1299763	1349763
Aspergillus_fumigatus_IFM_59361-2	19	17	2	0	scaffold_6	1794040	1844040
Aspergillus_fumigatus_IFM_59361-2	20	18	2	0	scaffold_3	2927153	2977153
Aspergillus_fumigatus_IFM_59361-2	18	17	1	0	scaffold_4	1981248	2031248
Aspergillus_fumigatus_IFM_59361-2	19	19	0	0	scaffold_3	2304194	2354194
Aspergillus_fumigatus_IFM_59361-2	20	19	1	0	scaffold_1	2563486	2613486
Aspergillus_fumigatus_IFM_59361-2	19	15	4	0	scaffold_2	270588	320588
Aspergillus_fumigatus_IFM_59361-2	18	17	1	0	scaffold_3	889492	939492
Aspergillus_fumigatus_IFM_59361-2	19	1	18	0	scaffold_1	5138818	5188818
Aspergillus_fumigatus_IFM_59361-2	19	19	0	0	scaffold_3	3418771	3468771
Aspergillus_fumigatus_IFM_59361-2	21	19	2	0	scaffold_5	3331141	3381141
Aspergillus_fumigatus_IFM_59361-2	16	16	0	0	scaffold_2	2702847	2752847
Aspergillus_fumigatus_IFM_59361-2	20	20	0	0	scaffold_5	610208	660208
Aspergillus_fumigatus_IFM_59361-2	18	18	0	0	scaffold_6	1409687	1459687
Aspergillus_fumigatus_IFM_59361-2	16	15	1	0	scaffold_1	3632204	3682204
Aspergillus_fumigatus_IFM_59361-2	21	19	2	0	scaffold_6	3076440	3126440
Aspergillus_fumigatus_IFM_59361-2	16	14	2	0	scaffold_2	3685882	3735882
Aspergillus_fumigatus_IFM_59361-2	0	0	0	0	scaffold_4	3537152	3587152
Aspergillus_fumigatus_IFM_59361-2	21	17	4	0	scaffold_6	330700	380700
Aspergillus_fumigatus_IFM_59361-2	20	19	1	0	scaffold_8	922307	972307
Aspergillus_fumigatus_IFM_59361-2	20	20	0	0	scaffold_5	785503	835503
Aspergillus_fumigatus_IFM_59361-2	21	19	2	0	scaffold_2	3164409	3214409
Aspergillus_fumigatus_IFM_59361-2	20	18	2	0	scaffold_4	1501019	1551019
Aspergillus_fumigatus_IFM_59361-2	17	16	1	0	scaffold_2	3833322	3883322
Aspergillus_fumigatus_IFM_59361-2	21	20	1	0	scaffold_1	2661843	2711843
Aspergillus_fumigatus_IFM_59361-2	14	13	1	0	scaffold_4	2778489	2828489
Aspergillus_fumigatus_IFM_59361-2	12	0	12	0	scaffold_1	93771	143771
Aspergillus_fumigatus_IFM_59361-2	14	14	0	0	scaffold_6	2698275	2748275
Aspergillus_fumigatus_IFM_59361-2	21	20	1	0	scaffold_1	2647034	2697034
Aspergillus_fumigatus_IFM_59361-2	19	19	0	0	scaffold_3	3138033	3188033
Aspergillus_fumigatus_IFM_59361-2	22	19	3	0	scaffold_2	19134	69134
Aspergillus_fumigatus_IFM_59361-2	19	18	1	0	scaffold_4	228949	278949
Aspergillus_fumigatus_IFM_59361-2	15	14	1	0	scaffold_7	1437851	1487851
Aspergillus_fumigatus_IFM_59361-2	20	19	1	0	scaffold_1	4814763	4864763
Aspergillus_fumigatus_IFM_59361-2	23	21	2	0	scaffold_4	2227080	2277080
Aspergillus_fumigatus_IFM_59361-2	18	18	0	0	scaffold_2	959946	1009946
Aspergillus_fumigatus_IFM_59361-2	7	5	2	0	scaffold_3	1181744	1231744
Aspergillus_fumigatus_IFM_59361-2	26	24	2	0	scaffold_4	4063439	4113439
Aspergillus_fumigatus_IFM_59361-2	21	20	1	0	scaffold_1	2894296	2944296
Aspergillus_fumigatus_IFM_59361-2	21	18	3	0	scaffold_4	316303	366303
Aspergillus_fumigatus_IFM_59361-2	18	17	1	0	scaffold_3	889623	939623
Aspergillus_fumigatus_IFM_59361-2	16	15	1	0	scaffold_4	2084261	2134261
Aspergillus_fumigatus_IFM_59361-2	22	20	2	0	scaffold_6	3383350	3433350
Aspergillus_fumigatus_IFM_59361-2	17	17	0	0	scaffold_6	1930473	1980473
Aspergillus_fumigatus_IFM_59361-2	18	16	2	0	scaffold_1	1625920	1675920
Aspergillus_fumigatus_IFM_59361-2	15	15	0	0	scaffold_6	2536125	2586125
Aspergillus_fumigatus_IFM_59361-2	23	21	2	0	scaffold_5	2520024	2570024
Aspergillus_fumigatus_IFM_59361-2	18	16	2	0	scaffold_5	902488	952488
Aspergillus_fumigatus_IFM_59361-2	18	16	2	0	scaffold_2	393245	443245
Aspergillus_fumigatus_IFM_59361-2	18	18	0	0	scaffold_3	2251480	2301480
Aspergillus_fumigatus_IFM_59361-2	18	15	3	0	scaffold_7	1114819	1164819
Aspergillus_fumigatus_IFM_59361-2	20	20	0	0	scaffold_8	874764	924764
Aspergillus_fumigatus_IFM_59361-2	19	18	1	0	scaffold_6	1706069	1756069
Aspergillus_fumigatus_IFM_59361-2	22	18	4	0	scaffold_2	3889297	3939297
Aspergillus_fumigatus_IFM_59361-2	21	20	1	0	scaffold_3	2223990	2273990
Aspergillus_fumigatus_IFM_59361-2	17	16	1	0	scaffold_4	1994131	2044131
Aspergillus_fumigatus_IFM_59361-2	21	14	7	0	scaffold_6	2039107	2089107
Aspergillus_fumigatus_IFM_59361-2	19	18	1	0	scaffold_4	1522969	1572969
Aspergillus_fumigatus_IFM_59361-2	20	15	5	0	scaffold_7	1157079	1207079
Aspergillus_fumigatus_IFM_59361-2	1	1	0	0	scaffold_1	2303139	2353139
Aspergillus_fumigatus_IFM_59361-2	17	16	1	0	scaffold_4	2865036	2915036
Aspergillus_fumigatus_IFM_59361-2	25	23	1	1	scaffold_4	2713623	2763623
Aspergillus_fumigatus_IFM_59361-2	18	16	2	0	scaffold_5	1200413	1250413
Aspergillus_fumigatus_IFM_59361-2	23	22	1	0	scaffold_7	1271154	1321154
Aspergillus_fumigatus_IFM_59361-2	18	12	6	0	scaffold_3	4105587	4155587
Aspergillus_fumigatus_IFM_59361-2	15	15	0	0	scaffold_2	3047460	3097460
Aspergillus_fumigatus_IFM_59361-2	19	17	2	0	scaffold_2	2427498	2477498
Aspergillus_fumigatus_IFM_59361-2	19	17	2	0	scaffold_4	2383533	2433533
Aspergillus_fumigatus_IFM_59361-2	21	19	2	0	scaffold_4	780256	830256
Aspergillus_fumigatus_IFM_59361-2	18	18	0	0	scaffold_1	977103	1027103
Aspergillus_fumigatus_IFM_59361-2	18	17	1	0	scaffold_4	2628637	2678637
Aspergillus_fumigatus_IFM_59361-2	16	16	0	0	scaffold_5	1932718	1982718
Aspergillus_fumigatus_IFM_59361-2	19	17	2	0	scaffold_4	286622	336622
Aspergillus_fumigatus_IFM_59361-2	18	17	1	0	scaffold_2	1223759	1273759
Aspergillus_fumigatus_IFM_59361-2	22	21	1	0	scaffold_1	4681591	4731591
Aspergillus_fumigatus_IFM_59361-2	24	23	1	0	scaffold_6	1082873	1132873
Aspergillus_fumigatus_IFM_59361-2	20	18	2	0	scaffold_3	445319	495319
Aspergillus_fumigatus_IFM_59361-2	22	18	4	0	scaffold_1	733983	783983
Aspergillus_fumigatus_IFM_59361-2	16	13	3	0	scaffold_4	2449658	2499658
Aspergillus_fumigatus_IFM_59361-2	26	22	4	0	scaffold_3	3915347	3965347
Aspergillus_fumigatus_IFM_59361-2	19	19	0	0	scaffold_1	2195368	2245368
Aspergillus_fumigatus_IFM_59361-2	20	18	2	0	scaffold_3	2917391	2967391
Aspergillus_fumigatus_IFM_59361-2	17	16	1	0	scaffold_5	1761165	1811165
Aspergillus_fumigatus_IFM_59361-2	21	20	1	0	scaffold_6	687344	737344
Aspergillus_fumigatus_IFM_59361-2	22	21	1	0	scaffold_2	2455442	2505442
Aspergillus_fumigatus_IFM_59361-2	17	17	0	0	scaffold_5	1669062	1719062
Aspergillus_fumigatus_IFM_59361-2	16	14	2	0	scaffold_2	3684133	3734133
Aspergillus_fumigatus_IFM_59361-2	16	15	1	0	scaffold_3	1506105	1556105
Aspergillus_fumigatus_IFM_59361-2	20	20	0	0	scaffold_7	574650	624650
Aspergillus_fumigatus_IFM_59361-2	12	12	0	0	scaffold_2	751042	801042
Aspergillus_fumigatus_IFM_59361-2	16	10	6	0	scaffold_8	317986	367986
Aspergillus_fumigatus_IFM_59361-2	17	16	1	0	scaffold_5	1731252	1781252
Aspergillus_fumigatus_IFM_59361-2	21	20	1	0	scaffold_3	2994998	3044998
Aspergillus_fumigatus_IFM_59361-2	17	15	2	0	scaffold_1	2966982	3016982
Aspergillus_fumigatus_IFM_59361-2	16	16	0	0	scaffold_1	4796877	4846877
Aspergillus_fumigatus_IFM_59361-2	21	21	0	0	scaffold_6	2828974	2878974
Aspergillus_fumigatus_IFM_59361-2	18	16	2	0	scaffold_5	2136996	2186996
Aspergillus_fumigatus_IFM_59361-2	17	14	3	0	scaffold_4	2497336	2547336
Aspergillus_fumigatus_IFM_59361-2	24	22	2	0	scaffold_7	1671972	1721972
Aspergillus_fumigatus_IFM_59361-2	20	18	2	0	scaffold_6	1813202	1863202
Aspergillus_fumigatus_IFM_59361-2	16	16	0	0	scaffold_5	1428205	1478205
Aspergillus_fumigatus_IFM_59361-2	10	10	0	0	scaffold_2	3866218	3916218
Aspergillus_fumigatus_IFM_59361-2	4	4	0	0	scaffold_2	1732152	1782152
Aspergillus_fumigatus_IFM_59361-2	18	18	0	0	scaffold_1	1268171	1318171
Aspergillus_fumigatus_IFM_59361-2	15	12	3	0	scaffold_2	2000401	2050401
Aspergillus_fumigatus_IFM_59361-2	16	14	2	0	scaffold_5	2993930	3043930
Aspergillus_fumigatus_IFM_59361-2	17	16	1	0	scaffold_4	1344717	1394717
Aspergillus_fumigatus_IFM_59361-2	9	8	1	0	scaffold_3	1364912	1414912
Aspergillus_fumigatus_IFM_59361-2	16	15	1	0	scaffold_1	5023259	5073259
Aspergillus_fumigatus_IFM_59361-2	18	17	1	0	scaffold_6	3183621	3233621
Aspergillus_fumigatus_IFM_59361-2	22	19	3	0	scaffold_7	1213151	1263151
Aspergillus_fumigatus_IFM_59361-2	17	14	3	0	scaffold_2	1382161	1432161
Aspergillus_fumigatus_IFM_59361-2	13	0	13	0	scaffold_4	721814	771814
Aspergillus_fumigatus_IFM_59361-2	12	12	0	0	scaffold_6	1279322	1329322
Aspergillus_fumigatus_IFM_59361-2	19	18	1	0	scaffold_5	2095986	2145986
Aspergillus_fumigatus_IFM_59361-2	18	18	0	0	scaffold_8	1038222	1088222
Aspergillus_fumigatus_IFM_59361-2	14	14	0	0	scaffold_1	4471724	4521724
Aspergillus_fumigatus_IFM_59361-2	20	19	1	0	scaffold_8	922747	972747
Aspergillus_fumigatus_IFM_59361-2	23	19	4	0	scaffold_2	143854	193854
Aspergillus_fumigatus_IFM_59361-2	16	16	0	0	scaffold_1	1017626	1067626
Aspergillus_fumigatus_IFM_59361-2	16	15	1	0	scaffold_1	1680732	1730732
Aspergillus_fumigatus_IFM_59361-2	24	19	5	0	scaffold_3	3995094	4045094
Aspergillus_fumigatus_IFM_59361-2	11	9	2	0	scaffold_2	1103086	1153086
Aspergillus_fumigatus_IFM_59361-2	17	17	0	0	scaffold_6	1182002	1232002
Aspergillus_fumigatus_IFM_59361-2	22	21	1	0	scaffold_8	1414021	1464021
Aspergillus_fumigatus_IFM_59361-2	20	20	0	0	scaffold_8	836326	886326
Aspergillus_fumigatus_IFM_59361-2	11	11	0	0	scaffold_3	1291508	1341508
Aspergillus_fumigatus_IFM_59361-2	14	10	4	0	scaffold_4	1676420	1726420
Aspergillus_fumigatus_IFM_59361-2	19	17	2	0	scaffold_1	4647886	4697886
Aspergillus_fumigatus_IFM_59361-2	20	20	0	0	scaffold_2	714845	764845
Aspergillus_fumigatus_IFM_59361-2	17	16	1	0	scaffold_1	4750328	4800328
Aspergillus_fumigatus_IFM_59361-2	19	17	2	0	scaffold_8	248438	298438
Aspergillus_fumigatus_IFM_59361-2	21	20	1	0	scaffold_1	4732340	4782340
Aspergillus_fumigatus_IFM_59361-2	19	16	3	0	scaffold_1	4994004	5044004
Aspergillus_fumigatus_IFM_59361-2	20	17	3	0	scaffold_5	1855673	1905673
Aspergillus_fumigatus_IFM_59361-2	16	16	0	0	scaffold_1	4353661	4403661
Aspergillus_fumigatus_IFM_59361-2	12	11	1	0	scaffold_2	1791072	1841072
Aspergillus_fumigatus_IFM_59361-2	19	19	0	0	scaffold_1	2110252	2160252
Aspergillus_fumigatus_IFM_59361-2	24	15	9	0	scaffold_4	3612943	3662943
Aspergillus_fumigatus_IFM_59361-2	16	12	4	0	scaffold_4	2484564	2534564
Aspergillus_fumigatus_IFM_59361-2	22	19	3	0	scaffold_5	1118117	1168117
Aspergillus_fumigatus_IFM_59361-2	20	17	3	0	scaffold_3	149031	199031
Aspergillus_fumigatus_IFM_59361-2	11	11	0	0	scaffold_1	2775577	2825577
Aspergillus_fumigatus_IFM_59361-2	20	18	2	0	scaffold_1	2593366	2643366
Aspergillus_fumigatus_IFM_59361-2	16	15	1	0	scaffold_1	4327542	4377542
Aspergillus_fumigatus_IFM_59361-2	6	5	1	0	scaffold_4	992418	1042418
Aspergillus_fumigatus_IFM_59361-2	18	18	0	0	scaffold_4	1314439	1364439
Aspergillus_fumigatus_IFM_59361-2	19	16	3	0	scaffold_5	2425702	2475702
Aspergillus_fumigatus_IFM_59361-2	22	20	2	0	scaffold_1	1232160	1282160
Aspergillus_fumigatus_IFM_59361-2	17	17	0	0	scaffold_6	2571900	2621900
Aspergillus_fumigatus_IFM_59361-2	23	23	0	0	scaffold_6	2807443	2857443
Aspergillus_fumigatus_IFM_59361-2	14	1	13	0	scaffold_7	2121108	2171108
Aspergillus_fumigatus_IFM_59361-2	20	20	0	0	scaffold_1	2041226	2091226
Aspergillus_fumigatus_IFM_59361-2	14	14	0	0	scaffold_1	4792268	4842268
Aspergillus_fumigatus_IFM_59361-2	16	16	0	0	scaffold_2	599176	649176
Aspergillus_fumigatus_IFM_59361-2	16	16	0	0	scaffold_5	972638	1022638
Aspergillus_fumigatus_IFM_59361-2	19	16	3	0	scaffold_1	1566210	1616210
Aspergillus_fumigatus_IFM_59361-2	19	16	3	0	scaffold_3	2439701	2489701
Aspergillus_fumigatus_IFM_59361-2	25	22	3	0	scaffold_3	4076795	4126795
Aspergillus_fumigatus_IFM_59361-2	15	14	1	0	scaffold_6	1025545	1075545
Aspergillus_fumigatus_IFM_59361-2	15	15	0	0	scaffold_6	2585762	2635762
Aspergillus_fumigatus_IFM_59361-2	0	0	0	0	scaffold_2	1856707	1906707
Aspergillus_fumigatus_IFM_59361-2	0	0	0	0	scaffold_2	1838738	1888738
Aspergillus_fumigatus_IFM_59361-2	22	18	4	0	scaffold_7	1615747	1665747
Aspergillus_fumigatus_IFM_59361-2	17	17	0	0	scaffold_6	2887608	2937608
Aspergillus_fumigatus_IFM_59361-2	18	18	0	0	scaffold_1	1929089	1979089
Aspergillus_fumigatus_IFM_59361-2	17	15	2	0	scaffold_1	4261253	4311253
Aspergillus_fumigatus_IFM_59361-2	1	0	1	0	scaffold_7	1990155	2040155
Aspergillus_fumigatus_IFM_59361-2	20	17	3	0	scaffold_1	1159385	1209385
Aspergillus_fumigatus_IFM_59361-2	27	23	4	0	scaffold_3	4046510	4096510
Aspergillus_fumigatus_IFM_59361-2	26	23	3	0	scaffold_2	4203622	4253622
Aspergillus_fumigatus_IFM_59361-2	23	22	1	0	scaffold_5	3503721	3553721
Aspergillus_fumigatus_IFM_59361-2	19	19	0	0	scaffold_3	679454	729454
Aspergillus_fumigatus_IFM_59361-2	20	19	1	0	scaffold_3	2639709	2689709
Aspergillus_fumigatus_IFM_59361-2	16	14	2	0	scaffold_3	3235755	3285755
Aspergillus_fumigatus_IFM_59361-2	18	10	8	0	scaffold_6	3494642	3544642
Aspergillus_fumigatus_IFM_59361-2	19	19	0	0	scaffold_2	630676	680676
Aspergillus_fumigatus_IFM_59361-2	18	14	4	0	scaffold_6	594364	644364
Aspergillus_fumigatus_IFM_59361-2	12	11	1	0	scaffold_3	1398314	1448314
Aspergillus_fumigatus_IFM_59361-2	19	19	0	0	scaffold_2	2213269	2263269
Aspergillus_fumigatus_IFM_59361-2	25	19	6	0	scaffold_3	274774	324774
Aspergillus_fumigatus_IFM_59361-2	18	18	0	0	scaffold_1	1090835	1140835
Aspergillus_fumigatus_IFM_59361-2	17	15	2	0	scaffold_6	2003973	2053973
Aspergillus_fumigatus_IFM_59361-2	25	23	2	0	scaffold_3	940893	990893
Aspergillus_fumigatus_IFM_59361-2	19	19	0	0	scaffold_7	1289855	1339855
Aspergillus_fumigatus_IFM_59361-2	12	12	0	0	scaffold_2	3861274	3911274
Aspergillus_fumigatus_IFM_59361-2	20	20	0	0	scaffold_1	608572	658572
Aspergillus_fumigatus_IFM_59361-2	21	15	6	0	scaffold_3	1783352	1833352
Aspergillus_fumigatus_IFM_59361-2	21	20	1	0	scaffold_7	79912	129912
Aspergillus_fumigatus_IFM_59361-2	22	21	1	0	scaffold_1	641811	691811
Aspergillus_fumigatus_IFM_59361-2	28	26	2	0	scaffold_1	390657	440657
Aspergillus_fumigatus_IFM_59361-2	16	16	0	0	scaffold_3	2150323	2200323
Aspergillus_fumigatus_IFM_59361-2	8	7	1	0	scaffold_1	2352294	2402294
Aspergillus_fumigatus_IFM_59361-2	18	18	0	0	scaffold_2	3061320	3111320
Aspergillus_fumigatus_IFM_59361-2	20	19	1	0	scaffold_1	2070479	2120479
Aspergillus_fumigatus_IFM_59361-2	18	17	1	0	scaffold_2	3109682	3159682
Aspergillus_fumigatus_IFM_59361-2	21	18	3	0	scaffold_5	1125205	1175205
Aspergillus_fumigatus_IFM_59361-2	14	14	0	0	scaffold_2	1692414	1742414
Aspergillus_fumigatus_IFM_59361-2	19	15	4	0	scaffold_3	83828	133828
Aspergillus_fumigatus_IFM_59361-2	19	19	0	0	scaffold_2	3080311	3130311
Aspergillus_fumigatus_IFM_59361-2	21	19	2	0	scaffold_6	1750646	1800646
Aspergillus_fumigatus_IFM_59361-2	7	1	6	0	scaffold_4	947141	997141
Aspergillus_fumigatus_IFM_59361-2	20	19	1	0	scaffold_1	491290	541290
Aspergillus_fumigatus_IFM_59361-2	20	20	0	0	scaffold_2	426937	476937
Aspergillus_fumigatus_IFM_59361-2	16	16	0	0	scaffold_7	1334170	1384170
Aspergillus_fumigatus_IFM_59361-2	20	19	1	0	scaffold_4	2267645	2317645
Aspergillus_fumigatus_IFM_59361-2	15	14	1	0	scaffold_3	773716	823716
Aspergillus_fumigatus_IFM_59361-2	20	18	2	0	scaffold_6	3374358	3424358
Aspergillus_fumigatus_IFM_59361-2	19	17	2	0	scaffold_4	2512401	2562401
Aspergillus_fumigatus_IFM_59361-2	13	12	1	0	scaffold_4	2923942	2973942
Aspergillus_fumigatus_IFM_59361-2	15	14	1	0	scaffold_8	537740	587740
Aspergillus_fumigatus_IFM_59361-2	22	22	0	0	scaffold_4	1570668	1620668
Aspergillus_fumigatus_IFM_59361-2	20	20	0	0	scaffold_2	547604	597604
Aspergillus_fumigatus_IFM_59361-2	18	15	3	0	scaffold_2	2927524	2977524
Aspergillus_fumigatus_IFM_59361-2	18	14	4	0	scaffold_2	3494369	3544369
Aspergillus_fumigatus_IFM_59361-2	22	18	4	0	scaffold_6	310111	360111
Aspergillus_fumigatus_IFM_59361-2	18	13	5	0	scaffold_1	901020	951020
Aspergillus_fumigatus_IFM_59361-2	7	6	1	0	scaffold_6	3429770	3479770
Aspergillus_fumigatus_IFM_59361-2	16	16	0	0	scaffold_6	2582012	2632012
Aspergillus_fumigatus_IFM_59361-2	17	17	0	0	scaffold_3	2254978	2304978
Aspergillus_fumigatus_IFM_59361-2	20	17	3	0	scaffold_8	107955	157955
Aspergillus_fumigatus_IFM_59361-2	17	16	1	0	scaffold_2	3671507	3721507
Aspergillus_fumigatus_IFM_59361-2	17	12	5	0	scaffold_2	3450957	3500957
Aspergillus_fumigatus_IFM_59361-2	9	7	2	0	scaffold_4	3582840	3632840
Aspergillus_fumigatus_IFM_59361-2	18	17	1	0	scaffold_2	512923	562923
Aspergillus_fumigatus_IFM_59361-2	20	20	0	0	scaffold_1	1355113	1405113
Aspergillus_fumigatus_IFM_59361-2	23	21	2	0	scaffold_6	759343	809343
Aspergillus_fumigatus_IFM_59361-2	20	19	1	0	scaffold_1	1124402	1174402
Aspergillus_fumigatus_IFM_59361-2	22	21	1	0	scaffold_3	356119	406119
Aspergillus_fumigatus_IFM_59361-2	16	15	1	0	scaffold_3	1142881	1192881
Aspergillus_fumigatus_IFM_59361-2	18	17	1	0	scaffold_6	1894603	1944603
Aspergillus_fumigatus_IFM_59361-2	20	18	2	0	scaffold_1	3408337	3458337
Aspergillus_fumigatus_IFM_59361-2	22	20	2	0	scaffold_2	2952047	3002047
Aspergillus_fumigatus_IFM_59361-2	14	14	0	0	scaffold_1	3978977	4028977
Aspergillus_fumigatus_IFM_59361-2	14	11	3	0	scaffold_5	2314753	2364753
Aspergillus_fumigatus_IFM_59361-2	22	20	2	0	scaffold_6	3238184	3288184
Aspergillus_fumigatus_IFM_59361-2	18	14	4	0	scaffold_1	1742447	1792447
Aspergillus_fumigatus_IFM_59361-2	18	15	3	0	scaffold_3	2096490	2146490
Aspergillus_fumigatus_IFM_59361-2	20	16	4	0	scaffold_1	1842860	1892860
Aspergillus_fumigatus_IFM_59361-2	11	4	7	0	scaffold_6	3483094	3533094
Aspergillus_fumigatus_IFM_59361-2	19	17	2	0	scaffold_8	824474	874474
Aspergillus_fumigatus_IFM_59361-2	8	6	2	0	scaffold_7	823232	873232
Aspergillus_fumigatus_IFM_59361-2	22	22	0	0	scaffold_7	1282070	1332070
Aspergillus_fumigatus_IFM_59361-2	17	16	1	0	scaffold_3	2663795	2713795
Aspergillus_fumigatus_IFM_59361-2	14	14	0	0	scaffold_2	2225892	2275892
Aspergillus_fumigatus_IFM_59361-2	20	19	1	0	scaffold_6	802237	852237
Aspergillus_fumigatus_IFM_59361-2	24	22	2	0	scaffold_7	135397	185397
Aspergillus_fumigatus_IFM_59361-2	9	9	0	0	scaffold_4	3708095	3758095
Aspergillus_fumigatus_IFM_59361-2	18	16	2	0	scaffold_5	3363279	3413279
Aspergillus_fumigatus_IFM_59361-2	15	14	1	0	scaffold_2	914687	964687
Aspergillus_fumigatus_IFM_59361-2	20	18	2	0	scaffold_7	287773	337773
Aspergillus_fumigatus_IFM_59361-2	21	21	0	0	scaffold_1	4515876	4565876
Aspergillus_fumigatus_IFM_59361-2	20	20	0	0	scaffold_3	3396816	3446816
Aspergillus_fumigatus_IFM_59361-2	20	17	3	0	scaffold_5	1076654	1126654
Aspergillus_fumigatus_IFM_59361-2	19	18	1	0	scaffold_6	1691513	1741513
Aspergillus_fumigatus_IFM_59361-2	20	19	1	0	scaffold_5	519867	569867
Aspergillus_fumigatus_IFM_59361-2	16	15	1	0	scaffold_3	1508115	1558115
Aspergillus_fumigatus_IFM_59361-2	21	18	3	0	scaffold_2	363419	413419
Aspergillus_fumigatus_IFM_59361-2	24	22	2	0	scaffold_5	3493020	3543020
Aspergillus_fumigatus_IFM_59361-2	9	8	1	0	scaffold_5	176757	226757
Aspergillus_fumigatus_IFM_59361-2	16	16	0	0	scaffold_6	3118298	3168298
Aspergillus_fumigatus_IFM_59361-2	17	16	1	0	scaffold_3	3087787	3137787
Aspergillus_fumigatus_IFM_59361-2	29	28	1	0	scaffold_6	734086	784086
Aspergillus_fumigatus_IFM_59361-2	21	17	4	0	scaffold_3	1873490	1923490
Aspergillus_fumigatus_IFM_59361-2	22	22	0	0	scaffold_4	1552378	1602378
Aspergillus_fumigatus_IFM_59361-2	19	17	2	0	scaffold_8	799564	849564
Aspergillus_fumigatus_IFM_59361-2	19	19	0	0	scaffold_1	976340	1026340
Aspergillus_fumigatus_IFM_59361-2	19	19	0	0	scaffold_2	655822	705822
Aspergillus_fumigatus_IFM_59361-2	17	17	0	0	scaffold_6	3049405	3099405
Aspergillus_fumigatus_IFM_59361-2	25	23	2	0	scaffold_3	1022916	1072916
Aspergillus_fumigatus_IFM_59361-2	16	12	4	0	scaffold_4	2484471	2534471
Aspergillus_fumigatus_IFM_59361-2	11	11	0	0	scaffold_2	3868680	3918680
Aspergillus_fumigatus_IFM_59361-2	23	22	1	0	scaffold_2	472331	522331
Aspergillus_fumigatus_IFM_59361-2	19	19	0	0	scaffold_4	1825049	1875049
Aspergillus_fumigatus_IFM_59361-2	18	17	1	0	scaffold_1	2257907	2307907
Aspergillus_fumigatus_IFM_59361-2	19	18	1	0	scaffold_5	328928	378928
Aspergillus_fumigatus_IFM_59361-2	19	19	0	0	scaffold_3	1922168	1972168
Aspergillus_fumigatus_IFM_59361-2	17	15	2	0	scaffold_8	942889	992889
Aspergillus_fumigatus_IFM_59361-2	17	15	2	0	scaffold_5	3368485	3418485
Aspergillus_fumigatus_IFM_59361-2	21	21	0	0	scaffold_7	1486509	1536509
Aspergillus_fumigatus_IFM_59361-2	12	0	12	0	scaffold_7	2152031	2202031
Aspergillus_fumigatus_IFM_59361-2	18	18	0	0	scaffold_5	2032760	2082760
Aspergillus_fumigatus_IFM_59361-2	20	19	1	0	scaffold_1	2088163	2138163
Aspergillus_fumigatus_IFM_59361-2	21	20	1	0	scaffold_4	3911316	3961316
Aspergillus_fumigatus_IFM_59361-2	18	16	2	0	scaffold_4	267006	317006
Aspergillus_fumigatus_IFM_59361-2	16	14	2	0	scaffold_5	1595261	1645261
Aspergillus_fumigatus_IFM_59361-2	15	15	0	0	scaffold_2	2730267	2780267
Aspergillus_fumigatus_IFM_59361-2	24	21	3	0	scaffold_8	1236665	1286665
Aspergillus_fumigatus_IFM_59361-2	20	18	2	0	scaffold_4	3167269	3217269
Aspergillus_fumigatus_IFM_59361-2	13	12	1	0	scaffold_4	2947359	2997359
Aspergillus_fumigatus_IFM_59361-2	16	16	0	0	scaffold_5	1778967	1828967
Aspergillus_fumigatus_IFM_59361-2	28	18	10	0	scaffold_2	79314	129314
Aspergillus_fumigatus_IFM_59361-2	23	20	2	1	scaffold_4	2727675	2777675
Aspergillus_fumigatus_IFM_59361-2	23	23	0	0	scaffold_6	1636356	1686356
Aspergillus_fumigatus_IFM_59361-2	23	21	2	0	scaffold_5	2518665	2568665
Aspergillus_fumigatus_IFM_59361-2	18	16	2	0	scaffold_6	895101	945101
Aspergillus_fumigatus_IFM_59361-2	3	0	3	0	scaffold_7	2013244	2063244
Aspergillus_fumigatus_IFM_59361-2	12	7	5	0	scaffold_4	3673333	3723333
Aspergillus_fumigatus_IFM_59361-2	18	17	1	0	scaffold_5	1673883	1723883
Aspergillus_fumigatus_IFM_59361-2	20	19	1	0	scaffold_5	726060	776060
Aspergillus_fumigatus_IFM_59361-2	20	18	2	0	scaffold_1	3405452	3455452
Aspergillus_fumigatus_IFM_59361-2	14	2	12	0	scaffold_7	2098368	2148368
Aspergillus_fumigatus_IFM_59361-2	18	15	3	0	scaffold_1	5067847	5117847
Aspergillus_fumigatus_IFM_59361-2	16	14	2	0	scaffold_2	3594410	3644410
Aspergillus_fumigatus_IFM_59361-2	22	22	0	0	scaffold_6	2843067	2893067
Aspergillus_fumigatus_IFM_59361-2	7	7	0	0	scaffold_8	373080	423080
Aspergillus_fumigatus_IFM_59361-2	24	22	2	0	scaffold_6	767474	817474
Aspergillus_fumigatus_IFM_59361-2	19	18	1	0	scaffold_1	4216435	4266435
Aspergillus_fumigatus_IFM_59361-2	24	21	3	0	scaffold_3	2743901	2793901
Aspergillus_fumigatus_IFM_59361-2	22	21	1	0	scaffold_3	2001677	2051677
Aspergillus_fumigatus_IFM_59361-2	19	18	1	0	scaffold_6	1421313	1471313
Aspergillus_fumigatus_IFM_59361-2	18	17	1	0	scaffold_1	3745602	3795602
Aspergillus_fumigatus_IFM_59361-2	9	9	0	0	scaffold_3	2398553	2448553
Aspergillus_fumigatus_IFM_59361-2	19	17	2	0	scaffold_5	1334988	1384988
Aspergillus_fumigatus_IFM_59361-2	14	14	0	0	scaffold_1	3265721	3315721
Aspergillus_fumigatus_IFM_59361-2	21	20	1	0	scaffold_2	2390552	2440552
Aspergillus_fumigatus_IFM_59361-2	20	20	0	0	scaffold_5	2746740	2796740
Aspergillus_fumigatus_IFM_59361-2	20	19	1	0	scaffold_4	1299750	1349750
Aspergillus_fumigatus_IFM_59361-2	19	18	1	0	scaffold_3	1720274	1770274
Aspergillus_fumigatus_IFM_59361-2	15	15	0	0	scaffold_6	2727644	2777644
Aspergillus_fumigatus_IFM_59361-2	17	15	2	0	scaffold_1	2127274	2177274
Aspergillus_fumigatus_IFM_59361-2	6	5	1	0	scaffold_8	565974	615974
Aspergillus_fumigatus_IFM_59361-2	13	9	4	0	scaffold_5	187454	237454
Aspergillus_fumigatus_IFM_59361-2	17	17	0	0	scaffold_3	1135311	1185311
Aspergillus_fumigatus_IFM_59361-2	17	15	2	0	scaffold_3	170569	220569
Aspergillus_fumigatus_IFM_59361-2	21	19	2	0	scaffold_2	247272	297272
Aspergillus_fumigatus_IFM_59361-2	15	1	14	0	scaffold_1	3566	53566
Aspergillus_fumigatus_IFM_59361-2	18	18	0	0	scaffold_4	4097877	4147877
Aspergillus_fumigatus_IFM_59361-2	18	17	1	0	scaffold_2	838794	888794
Aspergillus_fumigatus_IFM_59361-2	20	18	2	0	scaffold_1	1143000	1193000
Aspergillus_fumigatus_IFM_59361-2	23	18	5	0	scaffold_1	3504579	3554579
Aspergillus_fumigatus_IFM_59361-2	24	22	2	0	scaffold_6	760549	810549
Aspergillus_fumigatus_IFM_59361-2	24	23	1	0	scaffold_1	3527166	3577166
Aspergillus_fumigatus_IFM_59361-2	15	13	2	0	scaffold_5	352522	402522
Aspergillus_fumigatus_IFM_59361-2	22	21	1	0	scaffold_6	3284707	3334707
Aspergillus_fumigatus_IFM_59361-2	19	17	2	0	scaffold_2	1914745	1964745
Aspergillus_fumigatus_IFM_59361-2	19	15	4	0	scaffold_3	2704136	2754136
Aspergillus_fumigatus_IFM_59361-2	17	16	1	0	scaffold_6	1036151	1086151
Aspergillus_fumigatus_IFM_59361-2	26	24	2	0	scaffold_6	2421715	2471715
Aspergillus_fumigatus_IFM_59361-2	15	14	1	0	scaffold_3	773409	823409
Aspergillus_fumigatus_IFM_59361-2	20	19	1	0	scaffold_1	3179946	3229946
Aspergillus_fumigatus_IFM_59361-2	19	19	0	0	scaffold_3	2501715	2551715
Aspergillus_fumigatus_IFM_59361-2	16	15	1	0	scaffold_8	1131788	1181788
Aspergillus_fumigatus_IFM_59361-2	20	19	1	0	scaffold_4	2133536	2183536
Aspergillus_fumigatus_IFM_59361-2	16	10	6	0	scaffold_2	3460803	3510803
Aspergillus_fumigatus_IFM_59361-2	20	20	0	0	scaffold_1	1913309	1963309
Aspergillus_fumigatus_IFM_59361-2	17	15	2	0	scaffold_2	1624530	1674530
Aspergillus_fumigatus_IFM_59361-2	19	17	2	0	scaffold_5	895061	945061
Aspergillus_fumigatus_IFM_59361-2	11	11	0	0	scaffold_6	1287564	1337564
Aspergillus_fumigatus_IFM_59361-2	18	17	1	0	scaffold_6	117714	167714
Aspergillus_fumigatus_IFM_59361-2	18	16	2	0	scaffold_4	1951562	2001562
Aspergillus_fumigatus_IFM_59361-2	18	15	3	0	scaffold_4	1937199	1987199
Aspergillus_fumigatus_IFM_59361-2	19	17	2	0	scaffold_4	3157181	3207181
Aspergillus_fumigatus_IFM_59361-2	20	17	3	0	scaffold_5	2434685	2484685
Aspergillus_fumigatus_IFM_59361-2	20	19	1	0	scaffold_6	1701151	1751151
Aspergillus_fumigatus_IFM_59361-2	20	20	0	0	scaffold_5	1379620	1429620
Aspergillus_fumigatus_IFM_59361-2	18	18	0	0	scaffold_5	1666690	1716690
Aspergillus_fumigatus_IFM_59361-2	24	21	3	0	scaffold_1	1397374	1447374
Aspergillus_fumigatus_IFM_59361-2	16	15	1	0	scaffold_5	1942271	1992271
Aspergillus_fumigatus_IFM_59361-2	15	14	1	0	scaffold_3	1451261	1501261
Aspergillus_fumigatus_IFM_59361-2	13	12	1	0	scaffold_5	1821382	1871382
Aspergillus_fumigatus_IFM_59361-2	19	16	3	0	scaffold_6	2452348	2502348
Aspergillus_fumigatus_IFM_59361-2	19	17	2	0	scaffold_6	11149	61149
Aspergillus_fumigatus_IFM_59361-2	22	21	1	0	scaffold_5	2377214	2427214
Aspergillus_fumigatus_IFM_59361-2	20	19	1	0	scaffold_2	215787	265787
Aspergillus_fumigatus_IFM_59361-2	17	16	1	0	scaffold_8	466459	516459
Aspergillus_fumigatus_IFM_59361-2	14	14	0	0	scaffold_1	4944643	4994643
Aspergillus_fumigatus_IFM_59361-2	13	13	0	0	scaffold_3	2384834	2434834
Aspergillus_fumigatus_IFM_59361-2	17	16	1	0	scaffold_2	1235363	1285363
Aspergillus_fumigatus_IFM_59361-2	10	4	6	0	scaffold_7	1775771	1825771
Aspergillus_fumigatus_IFM_59361-2	18	16	2	0	scaffold_4	1898861	1948861
Aspergillus_fumigatus_IFM_59361-2	13	12	1	0	scaffold_2	3008711	3058711
Aspergillus_fumigatus_IFM_59361-2	15	14	1	0	scaffold_6	2599188	2649188
Aspergillus_fumigatus_IFM_59361-2	18	16	2	0	scaffold_1	3649051	3699051
