STRAIN	TOTAL	CORE	ACCESSORY	SINGLETON	CHROM	START	END
Aspergillus_fumigatus_CM4946	24	22	2	0	scaffold_3	1991869	2041869
Aspergillus_fumigatus_CM4946	13	0	13	0	scaffold_7	1912802	1962802
Aspergillus_fumigatus_CM4946	10	6	4	0	scaffold_1	2150570	2200570
Aspergillus_fumigatus_CM4946	21	18	3	0	scaffold_3	897351	947351
Aspergillus_fumigatus_CM4946	17	15	2	0	scaffold_8	518003	568003
Aspergillus_fumigatus_CM4946	25	22	3	0	scaffold_3	2092889	2142889
Aspergillus_fumigatus_CM4946	17	17	0	0	scaffold_6	1928139	1978139
Aspergillus_fumigatus_CM4946	15	13	2	0	scaffold_8	1268984	1318984
Aspergillus_fumigatus_CM4946	16	16	0	0	scaffold_3	1560071	1610071
Aspergillus_fumigatus_CM4946	15	15	0	0	scaffold_1	1461142	1511142
Aspergillus_fumigatus_CM4946	14	13	1	0	scaffold_7	360940	410940
Aspergillus_fumigatus_CM4946	17	17	0	0	scaffold_1	417050	467050
Aspergillus_fumigatus_CM4946	21	20	1	0	scaffold_1	3292466	3342466
Aspergillus_fumigatus_CM4946	22	21	1	0	scaffold_7	892497	942497
Aspergillus_fumigatus_CM4946	17	16	1	0	scaffold_6	2695209	2745209
Aspergillus_fumigatus_CM4946	15	14	1	0	scaffold_8	1421044	1471044
Aspergillus_fumigatus_CM4946	3	0	3	0	scaffold_7	1862300	1912300
Aspergillus_fumigatus_CM4946	17	17	0	0	scaffold_2	3196700	3246700
Aspergillus_fumigatus_CM4946	20	0	20	0	scaffold_1	4340420	4390420
Aspergillus_fumigatus_CM4946	23	22	1	0	scaffold_7	889620	939620
Aspergillus_fumigatus_CM4946	17	0	17	0	scaffold_7	1920500	1970500
Aspergillus_fumigatus_CM4946	21	18	3	0	scaffold_5	661194	711194
Aspergillus_fumigatus_CM4946	21	20	1	0	scaffold_6	2127836	2177836
Aspergillus_fumigatus_CM4946	26	20	6	0	scaffold_1	4035723	4085723
Aspergillus_fumigatus_CM4946	22	18	4	0	scaffold_4	189522	239522
Aspergillus_fumigatus_CM4946	19	19	0	0	scaffold_1	2338948	2388948
Aspergillus_fumigatus_CM4946	17	16	1	0	scaffold_4	433796	483796
Aspergillus_fumigatus_CM4946	16	16	0	0	scaffold_2	1117537	1167537
Aspergillus_fumigatus_CM4946	14	14	0	0	scaffold_4	1360132	1410132
Aspergillus_fumigatus_CM4946	18	18	0	0	scaffold_3	164897	214897
Aspergillus_fumigatus_CM4946	3	2	1	0	scaffold_8	892926	942926
Aspergillus_fumigatus_CM4946	25	23	2	0	scaffold_2	3019093	3069093
Aspergillus_fumigatus_CM4946	17	16	1	0	scaffold_8	1659861	1709861
Aspergillus_fumigatus_CM4946	16	16	0	0	scaffold_2	3205259	3255259
Aspergillus_fumigatus_CM4946	20	20	0	0	scaffold_1	711914	761914
Aspergillus_fumigatus_CM4946	20	19	1	0	scaffold_4	3029070	3079070
Aspergillus_fumigatus_CM4946	16	14	2	0	scaffold_6	1315785	1365785
Aspergillus_fumigatus_CM4946	18	17	1	0	scaffold_7	937827	987827
Aspergillus_fumigatus_CM4946	12	12	0	0	scaffold_1	2005312	2055312
Aspergillus_fumigatus_CM4946	23	21	2	0	scaffold_2	1360212	1410212
Aspergillus_fumigatus_CM4946	24	22	2	0	scaffold_5	3446862	3496862
Aspergillus_fumigatus_CM4946	19	19	0	0	scaffold_4	2336874	2386874
Aspergillus_fumigatus_CM4946	21	21	0	0	scaffold_5	1369056	1419056
Aspergillus_fumigatus_CM4946	18	17	1	0	scaffold_1	1889404	1939404
Aspergillus_fumigatus_CM4946	19	17	2	0	scaffold_2	3394217	3444217
Aspergillus_fumigatus_CM4946	16	13	3	0	scaffold_1	3460519	3510519
Aspergillus_fumigatus_CM4946	23	19	4	0	scaffold_6	481373	531373
Aspergillus_fumigatus_CM4946	20	20	0	0	scaffold_2	1659743	1709743
Aspergillus_fumigatus_CM4946	22	21	1	0	scaffold_6	2721447	2771447
Aspergillus_fumigatus_CM4946	17	15	2	0	scaffold_8	518104	568104
Aspergillus_fumigatus_CM4946	17	13	4	0	scaffold_8	692083	742083
Aspergillus_fumigatus_CM4946	22	19	2	1	scaffold_1	3235934	3285934
Aspergillus_fumigatus_CM4946	21	19	2	0	scaffold_3	891534	941534
Aspergillus_fumigatus_CM4946	15	15	0	0	scaffold_4	1789026	1839026
Aspergillus_fumigatus_CM4946	18	18	0	0	scaffold_4	2809051	2859051
Aspergillus_fumigatus_CM4946	3	2	1	0	scaffold_4	22056	72056
Aspergillus_fumigatus_CM4946	18	15	3	0	scaffold_2	3120920	3170920
Aspergillus_fumigatus_CM4946	21	20	1	0	scaffold_3	188974	238974
Aspergillus_fumigatus_CM4946	23	21	2	0	scaffold_3	3724136	3774136
Aspergillus_fumigatus_CM4946	19	19	0	0	scaffold_3	2891573	2941573
Aspergillus_fumigatus_CM4946	20	5	15	0	scaffold_1	4404670	4454670
Aspergillus_fumigatus_CM4946	20	14	6	0	scaffold_2	2723394	2773394
Aspergillus_fumigatus_CM4946	15	15	0	0	scaffold_4	678383	728383
Aspergillus_fumigatus_CM4946	11	1	10	0	scaffold_7	1769659	1819659
Aspergillus_fumigatus_CM4946	18	17	1	0	scaffold_3	3178621	3228621
Aspergillus_fumigatus_CM4946	21	21	0	0	scaffold_4	314081	364081
Aspergillus_fumigatus_CM4946	16	15	1	0	scaffold_1	2554111	2604111
Aspergillus_fumigatus_CM4946	24	21	3	0	scaffold_4	471471	521471
Aspergillus_fumigatus_CM4946	18	16	2	0	scaffold_5	2149037	2199037
Aspergillus_fumigatus_CM4946	16	15	1	0	scaffold_3	1481011	1531011
Aspergillus_fumigatus_CM4946	15	15	0	0	scaffold_5	2565453	2615453
Aspergillus_fumigatus_CM4946	19	19	0	0	scaffold_1	881719	931719
Aspergillus_fumigatus_CM4946	18	17	1	0	scaffold_6	1604231	1654231
Aspergillus_fumigatus_CM4946	19	17	2	0	scaffold_1	3093476	3143476
Aspergillus_fumigatus_CM4946	15	14	1	0	scaffold_3	2668147	2718147
Aspergillus_fumigatus_CM4946	23	21	2	0	scaffold_6	2378814	2428814
Aspergillus_fumigatus_CM4946	23	18	5	0	scaffold_2	4488007	4538007
Aspergillus_fumigatus_CM4946	21	19	2	0	scaffold_3	2143789	2193789
Aspergillus_fumigatus_CM4946	19	16	3	0	scaffold_4	2848506	2898506
Aspergillus_fumigatus_CM4946	18	16	2	0	scaffold_2	3596139	3646139
Aspergillus_fumigatus_CM4946	21	18	3	0	scaffold_6	6126	56126
Aspergillus_fumigatus_CM4946	14	13	1	0	scaffold_6	1270720	1320720
Aspergillus_fumigatus_CM4946	16	16	0	0	scaffold_4	1111670	1161670
Aspergillus_fumigatus_CM4946	18	14	4	0	scaffold_6	580958	630958
Aspergillus_fumigatus_CM4946	15	15	0	0	scaffold_1	452589	502589
Aspergillus_fumigatus_CM4946	20	18	2	0	scaffold_5	3389257	3439257
Aspergillus_fumigatus_CM4946	15	14	1	0	scaffold_6	1060072	1110072
Aspergillus_fumigatus_CM4946	23	22	1	0	scaffold_6	1658389	1708389
Aspergillus_fumigatus_CM4946	19	17	2	0	scaffold_6	3043379	3093379
Aspergillus_fumigatus_CM4946	11	1	10	0	scaffold_7	1791159	1841159
Aspergillus_fumigatus_CM4946	20	17	3	0	scaffold_4	2593128	2643128
Aspergillus_fumigatus_CM4946	26	24	2	0	scaffold_1	4577056	4627056
Aspergillus_fumigatus_CM4946	19	16	3	0	scaffold_5	2282681	2332681
Aspergillus_fumigatus_CM4946	17	16	0	1	scaffold_3	3129654	3179654
Aspergillus_fumigatus_CM4946	18	17	1	0	scaffold_1	1771810	1821810
Aspergillus_fumigatus_CM4946	17	15	2	0	scaffold_1	251101	301101
Aspergillus_fumigatus_CM4946	18	10	8	0	scaffold_5	2864996	2914996
Aspergillus_fumigatus_CM4946	18	18	0	0	scaffold_6	2934743	2984743
Aspergillus_fumigatus_CM4946	12	12	0	0	scaffold_4	1375501	1425501
Aspergillus_fumigatus_CM4946	8	8	0	0	scaffold_1	1938259	1988259
Aspergillus_fumigatus_CM4946	20	19	1	0	scaffold_3	963008	1013008
Aspergillus_fumigatus_CM4946	16	16	0	0	scaffold_3	1573611	1623611
Aspergillus_fumigatus_CM4946	18	16	2	0	scaffold_3	2626826	2676826
Aspergillus_fumigatus_CM4946	19	17	2	0	scaffold_1	1004871	1054871
Aspergillus_fumigatus_CM4946	19	19	0	0	scaffold_5	1035923	1085923
Aspergillus_fumigatus_CM4946	23	21	2	0	scaffold_2	2110518	2160518
Aspergillus_fumigatus_CM4946	20	18	2	0	scaffold_1	236214	286214
Aspergillus_fumigatus_CM4946	17	17	0	0	scaffold_5	2110619	2160619
Aspergillus_fumigatus_CM4946	17	16	1	0	scaffold_1	3632580	3682580
Aspergillus_fumigatus_CM4946	23	17	6	0	scaffold_2	2752166	2802166
Aspergillus_fumigatus_CM4946	25	23	2	0	scaffold_2	1594371	1644371
Aspergillus_fumigatus_CM4946	20	17	3	0	scaffold_1	1366732	1416732
Aspergillus_fumigatus_CM4946	21	16	5	0	scaffold_2	4345630	4395630
Aspergillus_fumigatus_CM4946	22	21	1	0	scaffold_3	371463	421463
Aspergillus_fumigatus_CM4946	18	15	3	0	scaffold_7	1286690	1336690
Aspergillus_fumigatus_CM4946	18	16	2	0	scaffold_3	2624140	2674140
Aspergillus_fumigatus_CM4946	17	17	0	0	scaffold_2	3851398	3901398
Aspergillus_fumigatus_CM4946	20	16	4	0	scaffold_2	3116598	3166598
Aspergillus_fumigatus_CM4946	21	16	5	0	scaffold_4	71143	121143
Aspergillus_fumigatus_CM4946	18	17	1	0	scaffold_5	1090345	1140345
Aspergillus_fumigatus_CM4946	15	13	2	0	scaffold_2	3741145	3791145
Aspergillus_fumigatus_CM4946	24	23	1	0	scaffold_6	731907	781907
Aspergillus_fumigatus_CM4946	13	10	3	0	scaffold_1	2140208	2190208
Aspergillus_fumigatus_CM4946	16	16	0	0	scaffold_2	4550573	4600573
Aspergillus_fumigatus_CM4946	10	8	2	0	scaffold_7	728796	778796
Aspergillus_fumigatus_CM4946	16	15	1	0	scaffold_1	2661662	2711662
Aspergillus_fumigatus_CM4946	20	20	0	0	scaffold_5	1129061	1179061
Aspergillus_fumigatus_CM4946	0	0	0	0	scaffold_2	50512	100512
Aspergillus_fumigatus_CM4946	13	12	1	0	scaffold_1	1296920	1346920
Aspergillus_fumigatus_CM4946	6	0	6	0	scaffold_7	1754231	1804231
Aspergillus_fumigatus_CM4946	21	19	2	0	scaffold_2	1350635	1400635
Aspergillus_fumigatus_CM4946	9	6	3	0	scaffold_8	985422	1035422
Aspergillus_fumigatus_CM4946	18	14	4	0	scaffold_4	3555296	3605296
Aspergillus_fumigatus_CM4946	21	18	3	0	scaffold_2	3268859	3318859
Aspergillus_fumigatus_CM4946	18	18	0	0	scaffold_2	4240761	4290761
Aspergillus_fumigatus_CM4946	21	20	1	0	scaffold_7	40636	90636
Aspergillus_fumigatus_CM4946	17	16	1	0	scaffold_4	163483	213483
Aspergillus_fumigatus_CM4946	19	0	19	0	scaffold_1	4335043	4385043
Aspergillus_fumigatus_CM4946	25	19	6	0	scaffold_3	837328	887328
Aspergillus_fumigatus_CM4946	20	19	1	0	scaffold_2	997209	1047209
Aspergillus_fumigatus_CM4946	20	18	2	0	scaffold_8	121580	171580
Aspergillus_fumigatus_CM4946	22	21	1	0	scaffold_8	210605	260605
Aspergillus_fumigatus_CM4946	23	22	1	0	scaffold_3	198785	248785
Aspergillus_fumigatus_CM4946	23	18	5	0	scaffold_7	228603	278603
Aspergillus_fumigatus_CM4946	21	15	6	0	scaffold_4	64953	114953
Aspergillus_fumigatus_CM4946	24	20	4	0	scaffold_1	3883028	3933028
Aspergillus_fumigatus_CM4946	17	16	1	0	scaffold_7	537505	587505
Aspergillus_fumigatus_CM4946	17	16	1	0	scaffold_2	2314462	2364462
Aspergillus_fumigatus_CM4946	22	21	1	0	scaffold_4	3490203	3540203
Aspergillus_fumigatus_CM4946	19	16	3	0	scaffold_1	2821368	2871368
Aspergillus_fumigatus_CM4946	16	14	2	0	scaffold_7	1278420	1328420
Aspergillus_fumigatus_CM4946	19	18	1	0	scaffold_8	1124922	1174922
Aspergillus_fumigatus_CM4946	23	20	3	0	scaffold_2	2238723	2288723
Aspergillus_fumigatus_CM4946	14	14	0	0	scaffold_4	1359140	1409140
Aspergillus_fumigatus_CM4946	23	21	2	0	scaffold_3	33820	83820
Aspergillus_fumigatus_CM4946	17	17	0	0	scaffold_2	3246169	3296169
Aspergillus_fumigatus_CM4946	19	19	0	0	scaffold_1	2503558	2553558
Aspergillus_fumigatus_CM4946	19	17	2	0	scaffold_1	3595749	3645749
Aspergillus_fumigatus_CM4946	18	17	1	0	scaffold_7	6140	56140
Aspergillus_fumigatus_CM4946	14	11	3	0	scaffold_6	2226759	2276759
Aspergillus_fumigatus_CM4946	21	19	2	0	scaffold_2	1581971	1631971
Aspergillus_fumigatus_CM4946	16	15	1	0	scaffold_5	1276403	1326403
Aspergillus_fumigatus_CM4946	13	13	0	0	scaffold_2	2466377	2516377
Aspergillus_fumigatus_CM4946	21	20	1	0	scaffold_6	990200	1040200
Aspergillus_fumigatus_CM4946	17	17	0	0	scaffold_1	774672	824672
Aspergillus_fumigatus_CM4946	17	16	1	0	scaffold_3	2759825	2809825
Aspergillus_fumigatus_CM4946	12	9	3	0	scaffold_5	1478919	1528919
Aspergillus_fumigatus_CM4946	19	15	4	0	scaffold_2	4451224	4501224
Aspergillus_fumigatus_CM4946	17	13	4	0	scaffold_8	697766	747766
Aspergillus_fumigatus_CM4946	18	17	1	0	scaffold_1	2439427	2489427
Aspergillus_fumigatus_CM4946	20	19	1	0	scaffold_6	2800788	2850788
Aspergillus_fumigatus_CM4946	20	19	1	0	scaffold_3	2769371	2819371
Aspergillus_fumigatus_CM4946	15	13	2	0	scaffold_2	776103	826103
Aspergillus_fumigatus_CM4946	18	17	1	0	scaffold_4	627518	677518
Aspergillus_fumigatus_CM4946	21	20	1	0	scaffold_1	2234462	2284462
Aspergillus_fumigatus_CM4946	17	15	2	0	scaffold_3	2313397	2363397
Aspergillus_fumigatus_CM4946	22	20	2	0	scaffold_2	3000017	3050017
Aspergillus_fumigatus_CM4946	20	19	1	0	scaffold_6	2958064	3008064
Aspergillus_fumigatus_CM4946	23	19	4	0	scaffold_4	3572237	3622237
Aspergillus_fumigatus_CM4946	23	22	1	0	scaffold_5	744993	794993
Aspergillus_fumigatus_CM4946	19	19	0	0	scaffold_1	631663	681663
Aspergillus_fumigatus_CM4946	17	14	3	0	scaffold_6	598336	648336
Aspergillus_fumigatus_CM4946	25	22	3	0	scaffold_6	43345	93345
Aspergillus_fumigatus_CM4946	14	13	1	0	scaffold_6	375887	425887
Aspergillus_fumigatus_CM4946	21	16	5	0	scaffold_5	2221707	2271707
Aspergillus_fumigatus_CM4946	20	17	3	0	scaffold_6	628251	678251
Aspergillus_fumigatus_CM4946	21	20	1	0	scaffold_8	1203681	1253681
Aspergillus_fumigatus_CM4946	19	18	1	0	scaffold_6	224480	274480
Aspergillus_fumigatus_CM4946	21	18	2	1	scaffold_1	3224663	3274663
Aspergillus_fumigatus_CM4946	17	15	2	0	scaffold_5	2978665	3028665
Aspergillus_fumigatus_CM4946	22	17	5	0	scaffold_8	314234	364234
Aspergillus_fumigatus_CM4946	20	17	3	0	scaffold_1	4485142	4535142
Aspergillus_fumigatus_CM4946	20	18	2	0	scaffold_1	999989	1049989
Aspergillus_fumigatus_CM4946	17	16	0	1	scaffold_5	3167718	3217718
Aspergillus_fumigatus_CM4946	21	20	1	0	scaffold_6	843100	893100
Aspergillus_fumigatus_CM4946	19	17	2	0	scaffold_2	634570	684570
Aspergillus_fumigatus_CM4946	20	19	1	0	scaffold_1	2280448	2330448
Aspergillus_fumigatus_CM4946	15	14	1	0	scaffold_3	2536106	2586106
Aspergillus_fumigatus_CM4946	17	16	1	0	scaffold_7	989003	1039003
Aspergillus_fumigatus_CM4946	19	18	1	0	scaffold_4	1241141	1291141
Aspergillus_fumigatus_CM4946	21	20	1	0	scaffold_4	1603097	1653097
Aspergillus_fumigatus_CM4946	17	16	1	0	scaffold_2	4130974	4180974
Aspergillus_fumigatus_CM4946	15	14	1	0	scaffold_3	2668503	2718503
Aspergillus_fumigatus_CM4946	17	17	0	0	scaffold_3	2394248	2444248
Aspergillus_fumigatus_CM4946	23	22	1	0	scaffold_3	758499	808499
Aspergillus_fumigatus_CM4946	18	17	1	0	scaffold_3	2842294	2892294
Aspergillus_fumigatus_CM4946	18	18	0	0	scaffold_1	2720803	2770803
Aspergillus_fumigatus_CM4946	17	13	4	0	scaffold_4	3552191	3602191
Aspergillus_fumigatus_CM4946	11	10	1	0	scaffold_4	2193485	2243485
Aspergillus_fumigatus_CM4946	17	17	0	0	scaffold_2	3992425	4042425
Aspergillus_fumigatus_CM4946	19	18	1	0	scaffold_3	2739081	2789081
Aspergillus_fumigatus_CM4946	18	17	1	0	scaffold_7	1266401	1316401
Aspergillus_fumigatus_CM4946	17	15	2	0	scaffold_6	2208827	2258827
Aspergillus_fumigatus_CM4946	17	15	2	0	scaffold_5	1588037	1638037
Aspergillus_fumigatus_CM4946	19	17	2	0	scaffold_2	2593945	2643945
Aspergillus_fumigatus_CM4946	17	17	0	0	scaffold_1	436508	486508
Aspergillus_fumigatus_CM4946	13	12	1	0	scaffold_1	847078	897078
Aspergillus_fumigatus_CM4946	18	17	1	0	scaffold_1	595405	645405
Aspergillus_fumigatus_CM4946	23	22	1	0	scaffold_4	989528	1039528
Aspergillus_fumigatus_CM4946	19	19	0	0	scaffold_2	1638129	1688129
Aspergillus_fumigatus_CM4946	15	14	1	0	scaffold_2	3475049	3525049
Aspergillus_fumigatus_CM4946	25	23	2	0	scaffold_6	2736005	2786005
Aspergillus_fumigatus_CM4946	18	17	1	0	scaffold_4	631342	681342
Aspergillus_fumigatus_CM4946	17	16	1	0	scaffold_2	1279943	1329943
Aspergillus_fumigatus_CM4946	17	16	1	0	scaffold_2	3061559	3111559
Aspergillus_fumigatus_CM4946	21	19	2	0	scaffold_3	255407	305407
Aspergillus_fumigatus_CM4946	22	21	1	0	scaffold_3	3589404	3639404
Aspergillus_fumigatus_CM4946	14	12	2	0	scaffold_8	503565	553565
Aspergillus_fumigatus_CM4946	12	11	1	0	scaffold_2	770368	820368
Aspergillus_fumigatus_CM4946	19	18	1	0	scaffold_3	3548549	3598549
Aspergillus_fumigatus_CM4946	20	20	0	0	scaffold_8	1135352	1185352
Aspergillus_fumigatus_CM4946	1	0	1	0	scaffold_7	1710037	1760037
Aspergillus_fumigatus_CM4946	15	14	1	0	scaffold_5	1836481	1886481
Aspergillus_fumigatus_CM4946	22	21	1	0	scaffold_3	7586	57586
Aspergillus_fumigatus_CM4946	26	23	3	0	scaffold_3	917174	967174
Aspergillus_fumigatus_CM4946	22	22	0	0	scaffold_6	2148172	2198172
Aspergillus_fumigatus_CM4946	19	19	0	0	scaffold_1	421299	471299
Aspergillus_fumigatus_CM4946	21	19	2	0	scaffold_2	722940	772940
Aspergillus_fumigatus_CM4946	22	22	0	0	scaffold_2	1754172	1804172
Aspergillus_fumigatus_CM4946	23	17	6	0	scaffold_2	2756228	2806228
Aspergillus_fumigatus_CM4946	17	16	1	0	scaffold_3	2757236	2807236
Aspergillus_fumigatus_CM4946	21	21	0	0	scaffold_5	608145	658145
Aspergillus_fumigatus_CM4946	20	20	0	0	scaffold_2	3521499	3571499
Aspergillus_fumigatus_CM4946	13	11	2	0	scaffold_6	2300310	2350310
Aspergillus_fumigatus_CM4946	18	18	0	0	scaffold_2	1504974	1554974
Aspergillus_fumigatus_CM4946	11	10	1	0	scaffold_6	416614	466614
Aspergillus_fumigatus_CM4946	20	19	1	0	scaffold_8	239066	289066
Aspergillus_fumigatus_CM4946	7	0	7	0	scaffold_2	113881	163881
Aspergillus_fumigatus_CM4946	23	22	1	0	scaffold_7	852759	902759
Aspergillus_fumigatus_CM4946	23	19	4	0	scaffold_2	339811	389811
Aspergillus_fumigatus_CM4946	6	5	1	0	scaffold_8	860397	910397
Aspergillus_fumigatus_CM4946	22	21	1	0	scaffold_4	338894	388894
Aspergillus_fumigatus_CM4946	20	15	5	0	scaffold_7	211362	261362
Aspergillus_fumigatus_CM4946	13	12	1	0	scaffold_1	930339	980339
Aspergillus_fumigatus_CM4946	17	17	0	0	scaffold_1	774034	824034
Aspergillus_fumigatus_CM4946	21	19	2	0	scaffold_5	2517002	2567002
Aspergillus_fumigatus_CM4946	18	16	1	1	scaffold_5	3178085	3228085
Aspergillus_fumigatus_CM4946	20	19	1	0	scaffold_4	3190360	3240360
Aspergillus_fumigatus_CM4946	19	18	1	0	scaffold_4	2814935	2864935
Aspergillus_fumigatus_CM4946	16	10	6	0	scaffold_6	198581	248581
Aspergillus_fumigatus_CM4946	16	15	1	0	scaffold_2	2453759	2503759
Aspergillus_fumigatus_CM4946	17	16	1	0	scaffold_1	1249776	1299776
Aspergillus_fumigatus_CM4946	20	19	1	0	scaffold_2	4305722	4355722
Aspergillus_fumigatus_CM4946	15	15	0	0	scaffold_1	3034133	3084133
Aspergillus_fumigatus_CM4946	19	14	5	0	scaffold_3	3485894	3535894
Aspergillus_fumigatus_CM4946	22	20	2	0	scaffold_8	715137	765137
Aspergillus_fumigatus_CM4946	17	15	2	0	scaffold_5	2545273	2595273
Aspergillus_fumigatus_CM4946	18	17	1	0	scaffold_1	1053697	1103697
Aspergillus_fumigatus_CM4946	17	17	0	0	scaffold_6	1170326	1220326
Aspergillus_fumigatus_CM4946	13	12	1	0	scaffold_1	2642104	2692104
Aspergillus_fumigatus_CM4946	20	20	0	0	scaffold_5	3507703	3557703
Aspergillus_fumigatus_CM4946	24	9	15	0	scaffold_5	2793060	2843060
Aspergillus_fumigatus_CM4946	17	16	1	0	scaffold_4	517459	567459
Aspergillus_fumigatus_CM4946	15	14	1	0	scaffold_3	982826	1032826
Aspergillus_fumigatus_CM4946	24	22	2	0	scaffold_8	42746	92746
Aspergillus_fumigatus_CM4946	15	14	1	0	scaffold_2	1541878	1591878
Aspergillus_fumigatus_CM4946	19	18	1	0	scaffold_1	1020975	1070975
Aspergillus_fumigatus_CM4946	7	7	0	0	scaffold_4	1206070	1256070
Aspergillus_fumigatus_CM4946	23	22	1	0	scaffold_1	3284904	3334904
Aspergillus_fumigatus_CM4946	17	17	0	0	scaffold_4	2050508	2100508
Aspergillus_fumigatus_CM4946	25	24	1	0	scaffold_2	1597219	1647219
Aspergillus_fumigatus_CM4946	18	18	0	0	scaffold_2	3172074	3222074
Aspergillus_fumigatus_CM4946	22	21	1	0	scaffold_4	3157217	3207217
Aspergillus_fumigatus_CM4946	19	17	2	0	scaffold_4	386993	436993
Aspergillus_fumigatus_CM4946	20	20	0	0	scaffold_2	1697033	1747033
Aspergillus_fumigatus_CM4946	19	19	0	0	scaffold_5	2015197	2065197
Aspergillus_fumigatus_CM4946	20	19	1	0	scaffold_6	1112264	1162264
Aspergillus_fumigatus_CM4946	16	15	1	0	scaffold_3	2262166	2312166
Aspergillus_fumigatus_CM4946	17	16	1	0	scaffold_1	958265	1008265
Aspergillus_fumigatus_CM4946	20	16	4	0	scaffold_8	1600043	1650043
Aspergillus_fumigatus_CM4946	14	13	1	0	scaffold_7	359398	409398
Aspergillus_fumigatus_CM4946	16	14	2	0	scaffold_2	3805708	3855708
Aspergillus_fumigatus_CM4946	21	21	0	0	scaffold_2	1685332	1735332
Aspergillus_fumigatus_CM4946	25	19	6	0	scaffold_3	829610	879610
Aspergillus_fumigatus_CM4946	16	14	2	0	scaffold_2	206516	256516
Aspergillus_fumigatus_CM4946	24	22	2	0	scaffold_6	2371262	2421262
Aspergillus_fumigatus_CM4946	3	3	0	0	scaffold_3	1024850	1074850
Aspergillus_fumigatus_CM4946	22	21	1	0	scaffold_4	3156343	3206343
Aspergillus_fumigatus_CM4946	22	19	2	1	scaffold_5	533341	583341
Aspergillus_fumigatus_CM4946	20	18	2	0	scaffold_2	2124910	2174910
Aspergillus_fumigatus_CM4946	17	15	2	0	scaffold_5	2542458	2592458
Aspergillus_fumigatus_CM4946	18	17	1	0	scaffold_7	1612253	1662253
Aspergillus_fumigatus_CM4946	20	17	3	0	scaffold_6	6598	56598
Aspergillus_fumigatus_CM4946	24	22	2	0	scaffold_2	2114443	2164443
Aspergillus_fumigatus_CM4946	17	17	0	0	scaffold_3	1546553	1596553
Aspergillus_fumigatus_CM4946	17	16	1	0	scaffold_2	1433344	1483344
Aspergillus_fumigatus_CM4946	20	20	0	0	scaffold_4	2092424	2142424
Aspergillus_fumigatus_CM4946	23	23	0	0	scaffold_5	853471	903471
Aspergillus_fumigatus_CM4946	17	16	1	0	scaffold_8	1027892	1077892
Aspergillus_fumigatus_CM4946	22	17	5	0	scaffold_6	2093395	2143395
Aspergillus_fumigatus_CM4946	19	19	0	0	scaffold_1	2507594	2557594
Aspergillus_fumigatus_CM4946	22	21	1	0	scaffold_8	1343334	1393334
Aspergillus_fumigatus_CM4946	22	22	0	0	scaffold_2	1743766	1793766
Aspergillus_fumigatus_CM4946	22	17	5	0	scaffold_3	472043	522043
Aspergillus_fumigatus_CM4946	18	16	2	0	scaffold_5	1570758	1620758
Aspergillus_fumigatus_CM4946	22	5	17	0	scaffold_5	2777186	2827186
Aspergillus_fumigatus_CM4946	19	16	3	0	scaffold_2	3085671	3135671
Aspergillus_fumigatus_CM4946	16	14	2	0	scaffold_2	895169	945169
Aspergillus_fumigatus_CM4946	11	10	1	0	scaffold_2	2068996	2118996
Aspergillus_fumigatus_CM4946	16	15	1	0	scaffold_5	2980242	3030242
Aspergillus_fumigatus_CM4946	24	22	2	0	scaffold_3	1989558	2039558
Aspergillus_fumigatus_CM4946	15	12	3	0	scaffold_5	2961451	3011451
Aspergillus_fumigatus_CM4946	25	24	1	0	scaffold_6	2756640	2806640
Aspergillus_fumigatus_CM4946	20	18	2	0	scaffold_8	427578	477578
Aspergillus_fumigatus_CM4946	22	19	3	0	scaffold_2	2244963	2294963
Aspergillus_fumigatus_CM4946	19	18	1	0	scaffold_4	1466422	1516422
Aspergillus_fumigatus_CM4946	16	13	3	0	scaffold_3	3043159	3093159
Aspergillus_fumigatus_CM4946	20	17	3	0	scaffold_3	644558	694558
Aspergillus_fumigatus_CM4946	22	17	5	0	scaffold_6	3091840	3141840
Aspergillus_fumigatus_CM4946	20	12	8	0	scaffold_5	2854803	2904803
Aspergillus_fumigatus_CM4946	15	13	2	0	scaffold_1	3359521	3409521
Aspergillus_fumigatus_CM4946	23	23	0	0	scaffold_5	2485915	2535915
Aspergillus_fumigatus_CM4946	20	19	1	0	scaffold_6	3059635	3109635
Aspergillus_fumigatus_CM4946	19	18	1	0	scaffold_8	94688	144688
Aspergillus_fumigatus_CM4946	21	19	2	0	scaffold_7	187671	237671
Aspergillus_fumigatus_CM4946	19	17	2	0	scaffold_8	433104	483104
Aspergillus_fumigatus_CM4946	5	0	5	0	scaffold_7	1886882	1936882
Aspergillus_fumigatus_CM4946	17	15	2	0	scaffold_5	3562516	3612516
Aspergillus_fumigatus_CM4946	18	18	0	0	scaffold_2	2822457	2872457
Aspergillus_fumigatus_CM4946	25	21	4	0	scaffold_4	3628266	3678266
Aspergillus_fumigatus_CM4946	23	20	3	0	scaffold_3	2105512	2155512
Aspergillus_fumigatus_CM4946	17	16	1	0	scaffold_3	1221230	1271230
Aspergillus_fumigatus_CM4946	23	21	2	0	scaffold_5	395554	445554
Aspergillus_fumigatus_CM4946	21	19	2	0	scaffold_2	2622697	2672697
Aspergillus_fumigatus_CM4946	14	12	2	0	scaffold_2	774604	824604
Aspergillus_fumigatus_CM4946	21	18	3	0	scaffold_6	12688	62688
Aspergillus_fumigatus_CM4946	14	14	0	0	scaffold_6	2645909	2695909
Aspergillus_fumigatus_CM4946	22	21	1	0	scaffold_3	8657	58657
Aspergillus_fumigatus_CM4946	27	25	2	0	scaffold_1	4662509	4712509
Aspergillus_fumigatus_CM4946	20	19	1	0	scaffold_8	1702931	1752931
Aspergillus_fumigatus_CM4946	21	19	2	0	scaffold_1	2372736	2422736
Aspergillus_fumigatus_CM4946	6	4	2	0	scaffold_4	1155878	1205878
Aspergillus_fumigatus_CM4946	16	16	0	0	scaffold_7	573066	623066
Aspergillus_fumigatus_CM4946	4	3	1	0	scaffold_5	1245204	1295204
Aspergillus_fumigatus_CM4946	13	13	0	0	scaffold_6	2638276	2688276
Aspergillus_fumigatus_CM4946	19	18	1	0	scaffold_3	2853819	2903819
Aspergillus_fumigatus_CM4946	17	15	2	0	scaffold_3	1148428	1198428
Aspergillus_fumigatus_CM4946	15	12	3	0	scaffold_5	2961820	3011820
Aspergillus_fumigatus_CM4946	21	20	1	0	scaffold_6	324677	374677
Aspergillus_fumigatus_CM4946	25	19	6	0	scaffold_3	829420	879420
Aspergillus_fumigatus_CM4946	20	18	2	0	scaffold_8	1304342	1354342
Aspergillus_fumigatus_CM4946	20	18	2	0	scaffold_2	3074731	3124731
Aspergillus_fumigatus_CM4946	4	0	4	0	scaffold_7	1854378	1904378
Aspergillus_fumigatus_CM4946	20	19	1	0	scaffold_7	529618	579618
Aspergillus_fumigatus_CM4946	27	23	4	0	scaffold_6	3239560	3289560
Aspergillus_fumigatus_CM4946	18	16	2	0	scaffold_4	1850709	1900709
Aspergillus_fumigatus_CM4946	23	22	1	0	scaffold_6	736967	786967
Aspergillus_fumigatus_CM4946	16	14	2	0	scaffold_2	878467	928467
Aspergillus_fumigatus_CM4946	18	17	1	0	scaffold_3	706759	756759
Aspergillus_fumigatus_CM4946	20	20	0	0	scaffold_2	2538186	2588186
Aspergillus_fumigatus_CM4946	12	11	1	0	scaffold_1	850616	900616
Aspergillus_fumigatus_CM4946	17	15	2	0	scaffold_4	1725216	1775216
Aspergillus_fumigatus_CM4946	20	19	1	0	scaffold_6	2134183	2184183
Aspergillus_fumigatus_CM4946	24	21	3	0	scaffold_7	1175420	1225420
Aspergillus_fumigatus_CM4946	20	20	0	0	scaffold_2	1709706	1759706
Aspergillus_fumigatus_CM4946	20	9	11	0	scaffold_2	4584273	4634273
Aspergillus_fumigatus_CM4946	21	17	4	0	scaffold_1	168404	218404
Aspergillus_fumigatus_CM4946	21	20	1	0	scaffold_1	2478367	2528367
Aspergillus_fumigatus_CM4946	17	15	2	0	scaffold_1	3408120	3458120
Aspergillus_fumigatus_CM4946	25	20	5	0	scaffold_3	2194046	2244046
Aspergillus_fumigatus_CM4946	16	16	0	0	scaffold_2	1130102	1180102
Aspergillus_fumigatus_CM4946	16	15	1	0	scaffold_3	3095942	3145942
Aspergillus_fumigatus_CM4946	20	19	1	0	scaffold_3	176219	226219
Aspergillus_fumigatus_CM4946	21	20	1	0	scaffold_4	1591352	1641352
Aspergillus_fumigatus_CM4946	22	20	2	0	scaffold_8	1763264	1813264
Aspergillus_fumigatus_CM4946	19	18	1	0	scaffold_4	300970	350970
Aspergillus_fumigatus_CM4946	19	19	0	0	scaffold_8	1161571	1211571
Aspergillus_fumigatus_CM4946	10	1	9	0	scaffold_7	1782393	1832393
Aspergillus_fumigatus_CM4946	17	16	1	0	scaffold_7	1081360	1131360
Aspergillus_fumigatus_CM4946	24	19	5	0	scaffold_4	228031	278031
Aspergillus_fumigatus_CM4946	20	20	0	0	scaffold_4	2905521	2955521
Aspergillus_fumigatus_CM4946	16	13	3	0	scaffold_2	742200	792200
Aspergillus_fumigatus_CM4946	20	18	2	0	scaffold_3	2492139	2542139
Aspergillus_fumigatus_CM4946	20	19	1	0	scaffold_3	2584108	2634108
Aspergillus_fumigatus_CM4946	16	15	1	0	scaffold_3	2258482	2308482
Aspergillus_fumigatus_CM4946	14	14	0	0	scaffold_4	1787784	1837784
Aspergillus_fumigatus_CM4946	13	13	0	0	scaffold_4	1506816	1556816
Aspergillus_fumigatus_CM4946	14	14	0	0	scaffold_4	2150314	2200314
Aspergillus_fumigatus_CM4946	22	20	2	0	scaffold_6	57689	107689
Aspergillus_fumigatus_CM4946	24	22	2	0	scaffold_5	629154	679154
Aspergillus_fumigatus_CM4946	20	19	1	0	scaffold_8	623878	673878
Aspergillus_fumigatus_CM4946	21	19	2	0	scaffold_6	3400075	3450075
Aspergillus_fumigatus_CM4946	18	17	1	0	scaffold_5	1279116	1329116
Aspergillus_fumigatus_CM4946	18	18	0	0	scaffold_2	2381733	2431733
Aspergillus_fumigatus_CM4946	13	12	1	0	scaffold_2	762407	812407
Aspergillus_fumigatus_CM4946	17	15	2	0	scaffold_1	2866386	2916386
Aspergillus_fumigatus_CM4946	17	17	0	0	scaffold_5	3000835	3050835
Aspergillus_fumigatus_CM4946	1	0	1	0	scaffold_2	40138	90138
Aspergillus_fumigatus_CM4946	13	13	0	0	scaffold_4	1939405	1989405
Aspergillus_fumigatus_CM4946	23	22	1	0	scaffold_7	53120	103120
Aspergillus_fumigatus_CM4946	24	24	0	0	scaffold_5	2478929	2528929
Aspergillus_fumigatus_CM4946	20	18	2	0	scaffold_3	1112752	1162752
Aspergillus_fumigatus_CM4946	18	16	2	0	scaffold_3	693257	743257
Aspergillus_fumigatus_CM4946	17	17	0	0	scaffold_3	2724109	2774109
Aspergillus_fumigatus_CM4946	22	17	5	0	scaffold_1	16047	66047
Aspergillus_fumigatus_CM4946	19	19	0	0	scaffold_2	1785687	1835687
Aspergillus_fumigatus_CM4946	4	4	0	0	scaffold_2	2008815	2058815
Aspergillus_fumigatus_CM4946	23	23	0	0	scaffold_7	1447768	1497768
Aspergillus_fumigatus_CM4946	21	20	1	0	scaffold_7	906634	956634
Aspergillus_fumigatus_CM4946	1	0	1	0	scaffold_7	1724696	1774696
Aspergillus_fumigatus_CM4946	10	9	1	0	scaffold_4	2175842	2225842
Aspergillus_fumigatus_CM4946	19	18	1	0	scaffold_4	366187	416187
Aspergillus_fumigatus_CM4946	22	21	1	0	scaffold_1	562742	612742
Aspergillus_fumigatus_CM4946	15	15	0	0	scaffold_4	1521504	1571504
Aspergillus_fumigatus_CM4946	13	10	3	0	scaffold_8	995542	1045542
Aspergillus_fumigatus_CM4946	17	16	1	0	scaffold_2	3159282	3209282
Aspergillus_fumigatus_CM4946	14	14	0	0	scaffold_1	475790	525790
Aspergillus_fumigatus_CM4946	23	16	7	0	scaffold_7	1355212	1405212
Aspergillus_fumigatus_CM4946	18	16	2	0	scaffold_3	2291404	2341404
Aspergillus_fumigatus_CM4946	15	14	1	0	scaffold_3	1160131	1210131
Aspergillus_fumigatus_CM4946	23	18	5	0	scaffold_6	2090181	2140181
Aspergillus_fumigatus_CM4946	0	0	0	0	scaffold_1	1669885	1719885
Aspergillus_fumigatus_CM4946	18	15	3	0	scaffold_1	3583713	3633713
Aspergillus_fumigatus_CM4946	17	15	2	0	scaffold_6	2201976	2251976
Aspergillus_fumigatus_CM4946	22	19	3	0	scaffold_5	1885186	1935186
Aspergillus_fumigatus_CM4946	20	19	1	0	scaffold_5	1348667	1398667
Aspergillus_fumigatus_CM4946	28	27	1	0	scaffold_6	715918	765918
Aspergillus_fumigatus_CM4946	21	20	1	0	scaffold_3	1338734	1388734
Aspergillus_fumigatus_CM4946	16	14	2	0	scaffold_5	467137	517137
Aspergillus_fumigatus_CM4946	21	20	1	0	scaffold_4	960602	1010602
Aspergillus_fumigatus_CM4946	20	17	3	0	scaffold_8	344518	394518
Aspergillus_fumigatus_CM4946	16	12	4	0	scaffold_3	1701941	1751941
Aspergillus_fumigatus_CM4946	19	19	0	0	scaffold_1	285518	335518
Aspergillus_fumigatus_CM4946	22	21	1	0	scaffold_3	81081	131081
Aspergillus_fumigatus_CM4946	17	17	0	0	scaffold_1	674710	724710
Aspergillus_fumigatus_CM4946	30	24	6	0	scaffold_3	2155609	2205609
Aspergillus_fumigatus_CM4946	25	24	1	0	scaffold_6	726261	776261
Aspergillus_fumigatus_CM4946	16	16	0	0	scaffold_5	2693505	2743505
Aspergillus_fumigatus_CM4946	14	6	8	0	scaffold_5	208585	258585
Aspergillus_fumigatus_CM4946	16	16	0	0	scaffold_2	1122764	1172764
Aspergillus_fumigatus_CM4946	20	20	0	0	scaffold_1	643805	693805
Aspergillus_fumigatus_CM4946	21	20	1	0	scaffold_6	1492121	1542121
Aspergillus_fumigatus_CM4946	19	18	1	0	scaffold_7	524379	574379
Aspergillus_fumigatus_CM4946	15	13	2	0	scaffold_5	1802656	1852656
Aspergillus_fumigatus_CM4946	21	21	0	0	scaffold_2	4015885	4065885
Aspergillus_fumigatus_CM4946	18	16	2	0	scaffold_3	627027	677027
Aspergillus_fumigatus_CM4946	19	18	1	0	scaffold_6	854626	904626
Aspergillus_fumigatus_CM4946	18	18	0	0	scaffold_5	1665635	1715635
Aspergillus_fumigatus_CM4946	20	19	1	0	scaffold_6	786826	836826
Aspergillus_fumigatus_CM4946	16	16	0	0	scaffold_1	682710	732710
Aspergillus_fumigatus_CM4946	20	17	3	0	scaffold_5	3309012	3359012
Aspergillus_fumigatus_CM4946	23	17	5	1	scaffold_3	3364372	3414372
Aspergillus_fumigatus_CM4946	13	12	1	0	scaffold_1	1293610	1343610
Aspergillus_fumigatus_CM4946	21	20	1	0	scaffold_3	770429	820429
Aspergillus_fumigatus_CM4946	19	17	2	0	scaffold_8	1256208	1306208
Aspergillus_fumigatus_CM4946	20	20	0	0	scaffold_4	934745	984745
Aspergillus_fumigatus_CM4946	23	21	2	0	scaffold_2	241505	291505
Aspergillus_fumigatus_CM4946	21	19	2	0	scaffold_5	2523883	2573883
Aspergillus_fumigatus_CM4946	22	21	1	0	scaffold_3	3591783	3641783
Aspergillus_fumigatus_CM4946	20	17	3	0	scaffold_2	1873083	1923083
Aspergillus_fumigatus_CM4946	14	11	2	1	scaffold_3	3388680	3438680
Aspergillus_fumigatus_CM4946	20	18	2	0	scaffold_4	1626892	1676892
Aspergillus_fumigatus_CM4946	20	15	5	0	scaffold_1	1555478	1605478
Aspergillus_fumigatus_CM4946	24	22	2	0	scaffold_6	2778091	2828091
Aspergillus_fumigatus_CM4946	16	16	0	0	scaffold_5	1673909	1723909
Aspergillus_fumigatus_CM4946	18	17	1	0	scaffold_6	2987904	3037904
Aspergillus_fumigatus_CM4946	17	13	4	0	scaffold_1	1577104	1627104
Aspergillus_fumigatus_CM4946	16	16	0	0	scaffold_5	2646489	2696489
Aspergillus_fumigatus_CM4946	24	20	4	0	scaffold_1	3878677	3928677
Aspergillus_fumigatus_CM4946	18	17	1	0	scaffold_2	2308730	2358730
Aspergillus_fumigatus_CM4946	15	14	1	0	scaffold_4	1451632	1501632
Aspergillus_fumigatus_CM4946	18	18	0	0	scaffold_6	351280	401280
Aspergillus_fumigatus_CM4946	9	4	5	0	scaffold_7	1651314	1701314
Aspergillus_fumigatus_CM4946	21	4	17	0	scaffold_1	4399687	4449687
Aspergillus_fumigatus_CM4946	19	17	2	0	scaffold_6	2995217	3045217
Aspergillus_fumigatus_CM4946	17	16	1	0	scaffold_3	1203557	1253557
Aspergillus_fumigatus_CM4946	17	17	0	0	scaffold_5	2638579	2688579
Aspergillus_fumigatus_CM4946	20	19	1	0	scaffold_4	1577386	1627386
Aspergillus_fumigatus_CM4946	18	16	2	0	scaffold_5	329460	379460
Aspergillus_fumigatus_CM4946	14	13	1	0	scaffold_3	1813384	1863384
Aspergillus_fumigatus_CM4946	14	14	0	0	scaffold_5	2561706	2611706
Aspergillus_fumigatus_CM4946	12	12	0	0	scaffold_4	1379522	1429522
Aspergillus_fumigatus_CM4946	17	15	2	0	scaffold_2	3131640	3181640
Aspergillus_fumigatus_CM4946	23	20	3	0	scaffold_5	2442125	2492125
Aspergillus_fumigatus_CM4946	16	15	1	0	scaffold_2	1402957	1452957
Aspergillus_fumigatus_CM4946	11	10	1	0	scaffold_2	186024	236024
Aspergillus_fumigatus_CM4946	19	17	2	0	scaffold_5	2297307	2347307
Aspergillus_fumigatus_CM4946	20	18	2	0	scaffold_5	1890592	1940592
Aspergillus_fumigatus_CM4946	0	0	0	0	scaffold_6	2881755	2931755
Aspergillus_fumigatus_CM4946	15	14	1	0	scaffold_3	1794790	1844790
