STRAIN	TOTAL	CORE	ACCESSORY	SINGLETON	CHROM	START	END
Aspergillus_fumigatus_CM3248	31	30	1	0	scaffold_3	3022764	3122764
Aspergillus_fumigatus_CM3248	52	47	5	0	scaffold_3	4015191	4115191
Aspergillus_fumigatus_CM3248	35	34	1	0	scaffold_5	1504608	1604608
Aspergillus_fumigatus_CM3248	33	32	1	0	scaffold_6	1759924	1859924
Aspergillus_fumigatus_CM3248	35	30	5	0	scaffold_6	1168285	1268285
Aspergillus_fumigatus_CM3248	42	33	9	0	scaffold_7	71001	171001
Aspergillus_fumigatus_CM3248	29	26	3	0	scaffold_6	266304	366304
Aspergillus_fumigatus_CM3248	38	32	6	0	scaffold_2	736603	836603
Aspergillus_fumigatus_CM3248	37	33	4	0	scaffold_2	4516086	4616086
Aspergillus_fumigatus_CM3248	49	45	4	0	scaffold_3	3966931	4066931
Aspergillus_fumigatus_CM3248	33	29	4	0	scaffold_6	1294866	1394866
Aspergillus_fumigatus_CM3248	34	32	2	0	scaffold_8	1288259	1388259
Aspergillus_fumigatus_CM3248	40	37	3	0	scaffold_4	2576849	2676849
Aspergillus_fumigatus_CM3248	32	28	4	0	scaffold_7	966635	1066635
Aspergillus_fumigatus_CM3248	39	35	4	0	scaffold_2	3590992	3690992
Aspergillus_fumigatus_CM3248	40	37	3	0	scaffold_1	275329	375329
Aspergillus_fumigatus_CM3248	39	35	4	0	scaffold_2	3585791	3685791
Aspergillus_fumigatus_CM3248	35	33	2	0	scaffold_2	3298368	3398368
Aspergillus_fumigatus_CM3248	31	30	1	0	scaffold_2	1174815	1274815
Aspergillus_fumigatus_CM3248	44	42	2	0	scaffold_1	300427	400427
Aspergillus_fumigatus_CM3248	42	38	4	0	scaffold_3	883349	983349
Aspergillus_fumigatus_CM3248	36	35	1	0	scaffold_5	1484974	1584974
Aspergillus_fumigatus_CM3248	37	36	1	0	scaffold_2	4246183	4346183
Aspergillus_fumigatus_CM3248	34	30	4	0	scaffold_4	1868283	1968283
Aspergillus_fumigatus_CM3248	32	29	3	0	scaffold_5	112417	212417
Aspergillus_fumigatus_CM3248	44	41	3	0	scaffold_3	163280	263280
Aspergillus_fumigatus_CM3248	45	42	3	0	scaffold_5	706684	806684
Aspergillus_fumigatus_CM3248	40	35	5	0	scaffold_6	2721666	2821666
Aspergillus_fumigatus_CM3248	32	32	0	0	scaffold_5	2980714	3080714
Aspergillus_fumigatus_CM3248	41	36	5	0	scaffold_6	2339517	2439517
Aspergillus_fumigatus_CM3248	45	43	2	0	scaffold_6	587981	687981
Aspergillus_fumigatus_CM3248	44	41	3	0	scaffold_3	374928	474928
Aspergillus_fumigatus_CM3248	40	36	4	0	scaffold_8	454836	554836
Aspergillus_fumigatus_CM3248	38	36	2	0	scaffold_3	2180656	2280656
Aspergillus_fumigatus_CM3248	46	43	3	0	scaffold_3	3955080	4055080
Aspergillus_fumigatus_CM3248	34	31	3	0	scaffold_1	551877	651877
Aspergillus_fumigatus_CM3248	35	33	2	0	scaffold_3	2895039	2995039
Aspergillus_fumigatus_CM3248	45	40	5	0	scaffold_6	620110	720110
Aspergillus_fumigatus_CM3248	37	34	3	0	scaffold_3	2125097	2225097
Aspergillus_fumigatus_CM3248	47	43	4	0	scaffold_3	95957	195957
Aspergillus_fumigatus_CM3248	23	19	4	0	scaffold_1	2171913	2271913
Aspergillus_fumigatus_CM3248	41	35	6	0	scaffold_1	3374188	3474188
Aspergillus_fumigatus_CM3248	34	31	3	0	scaffold_1	3000483	3100483
Aspergillus_fumigatus_CM3248	36	33	3	0	scaffold_2	1798747	1898747
Aspergillus_fumigatus_CM3248	36	33	3	0	scaffold_8	972345	1072345
Aspergillus_fumigatus_CM3248	37	35	2	0	scaffold_7	1069517	1169517
Aspergillus_fumigatus_CM3248	36	36	0	0	scaffold_4	2716431	2816431
Aspergillus_fumigatus_CM3248	39	37	2	0	scaffold_6	748681	848681
Aspergillus_fumigatus_CM3248	23	23	0	0	scaffold_4	2202515	2302515
Aspergillus_fumigatus_CM3248	34	32	2	0	scaffold_7	1050545	1150545
Aspergillus_fumigatus_CM3248	21	18	3	0	scaffold_6	1201667	1301667
Aspergillus_fumigatus_CM3248	44	41	3	0	scaffold_3	375287	475287
Aspergillus_fumigatus_CM3248	34	29	5	0	scaffold_3	2551765	2651765
Aspergillus_fumigatus_CM3248	33	30	3	0	scaffold_6	3325607	3425607
Aspergillus_fumigatus_CM3248	22	11	11	0	scaffold_3	1022352	1122352
Aspergillus_fumigatus_CM3248	19	19	0	0	scaffold_4	2186817	2286817
Aspergillus_fumigatus_CM3248	41	36	5	0	scaffold_2	1024336	1124336
Aspergillus_fumigatus_CM3248	43	43	0	0	scaffold_2	1699393	1799393
Aspergillus_fumigatus_CM3248	35	27	8	0	scaffold_7	1681614	1781614
Aspergillus_fumigatus_CM3248	37	21	16	0	scaffold_1	4337044	4437044
Aspergillus_fumigatus_CM3248	37	36	1	0	scaffold_2	4246274	4346274
Aspergillus_fumigatus_CM3248	46	41	5	0	scaffold_2	2183891	2283891
Aspergillus_fumigatus_CM3248	46	41	5	0	scaffold_1	4784174	4884174
Aspergillus_fumigatus_CM3248	36	34	2	0	scaffold_7	1111852	1211852
Aspergillus_fumigatus_CM3248	39	34	5	0	scaffold_1	3493456	3593456
Aspergillus_fumigatus_CM3248	31	30	1	0	scaffold_3	1386235	1486235
Aspergillus_fumigatus_CM3248	36	33	3	0	scaffold_3	2078172	2178172
Aspergillus_fumigatus_CM3248	34	30	4	0	scaffold_8	580150	680150
Aspergillus_fumigatus_CM3248	30	25	5	0	scaffold_7	526416	626416
Aspergillus_fumigatus_CM3248	7	6	1	0	scaffold_5	19829	119829
Aspergillus_fumigatus_CM3248	33	2	31	0	scaffold_1	4401033	4501033
Aspergillus_fumigatus_CM3248	38	34	4	0	scaffold_3	4044393	4144393
Aspergillus_fumigatus_CM3248	37	33	4	0	scaffold_2	3597795	3697795
Aspergillus_fumigatus_CM3248	45	41	4	0	scaffold_6	1542849	1642849
Aspergillus_fumigatus_CM3248	38	35	3	0	scaffold_6	960063	1060063
Aspergillus_fumigatus_CM3248	36	32	4	0	scaffold_4	3369664	3469664
Aspergillus_fumigatus_CM3248	38	34	4	0	scaffold_5	1922806	2022806
Aspergillus_fumigatus_CM3248	39	34	5	0	scaffold_3	3825243	3925243
Aspergillus_fumigatus_CM3248	32	23	9	0	scaffold_3	3698287	3798287
Aspergillus_fumigatus_CM3248	51	34	17	0	scaffold_7	1487140	1587140
Aspergillus_fumigatus_CM3248	32	30	2	0	scaffold_6	328328	428328
Aspergillus_fumigatus_CM3248	33	17	16	0	scaffold_3	571500	671500
Aspergillus_fumigatus_CM3248	39	36	3	0	scaffold_4	1805420	1905420
Aspergillus_fumigatus_CM3248	37	33	4	0	scaffold_6	2912561	3012561
Aspergillus_fumigatus_CM3248	46	40	6	0	scaffold_3	455578	555578
Aspergillus_fumigatus_CM3248	39	39	0	0	scaffold_4	2069599	2169599
Aspergillus_fumigatus_CM3248	41	34	7	0	scaffold_5	3267171	3367171
Aspergillus_fumigatus_CM3248	29	25	4	0	scaffold_3	2473458	2573458
Aspergillus_fumigatus_CM3248	22	20	2	0	scaffold_2	1503605	1603605
Aspergillus_fumigatus_CM3248	35	33	2	0	scaffold_6	1621875	1721875
Aspergillus_fumigatus_CM3248	41	36	5	0	scaffold_2	1865831	1965831
Aspergillus_fumigatus_CM3248	31	27	4	0	scaffold_2	1424469	1524469
Aspergillus_fumigatus_CM3248	39	37	2	0	scaffold_2	3012060	3112060
Aspergillus_fumigatus_CM3248	34	29	5	0	scaffold_1	4122372	4222372
Aspergillus_fumigatus_CM3248	35	33	2	0	scaffold_2	4458006	4558006
Aspergillus_fumigatus_CM3248	37	35	2	0	scaffold_8	984485	1084485
Aspergillus_fumigatus_CM3248	39	34	5	0	scaffold_2	2090801	2190801
Aspergillus_fumigatus_CM3248	16	15	1	0	scaffold_8	674406	774406
Aspergillus_fumigatus_CM3248	33	31	2	0	scaffold_2	1334857	1434857
Aspergillus_fumigatus_CM3248	40	37	3	0	scaffold_4	1551849	1651849
Aspergillus_fumigatus_CM3248	40	36	4	0	scaffold_3	2727479	2827479
Aspergillus_fumigatus_CM3248	39	37	2	0	scaffold_4	2884662	2984662
Aspergillus_fumigatus_CM3248	38	38	0	0	scaffold_4	2627231	2727231
Aspergillus_fumigatus_CM3248	39	34	5	0	scaffold_4	397660	497660
Aspergillus_fumigatus_CM3248	44	40	4	0	scaffold_1	3897974	3997974
Aspergillus_fumigatus_CM3248	43	42	1	0	scaffold_4	988953	1088953
Aspergillus_fumigatus_CM3248	32	29	3	0	scaffold_6	2586321	2686321
Aspergillus_fumigatus_CM3248	41	39	2	0	scaffold_1	2600104	2700104
Aspergillus_fumigatus_CM3248	41	32	9	0	scaffold_7	79574	179574
Aspergillus_fumigatus_CM3248	21	20	1	0	scaffold_1	1921510	2021510
Aspergillus_fumigatus_CM3248	35	32	3	0	scaffold_1	2936001	3036001
Aspergillus_fumigatus_CM3248	28	26	2	0	scaffold_2	2676883	2776883
Aspergillus_fumigatus_CM3248	38	34	4	0	scaffold_3	1345262	1445262
Aspergillus_fumigatus_CM3248	40	36	4	0	scaffold_5	1989600	2089600
Aspergillus_fumigatus_CM3248	40	34	6	0	scaffold_3	266908	366908
Aspergillus_fumigatus_CM3248	37	35	2	0	scaffold_6	1591186	1691186
Aspergillus_fumigatus_CM3248	30	29	1	0	scaffold_5	2539596	2639596
Aspergillus_fumigatus_CM3248	42	36	6	0	scaffold_5	471453	571453
Aspergillus_fumigatus_CM3248	38	36	2	0	scaffold_3	1558700	1658700
Aspergillus_fumigatus_CM3248	38	32	6	0	scaffold_7	448025	548025
Aspergillus_fumigatus_CM3248	41	36	5	0	scaffold_8	112103	212103
Aspergillus_fumigatus_CM3248	30	29	1	0	scaffold_1	2900814	3000814
Aspergillus_fumigatus_CM3248	34	32	2	0	scaffold_8	966389	1066389
Aspergillus_fumigatus_CM3248	42	39	3	0	scaffold_6	1550516	1650516
Aspergillus_fumigatus_CM3248	41	34	7	0	scaffold_4	1628890	1728890
Aspergillus_fumigatus_CM3248	20	17	3	0	scaffold_3	1080790	1180790
Aspergillus_fumigatus_CM3248	41	35	6	0	scaffold_4	2470538	2570538
Aspergillus_fumigatus_CM3248	34	32	2	0	scaffold_3	1488330	1588330
Aspergillus_fumigatus_CM3248	39	37	2	0	scaffold_5	1321268	1421268
Aspergillus_fumigatus_CM3248	39	35	4	0	scaffold_5	1904940	2004940
Aspergillus_fumigatus_CM3248	43	37	6	0	scaffold_3	284735	384735
Aspergillus_fumigatus_CM3248	34	30	4	0	scaffold_3	2545261	2645261
Aspergillus_fumigatus_CM3248	36	28	8	0	scaffold_3	3768256	3868256
Aspergillus_fumigatus_CM3248	39	28	11	0	scaffold_5	2149225	2249225
Aspergillus_fumigatus_CM3248	39	35	4	0	scaffold_7	150317	250317
Aspergillus_fumigatus_CM3248	39	37	2	0	scaffold_5	1687614	1787614
Aspergillus_fumigatus_CM3248	40	38	2	0	scaffold_3	3918295	4018295
Aspergillus_fumigatus_CM3248	45	35	10	0	scaffold_1	69886	169886
Aspergillus_fumigatus_CM3248	45	37	8	0	scaffold_4	137569	237569
Aspergillus_fumigatus_CM3248	28	25	3	0	scaffold_5	347039	447039
Aspergillus_fumigatus_CM3248	43	39	4	0	scaffold_1	3900639	4000639
Aspergillus_fumigatus_CM3248	35	30	5	0	scaffold_6	2569047	2669047
Aspergillus_fumigatus_CM3248	29	27	2	0	scaffold_1	2884755	2984755
Aspergillus_fumigatus_CM3248	41	35	6	0	scaffold_1	3271043	3371043
Aspergillus_fumigatus_CM3248	42	38	4	0	scaffold_5	1593230	1693230
Aspergillus_fumigatus_CM3248	30	28	2	0	scaffold_2	3843876	3943876
Aspergillus_fumigatus_CM3248	30	28	2	0	scaffold_5	2682818	2782818
Aspergillus_fumigatus_CM3248	39	27	12	0	scaffold_1	4322876	4422876
Aspergillus_fumigatus_CM3248	41	41	0	0	scaffold_5	1775746	1875746
Aspergillus_fumigatus_CM3248	38	36	2	0	scaffold_4	2003551	2103551
Aspergillus_fumigatus_CM3248	30	29	1	0	scaffold_3	1378545	1478545
Aspergillus_fumigatus_CM3248	37	32	5	0	scaffold_1	3114704	3214704
Aspergillus_fumigatus_CM3248	42	39	3	0	scaffold_6	1552849	1652849
Aspergillus_fumigatus_CM3248	29	27	2	0	scaffold_4	1881059	1981059
Aspergillus_fumigatus_CM3248	32	31	1	0	scaffold_1	2853850	2953850
Aspergillus_fumigatus_CM3248	39	34	5	0	scaffold_5	1956466	2056466
Aspergillus_fumigatus_CM3248	34	32	2	0	scaffold_4	789190	889190
Aspergillus_fumigatus_CM3248	44	39	5	0	scaffold_6	2420010	2520010
Aspergillus_fumigatus_CM3248	46	42	4	0	scaffold_2	237047	337047
Aspergillus_fumigatus_CM3248	35	33	2	0	scaffold_6	937878	1037878
Aspergillus_fumigatus_CM3248	40	37	3	0	scaffold_5	2453776	2553776
Aspergillus_fumigatus_CM3248	44	39	5	0	scaffold_3	1142410	1242410
Aspergillus_fumigatus_CM3248	16	14	2	0	scaffold_8	679814	779814
Aspergillus_fumigatus_CM3248	39	37	2	0	scaffold_1	320132	420132
Aspergillus_fumigatus_CM3248	32	31	1	0	scaffold_6	1741813	1841813
Aspergillus_fumigatus_CM3248	31	28	3	0	scaffold_8	1264916	1364916
Aspergillus_fumigatus_CM3248	36	33	3	0	scaffold_5	3398786	3498786
Aspergillus_fumigatus_CM3248	11	11	0	0	scaffold_1	2006422	2106422
Aspergillus_fumigatus_CM3248	35	32	3	0	scaffold_8	74717	174717
Aspergillus_fumigatus_CM3248	33	30	3	0	scaffold_6	2860444	2960444
Aspergillus_fumigatus_CM3248	34	32	2	0	scaffold_1	2094512	2194512
Aspergillus_fumigatus_CM3248	43	35	8	0	scaffold_5	277854	377854
Aspergillus_fumigatus_CM3248	45	41	4	0	scaffold_1	4793769	4893769
Aspergillus_fumigatus_CM3248	39	35	4	0	scaffold_7	351775	451775
Aspergillus_fumigatus_CM3248	34	32	2	0	scaffold_4	2311276	2411276
Aspergillus_fumigatus_CM3248	43	43	0	0	scaffold_5	2851653	2951653
Aspergillus_fumigatus_CM3248	28	28	0	0	scaffold_5	2767854	2867854
Aspergillus_fumigatus_CM3248	38	36	2	0	scaffold_4	2842090	2942090
Aspergillus_fumigatus_CM3248	36	28	8	0	scaffold_3	829234	929234
Aspergillus_fumigatus_CM3248	41	39	2	0	scaffold_6	738053	838053
Aspergillus_fumigatus_CM3248	38	14	24	0	scaffold_1	4601383	4701383
Aspergillus_fumigatus_CM3248	39	37	2	0	scaffold_7	745207	845207
Aspergillus_fumigatus_CM3248	37	35	2	0	scaffold_6	2659768	2759768
Aspergillus_fumigatus_CM3248	32	30	2	0	scaffold_2	3855141	3955141
Aspergillus_fumigatus_CM3248	36	30	6	0	scaffold_1	1282765	1382765
Aspergillus_fumigatus_CM3248	42	39	3	0	scaffold_3	2142115	2242115
Aspergillus_fumigatus_CM3248	41	39	2	0	scaffold_8	946836	1046836
Aspergillus_fumigatus_CM3248	30	27	3	0	scaffold_5	1416158	1516158
Aspergillus_fumigatus_CM3248	36	28	8	0	scaffold_6	2763282	2863282
Aspergillus_fumigatus_CM3248	38	33	5	0	scaffold_5	208605	308605
Aspergillus_fumigatus_CM3248	42	38	4	0	scaffold_7	324160	424160
Aspergillus_fumigatus_CM3248	43	39	4	0	scaffold_7	1809313	1909313
Aspergillus_fumigatus_CM3248	41	39	2	0	scaffold_5	983047	1083047
Aspergillus_fumigatus_CM3248	41	33	8	0	scaffold_1	170762	270762
Aspergillus_fumigatus_CM3248	40	35	5	0	scaffold_4	3464954	3564954
Aspergillus_fumigatus_CM3248	51	43	8	0	scaffold_4	3669261	3769261
Aspergillus_fumigatus_CM3248	36	33	2	1	scaffold_3	3480930	3580930
Aspergillus_fumigatus_CM3248	40	37	3	0	scaffold_2	2847652	2947652
Aspergillus_fumigatus_CM3248	33	29	4	0	scaffold_8	816562	916562
Aspergillus_fumigatus_CM3248	38	36	2	0	scaffold_5	895276	995276
Aspergillus_fumigatus_CM3248	38	34	4	0	scaffold_1	1337853	1437853
Aspergillus_fumigatus_CM3248	40	36	4	0	scaffold_3	3144118	3244118
Aspergillus_fumigatus_CM3248	39	30	9	0	scaffold_2	684368	784368
Aspergillus_fumigatus_CM3248	45	38	7	0	scaffold_4	3493114	3593114
Aspergillus_fumigatus_CM3248	40	37	3	0	scaffold_5	2454251	2554251
Aspergillus_fumigatus_CM3248	35	33	2	0	scaffold_6	2631117	2731117
Aspergillus_fumigatus_CM3248	45	37	8	0	scaffold_1	20911	120911
Aspergillus_fumigatus_CM3248	41	38	3	0	scaffold_2	2818577	2918577
Aspergillus_fumigatus_CM3248	33	31	2	0	scaffold_1	1474333	1574333
Aspergillus_fumigatus_CM3248	35	33	2	0	scaffold_3	3049817	3149817
Aspergillus_fumigatus_CM3248	44	44	0	0	scaffold_5	2878012	2978012
Aspergillus_fumigatus_CM3248	38	32	6	0	scaffold_6	2748743	2848743
Aspergillus_fumigatus_CM3248	18	14	4	0	scaffold_6	155161	255161
Aspergillus_fumigatus_CM3248	29	27	2	0	scaffold_2	1223611	1323611
Aspergillus_fumigatus_CM3248	40	39	1	0	scaffold_1	488048	588048
Aspergillus_fumigatus_CM3248	33	32	1	0	scaffold_6	1743972	1843972
Aspergillus_fumigatus_CM3248	36	34	2	0	scaffold_4	825813	925813
Aspergillus_fumigatus_CM3248	32	26	6	0	scaffold_6	2809307	2909307
Aspergillus_fumigatus_CM3248	41	33	8	0	scaffold_4	1602591	1702591
Aspergillus_fumigatus_CM3248	38	36	2	0	scaffold_1	2752788	2852788
Aspergillus_fumigatus_CM3248	25	25	0	0	scaffold_5	2732134	2832134
Aspergillus_fumigatus_CM3248	31	31	0	0	scaffold_1	920418	1020418
Aspergillus_fumigatus_CM3248	35	33	2	0	scaffold_3	2895495	2995495
Aspergillus_fumigatus_CM3248	34	32	2	0	scaffold_1	3015837	3115837
Aspergillus_fumigatus_CM3248	40	37	3	0	scaffold_2	2403684	2503684
Aspergillus_fumigatus_CM3248	47	43	4	0	scaffold_2	235115	335115
Aspergillus_fumigatus_CM3248	45	43	2	0	scaffold_5	718917	818917
Aspergillus_fumigatus_CM3248	37	31	6	0	scaffold_1	4692962	4792962
Aspergillus_fumigatus_CM3248	38	36	2	0	scaffold_4	2848425	2948425
Aspergillus_fumigatus_CM3248	39	36	3	0	scaffold_2	1361493	1461493
Aspergillus_fumigatus_CM3248	40	33	7	0	scaffold_7	18448	118448
Aspergillus_fumigatus_CM3248	33	30	3	0	scaffold_5	332965	432965
Aspergillus_fumigatus_CM3248	35	31	4	0	scaffold_4	1848420	1948420
Aspergillus_fumigatus_CM3248	18	15	3	0	scaffold_7	825660	925660
Aspergillus_fumigatus_CM3248	39	36	3	0	scaffold_2	2545758	2645758
Aspergillus_fumigatus_CM3248	42	37	5	0	scaffold_8	1180181	1280181
Aspergillus_fumigatus_CM3248	32	32	0	0	scaffold_4	2680186	2780186
Aspergillus_fumigatus_CM3248	31	26	5	0	scaffold_3	2481921	2581921
Aspergillus_fumigatus_CM3248	37	35	2	0	scaffold_4	2016345	2116345
Aspergillus_fumigatus_CM3248	39	38	1	0	scaffold_2	2992787	3092787
Aspergillus_fumigatus_CM3248	37	36	1	0	scaffold_5	1511245	1611245
Aspergillus_fumigatus_CM3248	30	27	3	0	scaffold_3	2067108	2167108
Aspergillus_fumigatus_CM3248	33	33	0	0	scaffold_3	1795952	1895952
Aspergillus_fumigatus_CM3248	38	34	4	0	scaffold_3	1345995	1445995
Aspergillus_fumigatus_CM3248	37	31	6	0	scaffold_6	3286267	3386267
Aspergillus_fumigatus_CM3248	40	37	3	0	scaffold_3	180637	280637
Aspergillus_fumigatus_CM3248	21	17	4	0	scaffold_8	748671	848671
Aspergillus_fumigatus_CM3248	41	38	3	0	scaffold_7	329892	429892
Aspergillus_fumigatus_CM3248	41	32	9	0	scaffold_7	32768	132768
Aspergillus_fumigatus_CM3248	33	29	4	0	scaffold_1	4119059	4219059
Aspergillus_fumigatus_CM3248	31	27	4	0	scaffold_8	813929	913929
Aspergillus_fumigatus_CM3248	39	39	0	0	scaffold_6	3046405	3146405
Aspergillus_fumigatus_CM3248	26	24	2	0	scaffold_2	2457205	2557205
Aspergillus_fumigatus_CM3248	19	16	3	0	scaffold_2	2044333	2144333
Aspergillus_fumigatus_CM3248	33	32	1	0	scaffold_5	3162707	3262707
Aspergillus_fumigatus_CM3248	37	34	3	0	scaffold_1	2445083	2545083
Aspergillus_fumigatus_CM3248	39	35	4	0	scaffold_1	3957141	4057141
Aspergillus_fumigatus_CM3248	33	30	3	0	scaffold_1	1180290	1280290
Aspergillus_fumigatus_CM3248	41	36	5	0	scaffold_2	1027321	1127321
Aspergillus_fumigatus_CM3248	43	38	5	0	scaffold_4	474107	574107
Aspergillus_fumigatus_CM3248	30	29	1	0	scaffold_4	750698	850698
Aspergillus_fumigatus_CM3248	35	33	2	0	scaffold_2	2904865	3004865
Aspergillus_fumigatus_CM3248	31	29	2	0	scaffold_2	2656994	2756994
Aspergillus_fumigatus_CM3248	33	28	5	0	scaffold_7	534898	634898
Aspergillus_fumigatus_CM3248	42	38	4	0	scaffold_6	630359	730359
Aspergillus_fumigatus_CM3248	38	36	2	0	scaffold_6	812759	912759
Aspergillus_fumigatus_CM3248	40	38	2	0	scaffold_3	1581598	1681598
Aspergillus_fumigatus_CM3248	32	31	1	0	scaffold_4	709314	809314
Aspergillus_fumigatus_CM3248	37	29	8	0	scaffold_2	709551	809551
Aspergillus_fumigatus_CM3248	0	0	0	0	scaffold_5	1089918	1189918
Aspergillus_fumigatus_CM3248	0	0	0	0	scaffold_5	1103467	1203467
Aspergillus_fumigatus_CM3248	30	29	1	0	scaffold_3	1397685	1497685
Aspergillus_fumigatus_CM3248	48	42	6	0	scaffold_6	34948	134948
Aspergillus_fumigatus_CM3248	37	31	6	0	scaffold_3	811777	911777
Aspergillus_fumigatus_CM3248	9	8	1	0	scaffold_5	1135912	1235912
Aspergillus_fumigatus_CM3248	40	30	10	0	scaffold_5	2167067	2267067
Aspergillus_fumigatus_CM3248	39	35	4	0	scaffold_2	4328666	4428666
Aspergillus_fumigatus_CM3248	38	33	5	0	scaffold_6	1949155	2049155
Aspergillus_fumigatus_CM3248	35	34	1	0	scaffold_5	3187649	3287649
Aspergillus_fumigatus_CM3248	41	41	0	0	scaffold_2	1638348	1738348
Aspergillus_fumigatus_CM3248	16	15	1	0	scaffold_1	1932731	2032731
Aspergillus_fumigatus_CM3248	37	29	8	0	scaffold_3	3770177	3870177
Aspergillus_fumigatus_CM3248	40	14	26	0	scaffold_1	4598831	4698831
Aspergillus_fumigatus_CM3248	38	32	6	0	scaffold_1	1800417	1900417
Aspergillus_fumigatus_CM3248	34	32	2	0	scaffold_1	976529	1076529
Aspergillus_fumigatus_CM3248	36	32	4	0	scaffold_6	361944	461944
Aspergillus_fumigatus_CM3248	45	40	5	0	scaffold_1	3932484	4032484
Aspergillus_fumigatus_CM3248	41	36	5	0	scaffold_6	2340232	2440232
Aspergillus_fumigatus_CM3248	47	39	8	0	scaffold_4	3629003	3729003
Aspergillus_fumigatus_CM3248	36	32	4	0	scaffold_8	559894	659894
Aspergillus_fumigatus_CM3248	29	25	4	0	scaffold_2	1434679	1534679
Aspergillus_fumigatus_CM3248	42	40	2	0	scaffold_6	3451222	3551222
Aspergillus_fumigatus_CM3248	26	3	23	0	scaffold_3	607914	707914
Aspergillus_fumigatus_CM3248	37	36	1	0	scaffold_5	1556494	1656494
Aspergillus_fumigatus_CM3248	36	34	2	0	scaffold_6	3105822	3205822
Aspergillus_fumigatus_CM3248	36	35	1	0	scaffold_4	2088541	2188541
Aspergillus_fumigatus_CM3248	35	33	2	0	scaffold_2	3305956	3405956
Aspergillus_fumigatus_CM3248	39	35	4	0	scaffold_1	3252397	3352397
Aspergillus_fumigatus_CM3248	29	28	1	0	scaffold_5	2627338	2727338
Aspergillus_fumigatus_CM3248	32	26	6	0	scaffold_1	1250378	1350378
Aspergillus_fumigatus_CM3248	32	27	5	0	scaffold_1	1207808	1307808
Aspergillus_fumigatus_CM3248	30	26	4	0	scaffold_7	790876	890876
Aspergillus_fumigatus_CM3248	37	35	2	0	scaffold_3	3249922	3349922
Aspergillus_fumigatus_CM3248	31	30	1	0	scaffold_1	1429545	1529545
Aspergillus_fumigatus_CM3248	40	34	6	0	scaffold_8	338756	438756
Aspergillus_fumigatus_CM3248	38	37	1	0	scaffold_1	480278	580278
Aspergillus_fumigatus_CM3248	37	35	2	0	scaffold_1	997070	1097070
Aspergillus_fumigatus_CM3248	36	33	3	0	scaffold_1	2986343	3086343
Aspergillus_fumigatus_CM3248	46	38	8	0	scaffold_4	3601487	3701487
Aspergillus_fumigatus_CM3248	31	31	0	0	scaffold_2	905504	1005504
Aspergillus_fumigatus_CM3248	34	30	4	0	scaffold_3	1321888	1421888
Aspergillus_fumigatus_CM3248	39	34	5	0	scaffold_5	310907	410907
Aspergillus_fumigatus_CM3248	35	33	2	0	scaffold_2	4496741	4596741
Aspergillus_fumigatus_CM3248	38	35	3	0	scaffold_5	1879075	1979075
Aspergillus_fumigatus_CM3248	38	35	3	0	scaffold_4	3013168	3113168
Aspergillus_fumigatus_CM3248	39	35	4	0	scaffold_6	402434	502434
Aspergillus_fumigatus_CM3248	32	27	5	0	scaffold_6	2832094	2932094
Aspergillus_fumigatus_CM3248	40	37	3	0	scaffold_6	763091	863091
Aspergillus_fumigatus_CM3248	34	26	8	0	scaffold_5	3510776	3610776
Aspergillus_fumigatus_CM3248	25	25	0	0	scaffold_5	2736141	2836141
Aspergillus_fumigatus_CM3248	17	16	1	0	scaffold_6	2103158	2203158
Aspergillus_fumigatus_CM3248	37	34	3	0	scaffold_3	2703120	2803120
Aspergillus_fumigatus_CM3248	46	39	7	0	scaffold_5	3298077	3398077
Aspergillus_fumigatus_CM3248	43	35	8	0	scaffold_5	499526	599526
Aspergillus_fumigatus_CM3248	35	34	1	0	scaffold_6	1624661	1724661
Aspergillus_fumigatus_CM3248	39	38	1	0	scaffold_5	2274726	2374726
Aspergillus_fumigatus_CM3248	38	34	4	0	scaffold_2	3595199	3695199
Aspergillus_fumigatus_CM3248	44	39	5	0	scaffold_3	914730	1014730
Aspergillus_fumigatus_CM3248	40	37	3	0	scaffold_5	2458887	2558887
Aspergillus_fumigatus_CM3248	41	35	6	0	scaffold_2	3396189	3496189
Aspergillus_fumigatus_CM3248	41	35	6	0	scaffold_4	2469918	2569918
Aspergillus_fumigatus_CM3248	33	31	2	0	scaffold_4	1922753	2022753
Aspergillus_fumigatus_CM3248	33	28	5	0	scaffold_1	1309899	1409899
Aspergillus_fumigatus_CM3248	35	30	5	0	scaffold_8	433165	533165
Aspergillus_fumigatus_CM3248	44	38	6	0	scaffold_8	324011	424011
Aspergillus_fumigatus_CM3248	46	42	4	0	scaffold_8	1444251	1544251
Aspergillus_fumigatus_CM3248	32	31	1	0	scaffold_3	1723398	1823398
Aspergillus_fumigatus_CM3248	32	27	5	0	scaffold_2	4116783	4216783
Aspergillus_fumigatus_CM3248	36	34	2	0	scaffold_4	3016541	3116541
Aspergillus_fumigatus_CM3248	32	29	3	0	scaffold_5	2334243	2434243
Aspergillus_fumigatus_CM3248	32	30	2	0	scaffold_2	4468148	4568148
Aspergillus_fumigatus_CM3248	38	32	6	0	scaffold_6	1915905	2015905
Aspergillus_fumigatus_CM3248	43	41	2	0	scaffold_6	3410700	3510700
Aspergillus_fumigatus_CM3248	41	40	1	0	scaffold_8	913473	1013473
Aspergillus_fumigatus_CM3248	34	31	3	0	scaffold_6	2241921	2341921
Aspergillus_fumigatus_CM3248	42	37	5	0	scaffold_6	2338989	2438989
Aspergillus_fumigatus_CM3248	34	32	2	0	scaffold_4	798673	898673
Aspergillus_fumigatus_CM3248	32	29	3	0	scaffold_1	1157052	1257052
Aspergillus_fumigatus_CM3248	45	40	5	0	scaffold_6	620120	720120
Aspergillus_fumigatus_CM3248	43	40	3	0	scaffold_2	265152	365152
Aspergillus_fumigatus_CM3248	44	34	10	0	scaffold_1	4217562	4317562
Aspergillus_fumigatus_CM3248	32	31	1	0	scaffold_5	2029367	2129367
Aspergillus_fumigatus_CM3248	30	27	3	0	scaffold_3	2926364	3026364
Aspergillus_fumigatus_CM3248	40	36	4	0	scaffold_5	3378374	3478374
Aspergillus_fumigatus_CM3248	40	36	4	0	scaffold_5	623238	723238
Aspergillus_fumigatus_CM3248	40	32	8	0	scaffold_7	90668	190668
Aspergillus_fumigatus_CM3248	40	33	7	0	scaffold_7	485764	585764
Aspergillus_fumigatus_CM3248	44	39	5	0	scaffold_3	1163031	1263031
Aspergillus_fumigatus_CM3248	33	30	3	0	scaffold_1	1621519	1721519
Aspergillus_fumigatus_CM3248	22	21	1	0	scaffold_4	2127376	2227376
Aspergillus_fumigatus_CM3248	45	37	8	0	scaffold_4	135553	235553
Aspergillus_fumigatus_CM3248	32	32	0	0	scaffold_1	905085	1005085
Aspergillus_fumigatus_CM3248	37	34	3	0	scaffold_5	2497295	2597295
Aspergillus_fumigatus_CM3248	33	28	5	0	scaffold_1	1309141	1409141
Aspergillus_fumigatus_CM3248	30	29	1	0	scaffold_5	2611466	2711466
Aspergillus_fumigatus_CM3248	33	31	2	0	scaffold_6	328775	428775
Aspergillus_fumigatus_CM3248	37	36	1	0	scaffold_2	4419091	4519091
Aspergillus_fumigatus_CM3248	28	25	3	0	scaffold_6	1451897	1551897
Aspergillus_fumigatus_CM3248	31	30	1	0	scaffold_7	1354977	1454977
Aspergillus_fumigatus_CM3248	37	33	4	0	scaffold_4	1813417	1913417
Aspergillus_fumigatus_CM3248	31	29	2	0	scaffold_1	3025757	3125757
Aspergillus_fumigatus_CM3248	43	39	4	0	scaffold_2	1552570	1652570
Aspergillus_fumigatus_CM3248	43	33	10	0	scaffold_1	131036	231036
Aspergillus_fumigatus_CM3248	33	32	1	0	scaffold_1	1483565	1583565
Aspergillus_fumigatus_CM3248	34	29	5	0	scaffold_3	2551320	2651320
Aspergillus_fumigatus_CM3248	44	42	2	0	scaffold_6	3393381	3493381
Aspergillus_fumigatus_CM3248	33	30	3	0	scaffold_1	553022	653022
Aspergillus_fumigatus_CM3248	40	40	0	0	scaffold_2	1678903	1778903
Aspergillus_fumigatus_CM3248	19	15	4	0	scaffold_6	153317	253317
Aspergillus_fumigatus_CM3248	31	22	9	0	scaffold_3	3701153	3801153
Aspergillus_fumigatus_CM3248	41	38	3	0	scaffold_6	515166	615166
Aspergillus_fumigatus_CM3248	44	42	2	0	scaffold_2	4208086	4308086
Aspergillus_fumigatus_CM3248	37	33	4	0	scaffold_3	1348343	1448343
Aspergillus_fumigatus_CM3248	40	35	5	0	scaffold_8	1348698	1448698
Aspergillus_fumigatus_CM3248	34	32	2	0	scaffold_3	2647873	2747873
Aspergillus_fumigatus_CM3248	36	25	11	0	scaffold_4	3267935	3367935
Aspergillus_fumigatus_CM3248	38	35	3	0	scaffold_6	3355799	3455799
Aspergillus_fumigatus_CM3248	32	29	3	0	scaffold_5	2534583	2634583
Aspergillus_fumigatus_CM3248	33	32	1	0	scaffold_6	1760526	1860526
Aspergillus_fumigatus_CM3248	29	24	5	0	scaffold_7	905611	1005611
Aspergillus_fumigatus_CM3248	35	32	3	0	scaffold_1	2996795	3096795
Aspergillus_fumigatus_CM3248	13	12	1	0	scaffold_2	1992399	2092399
Aspergillus_fumigatus_CM3248	48	40	8	0	scaffold_5	3320177	3420177
Aspergillus_fumigatus_CM3248	38	29	9	0	scaffold_3	3660576	3760576
Aspergillus_fumigatus_CM3248	38	36	2	0	scaffold_4	2874991	2974991
Aspergillus_fumigatus_CM3248	29	28	1	0	scaffold_6	297327	397327
Aspergillus_fumigatus_CM3248	36	34	2	0	scaffold_3	3241363	3341363
Aspergillus_fumigatus_CM3248	40	31	9	0	scaffold_7	109609	209609
Aspergillus_fumigatus_CM3248	36	34	2	0	scaffold_3	1497139	1597139
Aspergillus_fumigatus_CM3248	42	37	5	0	scaffold_1	3091015	3191015
Aspergillus_fumigatus_CM3248	37	37	0	0	scaffold_5	2822241	2922241
Aspergillus_fumigatus_CM3248	35	35	0	0	scaffold_4	3168443	3268443
Aspergillus_fumigatus_CM3248	38	36	2	0	scaffold_4	2003753	2103753
Aspergillus_fumigatus_CM3248	37	34	3	0	scaffold_2	594694	694694
Aspergillus_fumigatus_CM3248	43	38	5	0	scaffold_1	4743099	4843099
Aspergillus_fumigatus_CM3248	23	14	9	0	scaffold_2	104110	204110
Aspergillus_fumigatus_CM3248	0	0	0	0	scaffold_5	1106087	1206087
Aspergillus_fumigatus_CM3248	32	27	5	0	scaffold_2	4110438	4210438
Aspergillus_fumigatus_CM3248	34	30	4	0	scaffold_2	1415932	1515932
Aspergillus_fumigatus_CM3248	27	4	23	0	scaffold_2	14706	114706
Aspergillus_fumigatus_CM3248	39	39	0	0	scaffold_2	383921	483921
Aspergillus_fumigatus_CM3248	28	26	2	0	scaffold_1	2044576	2144576
Aspergillus_fumigatus_CM3248	48	42	6	0	scaffold_2	181505	281505
Aspergillus_fumigatus_CM3248	38	14	24	0	scaffold_1	4609540	4709540
Aspergillus_fumigatus_CM3248	35	28	7	0	scaffold_2	2735248	2835248
Aspergillus_fumigatus_CM3248	36	35	1	0	scaffold_2	2969944	3069944
Aspergillus_fumigatus_CM3248	45	42	3	0	scaffold_2	242508	342508
Aspergillus_fumigatus_CM3248	43	40	3	0	scaffold_3	386237	486237
Aspergillus_fumigatus_CM3248	22	22	0	0	scaffold_4	2199910	2299910
Aspergillus_fumigatus_CM3248	33	29	4	0	scaffold_6	3193152	3293152
Aspergillus_fumigatus_CM3248	47	39	8	0	scaffold_4	3557125	3657125
Aspergillus_fumigatus_CM3248	35	33	2	0	scaffold_3	1526851	1626851
Aspergillus_fumigatus_CM3248	48	45	3	0	scaffold_5	675684	775684
Aspergillus_fumigatus_CM3248	43	43	0	0	scaffold_5	2883421	2983421
Aspergillus_fumigatus_CM3248	40	40	0	0	scaffold_2	1686450	1786450
Aspergillus_fumigatus_CM3248	35	33	2	0	scaffold_4	1418305	1518305
Aspergillus_fumigatus_CM3248	38	33	5	0	scaffold_4	1777778	1877778
Aspergillus_fumigatus_CM3248	39	39	0	0	scaffold_2	1663504	1763504
Aspergillus_fumigatus_CM3248	39	39	0	0	scaffold_2	434362	534362
Aspergillus_fumigatus_CM3248	36	34	1	1	scaffold_3	3463526	3563526
Aspergillus_fumigatus_CM3248	39	34	5	0	scaffold_4	393175	493175
Aspergillus_fumigatus_CM3248	29	26	3	0	scaffold_6	270578	370578
Aspergillus_fumigatus_CM3248	42	39	3	0	scaffold_1	4842588	4942588
Aspergillus_fumigatus_CM3248	34	33	1	0	scaffold_5	2997246	3097246
Aspergillus_fumigatus_CM3248	36	31	5	0	scaffold_3	3314330	3414330
Aspergillus_fumigatus_CM3248	41	37	4	0	scaffold_7	1208327	1308327
Aspergillus_fumigatus_CM3248	40	39	1	0	scaffold_7	1169210	1269210
Aspergillus_fumigatus_CM3248	28	27	1	0	scaffold_5	2696078	2796078
Aspergillus_fumigatus_CM3248	37	31	6	0	scaffold_6	79920	179920
Aspergillus_fumigatus_CM3248	33	31	1	1	scaffold_3	3438843	3538843
Aspergillus_fumigatus_CM3248	25	23	2	0	scaffold_5	2355900	2455900
Aspergillus_fumigatus_CM3248	27	26	1	0	scaffold_5	2729085	2829085
Aspergillus_fumigatus_CM3248	39	37	2	0	scaffold_1	2556396	2656396
Aspergillus_fumigatus_CM3248	35	31	4	0	scaffold_6	3206811	3306811
Aspergillus_fumigatus_CM3248	43	40	3	0	scaffold_2	2877307	2977307
Aspergillus_fumigatus_CM3248	39	39	0	0	scaffold_5	1782415	1882415
Aspergillus_fumigatus_CM3248	38	31	7	0	scaffold_3	20157	120157
Aspergillus_fumigatus_CM3248	37	24	13	0	scaffold_3	4080	104080
Aspergillus_fumigatus_CM3248	37	35	2	0	scaffold_2	1931623	2031623
Aspergillus_fumigatus_CM3248	31	31	0	0	scaffold_2	811698	911698
Aspergillus_fumigatus_CM3248	44	40	4	0	scaffold_3	918630	1018630
Aspergillus_fumigatus_CM3248	40	37	3	0	scaffold_5	2473225	2573225
Aspergillus_fumigatus_CM3248	33	30	3	0	scaffold_1	1196863	1296863
Aspergillus_fumigatus_CM3248	40	35	5	0	scaffold_7	370454	470454
Aspergillus_fumigatus_CM3248	25	23	2	0	scaffold_4	1196728	1296728
Aspergillus_fumigatus_CM3248	40	40	0	0	scaffold_2	1625988	1725988
Aspergillus_fumigatus_CM3248	34	33	1	0	scaffold_6	1763058	1863058
Aspergillus_fumigatus_CM3248	36	36	0	0	scaffold_6	1381931	1481931
Aspergillus_fumigatus_CM3248	37	37	0	0	scaffold_1	796807	896807
Aspergillus_fumigatus_CM3248	50	46	4	0	scaffold_3	3979740	4079740
Aspergillus_fumigatus_CM3248	37	35	2	0	scaffold_1	2439735	2539735
Aspergillus_fumigatus_CM3248	36	32	4	0	scaffold_6	1505776	1605776
Aspergillus_fumigatus_CM3248	39	37	2	0	scaffold_4	324712	424712
Aspergillus_fumigatus_CM3248	36	32	4	0	scaffold_4	1838604	1938604
Aspergillus_fumigatus_CM3248	35	2	33	0	scaffold_1	4407217	4507217
Aspergillus_fumigatus_CM3248	45	40	5	0	scaffold_8	1453472	1553472
Aspergillus_fumigatus_CM3248	34	31	3	0	scaffold_3	2071364	2171364
Aspergillus_fumigatus_CM3248	29	16	13	0	scaffold_3	1010937	1110937
Aspergillus_fumigatus_CM3248	39	38	1	0	scaffold_2	337926	437926
Aspergillus_fumigatus_CM3248	36	33	3	0	scaffold_6	991383	1091383
Aspergillus_fumigatus_CM3248	47	37	10	0	scaffold_1	41194	141194
Aspergillus_fumigatus_CM3248	41	39	2	0	scaffold_3	2260314	2360314
Aspergillus_fumigatus_CM3248	36	31	5	0	scaffold_1	1528981	1628981
Aspergillus_fumigatus_CM3248	42	40	2	0	scaffold_4	931341	1031341
Aspergillus_fumigatus_CM3248	27	25	2	0	scaffold_2	2451434	2551434
Aspergillus_fumigatus_CM3248	37	30	7	0	scaffold_6	1896578	1996578
Aspergillus_fumigatus_CM3248	41	35	6	0	scaffold_3	2379569	2479569
Aspergillus_fumigatus_CM3248	34	32	2	0	scaffold_6	344643	444643
Aspergillus_fumigatus_CM3248	39	35	4	0	scaffold_6	1304659	1404659
Aspergillus_fumigatus_CM3248	39	35	4	0	scaffold_2	3608403	3708403
Aspergillus_fumigatus_CM3248	45	42	3	0	scaffold_5	704411	804411
Aspergillus_fumigatus_CM3248	21	20	1	0	scaffold_2	1973118	2073118
Aspergillus_fumigatus_CM3248	25	20	5	0	scaffold_7	607540	707540
Aspergillus_fumigatus_CM3248	36	33	3	0	scaffold_3	206564	306564
Aspergillus_fumigatus_CM3248	45	36	9	0	scaffold_1	4180475	4280475
Aspergillus_fumigatus_CM3248	39	33	6	0	scaffold_5	3263620	3363620
Aspergillus_fumigatus_CM3248	34	32	2	0	scaffold_2	3280609	3380609
Aspergillus_fumigatus_CM3248	45	40	5	0	scaffold_4	2523364	2623364
Aspergillus_fumigatus_CM3248	37	34	3	0	scaffold_1	431569	531569
Aspergillus_fumigatus_CM3248	26	23	3	0	scaffold_8	2516	102516
Aspergillus_fumigatus_CM3248	35	33	2	0	scaffold_2	3189487	3289487
Aspergillus_fumigatus_CM3248	41	36	5	0	scaffold_1	3287350	3387350
Aspergillus_fumigatus_CM3248	34	32	2	0	scaffold_1	2263954	2363954
Aspergillus_fumigatus_CM3248	23	19	4	0	scaffold_2	2055786	2155786
Aspergillus_fumigatus_CM3248	39	35	4	0	scaffold_2	2297991	2397991
Aspergillus_fumigatus_CM3248	44	39	5	0	scaffold_8	1380613	1480613
Aspergillus_fumigatus_CM3248	43	39	4	0	scaffold_1	228012	328012
Aspergillus_fumigatus_CM3248	38	35	3	0	scaffold_5	1681052	1781052
Aspergillus_fumigatus_CM3248	25	19	6	0	scaffold_6	194786	294786
Aspergillus_fumigatus_CM3248	39	37	2	0	scaffold_2	608494	708494
