STRAIN	TOTAL	CORE	ACCESSORY	SINGLETON	CHROM	START	END
Aspergillus_fumigatus_SF3S10	35	35	0	0	scaffold_4	968510	1068510
Aspergillus_fumigatus_SF3S10	38	33	5	0	scaffold_4	524889	624889
Aspergillus_fumigatus_SF3S10	39	33	6	0	scaffold_3	4208050	4308050
Aspergillus_fumigatus_SF3S10	38	33	5	0	scaffold_3	3695329	3795329
Aspergillus_fumigatus_SF3S10	31	30	1	0	scaffold_3	1185053	1285053
Aspergillus_fumigatus_SF3S10	36	32	4	0	scaffold_1	1645420	1745420
Aspergillus_fumigatus_SF3S10	32	0	32	0	scaffold_1	4430459	4530459
Aspergillus_fumigatus_SF3S10	34	28	6	0	scaffold_7	386851	486851
Aspergillus_fumigatus_SF3S10	45	41	4	0	scaffold_2	1251970	1351970
Aspergillus_fumigatus_SF3S10	39	38	1	0	scaffold_4	286700	386700
Aspergillus_fumigatus_SF3S10	44	39	5	0	scaffold_2	3652785	3752785
Aspergillus_fumigatus_SF3S10	37	33	4	0	scaffold_1	1146495	1246495
Aspergillus_fumigatus_SF3S10	33	28	5	0	scaffold_5	2836221	2936221
Aspergillus_fumigatus_SF3S10	42	38	4	0	scaffold_1	3886889	3986889
Aspergillus_fumigatus_SF3S10	34	32	2	0	scaffold_2	1612203	1712203
Aspergillus_fumigatus_SF3S10	36	32	4	0	scaffold_2	3378047	3478047
Aspergillus_fumigatus_SF3S10	44	44	0	0	scaffold_6	1932784	2032784
Aspergillus_fumigatus_SF3S10	31	28	3	0	scaffold_4	1051715	1151715
Aspergillus_fumigatus_SF3S10	40	37	3	0	scaffold_3	76564	176564
Aspergillus_fumigatus_SF3S10	36	32	4	0	scaffold_1	1345283	1445283
Aspergillus_fumigatus_SF3S10	30	25	5	0	scaffold_3	595979	695979
Aspergillus_fumigatus_SF3S10	47	39	8	0	scaffold_3	4340953	4440953
Aspergillus_fumigatus_SF3S10	42	40	2	0	scaffold_1	477995	577995
Aspergillus_fumigatus_SF3S10	35	34	1	0	scaffold_3	707719	807719
Aspergillus_fumigatus_SF3S10	30	28	2	0	scaffold_4	1939262	2039262
Aspergillus_fumigatus_SF3S10	43	39	4	0	scaffold_8	191282	291282
Aspergillus_fumigatus_SF3S10	38	31	7	0	scaffold_1	4112140	4212140
Aspergillus_fumigatus_SF3S10	35	33	2	0	scaffold_2	3231031	3331031
Aspergillus_fumigatus_SF3S10	38	36	2	0	scaffold_1	3800902	3900902
Aspergillus_fumigatus_SF3S10	33	28	5	0	scaffold_1	3500511	3600511
Aspergillus_fumigatus_SF3S10	40	38	2	0	scaffold_5	797988	897988
Aspergillus_fumigatus_SF3S10	33	28	5	0	scaffold_1	1394630	1494630
Aspergillus_fumigatus_SF3S10	37	36	1	0	scaffold_3	755816	855816
Aspergillus_fumigatus_SF3S10	40	31	9	0	scaffold_3	2162311	2262311
Aspergillus_fumigatus_SF3S10	31	27	4	0	scaffold_2	2535830	2635830
Aspergillus_fumigatus_SF3S10	37	33	4	0	scaffold_3	2261898	2361898
Aspergillus_fumigatus_SF3S10	44	40	4	0	scaffold_1	4820702	4920702
Aspergillus_fumigatus_SF3S10	43	36	7	0	scaffold_8	955538	1055538
Aspergillus_fumigatus_SF3S10	35	27	8	0	scaffold_4	577636	677636
Aspergillus_fumigatus_SF3S10	29	23	6	0	scaffold_2	1061795	1161795
Aspergillus_fumigatus_SF3S10	36	30	6	0	scaffold_8	397288	497288
Aspergillus_fumigatus_SF3S10	33	30	3	0	scaffold_2	1440796	1540796
Aspergillus_fumigatus_SF3S10	47	42	5	0	scaffold_2	480559	580559
Aspergillus_fumigatus_SF3S10	39	37	2	0	scaffold_5	1990817	2090817
Aspergillus_fumigatus_SF3S10	40	40	0	0	scaffold_3	1013183	1113183
Aspergillus_fumigatus_SF3S10	35	33	2	0	scaffold_4	167841	267841
Aspergillus_fumigatus_SF3S10	37	34	3	0	scaffold_3	3290467	3390467
Aspergillus_fumigatus_SF3S10	40	39	1	0	scaffold_2	1748101	1848101
Aspergillus_fumigatus_SF3S10	38	38	0	0	scaffold_3	1070487	1170487
Aspergillus_fumigatus_SF3S10	25	19	6	0	scaffold_2	1071449	1171449
Aspergillus_fumigatus_SF3S10	31	30	1	0	scaffold_3	1286093	1386093
Aspergillus_fumigatus_SF3S10	42	39	3	0	scaffold_4	1728147	1828147
Aspergillus_fumigatus_SF3S10	37	33	4	0	scaffold_4	2996625	3096625
Aspergillus_fumigatus_SF3S10	43	42	1	0	scaffold_6	1016592	1116592
Aspergillus_fumigatus_SF3S10	34	33	1	0	scaffold_4	3298079	3398079
Aspergillus_fumigatus_SF3S10	40	38	2	0	scaffold_5	901211	1001211
Aspergillus_fumigatus_SF3S10	35	31	4	0	scaffold_6	600175	700175
Aspergillus_fumigatus_SF3S10	33	31	2	0	scaffold_4	3217679	3317679
Aspergillus_fumigatus_SF3S10	33	32	1	0	scaffold_6	2186274	2286274
Aspergillus_fumigatus_SF3S10	42	39	3	0	scaffold_1	3859325	3959325
Aspergillus_fumigatus_SF3S10	38	34	4	0	scaffold_3	49201	149201
Aspergillus_fumigatus_SF3S10	43	38	5	0	scaffold_2	3614658	3714658
Aspergillus_fumigatus_SF3S10	38	37	1	0	scaffold_4	2500215	2600215
Aspergillus_fumigatus_SF3S10	40	38	2	0	scaffold_1	2246350	2346350
Aspergillus_fumigatus_SF3S10	42	40	2	0	scaffold_5	2034534	2134534
Aspergillus_fumigatus_SF3S10	40	0	40	0	scaffold_1	4457829	4557829
Aspergillus_fumigatus_SF3S10	43	43	0	0	scaffold_3	1494584	1594584
Aspergillus_fumigatus_SF3S10	38	33	5	0	scaffold_1	1472922	1572922
Aspergillus_fumigatus_SF3S10	34	28	6	0	scaffold_2	2116067	2216067
Aspergillus_fumigatus_SF3S10	27	3	24	0	scaffold_2	729681	829681
Aspergillus_fumigatus_SF3S10	48	40	8	0	scaffold_8	873957	973957
Aspergillus_fumigatus_SF3S10	31	26	5	0	scaffold_2	3829182	3929182
Aspergillus_fumigatus_SF3S10	33	28	5	0	scaffold_1	1024465	1124465
Aspergillus_fumigatus_SF3S10	48	35	13	0	scaffold_2	3697972	3797972
Aspergillus_fumigatus_SF3S10	37	31	6	0	scaffold_8	381507	481507
Aspergillus_fumigatus_SF3S10	37	35	2	0	scaffold_6	1663168	1763168
Aspergillus_fumigatus_SF3S10	42	39	3	0	scaffold_2	1269260	1369260
Aspergillus_fumigatus_SF3S10	35	30	5	0	scaffold_7	31325	131325
Aspergillus_fumigatus_SF3S10	19	16	3	0	scaffold_1	2132929	2232929
Aspergillus_fumigatus_SF3S10	41	36	5	0	scaffold_5	1525166	1625166
Aspergillus_fumigatus_SF3S10	16	14	2	0	scaffold_2	1379596	1479596
Aspergillus_fumigatus_SF3S10	36	33	3	0	scaffold_3	2824736	2924736
Aspergillus_fumigatus_SF3S10	48	40	8	0	scaffold_3	3033088	3133088
Aspergillus_fumigatus_SF3S10	41	37	4	0	scaffold_8	224989	324989
Aspergillus_fumigatus_SF3S10	35	31	4	0	scaffold_1	3009512	3109512
Aspergillus_fumigatus_SF3S10	42	36	6	0	scaffold_3	4273382	4373382
Aspergillus_fumigatus_SF3S10	48	43	5	0	scaffold_2	2433701	2533701
Aspergillus_fumigatus_SF3S10	35	0	35	0	scaffold_1	4392877	4492877
Aspergillus_fumigatus_SF3S10	33	30	3	0	scaffold_1	3633018	3733018
Aspergillus_fumigatus_SF3S10	40	36	4	0	scaffold_3	3678334	3778334
Aspergillus_fumigatus_SF3S10	46	42	4	0	scaffold_5	2475611	2575611
Aspergillus_fumigatus_SF3S10	21	17	4	0	scaffold_5	1217124	1317124
Aspergillus_fumigatus_SF3S10	36	33	3	0	scaffold_1	2296014	2396014
Aspergillus_fumigatus_SF3S10	39	7	32	0	scaffold_1	4531149	4631149
Aspergillus_fumigatus_SF3S10	36	33	3	0	scaffold_7	1000074	1100074
Aspergillus_fumigatus_SF3S10	38	35	3	0	scaffold_2	2181392	2281392
Aspergillus_fumigatus_SF3S10	28	24	4	0	scaffold_5	106806	206806
Aspergillus_fumigatus_SF3S10	44	37	7	0	scaffold_8	957816	1057816
Aspergillus_fumigatus_SF3S10	36	29	7	0	scaffold_2	2074949	2174949
Aspergillus_fumigatus_SF3S10	37	31	6	0	scaffold_1	1718796	1818796
Aspergillus_fumigatus_SF3S10	40	36	4	0	scaffold_3	2866477	2966477
Aspergillus_fumigatus_SF3S10	40	37	3	0	scaffold_1	4681808	4781808
Aspergillus_fumigatus_SF3S10	48	37	11	0	scaffold_1	18708	118708
Aspergillus_fumigatus_SF3S10	32	31	1	0	scaffold_2	1840267	1940267
Aspergillus_fumigatus_SF3S10	16	15	1	0	scaffold_3	1624440	1724440
Aspergillus_fumigatus_SF3S10	37	36	1	0	scaffold_3	3260126	3360126
Aspergillus_fumigatus_SF3S10	38	31	6	1	scaffold_4	398128	498128
Aspergillus_fumigatus_SF3S10	33	32	1	0	scaffold_5	1751401	1851401
Aspergillus_fumigatus_SF3S10	21	19	2	0	scaffold_2	1400666	1500666
Aspergillus_fumigatus_SF3S10	34	30	4	0	scaffold_3	3730535	3830535
Aspergillus_fumigatus_SF3S10	33	31	2	0	scaffold_3	2714109	2814109
Aspergillus_fumigatus_SF3S10	33	29	4	0	scaffold_4	2864571	2964571
Aspergillus_fumigatus_SF3S10	43	36	7	0	scaffold_3	4276221	4376221
Aspergillus_fumigatus_SF3S10	36	34	2	0	scaffold_5	3222184	3322184
Aspergillus_fumigatus_SF3S10	34	33	1	0	scaffold_1	1294821	1394821
Aspergillus_fumigatus_SF3S10	34	33	1	0	scaffold_2	1879652	1979652
Aspergillus_fumigatus_SF3S10	35	34	1	0	scaffold_4	2910485	3010485
Aspergillus_fumigatus_SF3S10	36	29	7	0	scaffold_1	4239321	4339321
Aspergillus_fumigatus_SF3S10	35	32	3	0	scaffold_3	4144345	4244345
Aspergillus_fumigatus_SF3S10	35	32	3	0	scaffold_3	4137133	4237133
Aspergillus_fumigatus_SF3S10	35	32	3	0	scaffold_6	1113458	1213458
Aspergillus_fumigatus_SF3S10	39	33	6	0	scaffold_8	273466	373466
Aspergillus_fumigatus_SF3S10	39	37	2	0	scaffold_3	1357494	1457494
Aspergillus_fumigatus_SF3S10	38	35	3	0	scaffold_4	2713683	2813683
Aspergillus_fumigatus_SF3S10	33	29	4	0	scaffold_1	3681183	3781183
Aspergillus_fumigatus_SF3S10	39	38	1	0	scaffold_7	1386097	1486097
Aspergillus_fumigatus_SF3S10	45	43	2	0	scaffold_5	3421381	3521381
Aspergillus_fumigatus_SF3S10	30	28	2	0	scaffold_3	2389365	2489365
Aspergillus_fumigatus_SF3S10	43	42	1	0	scaffold_4	3590131	3690131
Aspergillus_fumigatus_SF3S10	13	12	1	0	scaffold_3	1634165	1734165
Aspergillus_fumigatus_SF3S10	43	38	5	0	scaffold_7	212252	312252
Aspergillus_fumigatus_SF3S10	39	36	3	0	scaffold_6	1835389	1935389
Aspergillus_fumigatus_SF3S10	35	27	8	0	scaffold_1	3582394	3682394
Aspergillus_fumigatus_SF3S10	46	39	7	0	scaffold_7	1117008	1217008
Aspergillus_fumigatus_SF3S10	46	41	5	0	scaffold_5	2459114	2559114
Aspergillus_fumigatus_SF3S10	33	32	1	0	scaffold_1	912332	1012332
Aspergillus_fumigatus_SF3S10	34	31	3	0	scaffold_1	3082098	3182098
Aspergillus_fumigatus_SF3S10	32	29	3	0	scaffold_6	2684538	2784538
Aspergillus_fumigatus_SF3S10	42	36	6	0	scaffold_3	4267998	4367998
Aspergillus_fumigatus_SF3S10	38	36	2	0	scaffold_6	1691130	1791130
Aspergillus_fumigatus_SF3S10	38	38	0	0	scaffold_3	3833118	3933118
Aspergillus_fumigatus_SF3S10	37	37	0	0	scaffold_3	3535862	3635862
Aspergillus_fumigatus_SF3S10	36	35	1	0	scaffold_4	777471	877471
Aspergillus_fumigatus_SF3S10	40	37	3	0	scaffold_5	533771	633771
Aspergillus_fumigatus_SF3S10	34	32	2	0	scaffold_4	2648238	2748238
Aspergillus_fumigatus_SF3S10	36	33	3	0	scaffold_6	2574103	2674103
Aspergillus_fumigatus_SF3S10	47	44	3	0	scaffold_2	3994140	4094140
Aspergillus_fumigatus_SF3S10	36	33	3	0	scaffold_7	1061490	1161490
Aspergillus_fumigatus_SF3S10	34	31	3	0	scaffold_4	1670998	1770998
Aspergillus_fumigatus_SF3S10	37	35	2	0	scaffold_6	1675498	1775498
Aspergillus_fumigatus_SF3S10	35	32	3	0	scaffold_2	4431460	4531460
Aspergillus_fumigatus_SF3S10	36	33	3	0	scaffold_1	2006755	2106755
Aspergillus_fumigatus_SF3S10	42	39	3	0	scaffold_5	2026327	2126327
Aspergillus_fumigatus_SF3S10	39	39	0	0	scaffold_3	989730	1089730
Aspergillus_fumigatus_SF3S10	25	23	2	0	scaffold_2	254683	354683
Aspergillus_fumigatus_SF3S10	36	32	4	0	scaffold_1	3069430	3169430
Aspergillus_fumigatus_SF3S10	31	27	4	0	scaffold_1	3675472	3775472
Aspergillus_fumigatus_SF3S10	37	30	6	1	scaffold_4	389763	489763
Aspergillus_fumigatus_SF3S10	37	37	0	0	scaffold_3	3590292	3690292
Aspergillus_fumigatus_SF3S10	36	33	3	0	scaffold_4	2573654	2673654
Aspergillus_fumigatus_SF3S10	33	30	3	0	scaffold_3	3437352	3537352
Aspergillus_fumigatus_SF3S10	36	31	5	0	scaffold_2	879740	979740
Aspergillus_fumigatus_SF3S10	27	23	4	0	scaffold_8	740357	840357
Aspergillus_fumigatus_SF3S10	31	28	3	0	scaffold_6	2213760	2313760
Aspergillus_fumigatus_SF3S10	33	33	0	0	scaffold_4	3379170	3479170
Aspergillus_fumigatus_SF3S10	34	28	6	0	scaffold_1	1422682	1522682
Aspergillus_fumigatus_SF3S10	43	40	3	0	scaffold_7	235694	335694
Aspergillus_fumigatus_SF3S10	33	29	4	0	scaffold_2	141926	241926
Aspergillus_fumigatus_SF3S10	37	32	5	0	scaffold_1	1375960	1475960
Aspergillus_fumigatus_SF3S10	43	35	8	0	scaffold_1	4144291	4244291
Aspergillus_fumigatus_SF3S10	32	26	6	0	scaffold_3	4471049	4571049
Aspergillus_fumigatus_SF3S10	49	41	8	0	scaffold_1	4778479	4878479
Aspergillus_fumigatus_SF3S10	31	30	1	0	scaffold_6	76508	176508
Aspergillus_fumigatus_SF3S10	38	37	1	0	scaffold_5	1085129	1185129
Aspergillus_fumigatus_SF3S10	36	31	5	0	scaffold_8	804631	904631
Aspergillus_fumigatus_SF3S10	47	42	5	0	scaffold_1	4815654	4915654
Aspergillus_fumigatus_SF3S10	34	34	0	0	scaffold_4	768936	868936
Aspergillus_fumigatus_SF3S10	30	24	6	0	scaffold_2	1058101	1158101
Aspergillus_fumigatus_SF3S10	41	39	2	0	scaffold_5	624444	724444
Aspergillus_fumigatus_SF3S10	40	0	40	0	scaffold_1	4480579	4580579
Aspergillus_fumigatus_SF3S10	28	26	2	0	scaffold_3	2400244	2500244
Aspergillus_fumigatus_SF3S10	33	30	3	0	scaffold_1	1088019	1188019
Aspergillus_fumigatus_SF3S10	35	32	3	0	scaffold_5	2891508	2991508
Aspergillus_fumigatus_SF3S10	40	38	2	0	scaffold_5	899859	999859
Aspergillus_fumigatus_SF3S10	33	30	3	0	scaffold_1	1092509	1192509
Aspergillus_fumigatus_SF3S10	31	11	20	0	scaffold_2	31812	131812
Aspergillus_fumigatus_SF3S10	32	25	7	0	scaffold_5	2819712	2919712
Aspergillus_fumigatus_SF3S10	31	29	2	0	scaffold_3	3909549	4009549
Aspergillus_fumigatus_SF3S10	40	37	3	0	scaffold_5	880292	980292
Aspergillus_fumigatus_SF3S10	39	34	5	0	scaffold_5	2704488	2804488
Aspergillus_fumigatus_SF3S10	38	38	0	0	scaffold_5	3051524	3151524
Aspergillus_fumigatus_SF3S10	33	32	1	0	scaffold_2	1594792	1694792
Aspergillus_fumigatus_SF3S10	35	34	1	0	scaffold_6	1105592	1205592
Aspergillus_fumigatus_SF3S10	42	36	6	0	scaffold_3	410926	510926
Aspergillus_fumigatus_SF3S10	42	36	6	0	scaffold_4	2796189	2896189
Aspergillus_fumigatus_SF3S10	38	35	3	0	scaffold_2	3871844	3971844
Aspergillus_fumigatus_SF3S10	44	36	8	0	scaffold_3	3011063	3111063
Aspergillus_fumigatus_SF3S10	23	21	2	0	scaffold_3	18280	118280
Aspergillus_fumigatus_SF3S10	29	27	2	0	scaffold_1	2178977	2278977
Aspergillus_fumigatus_SF3S10	1	0	1	0	scaffold_3	4530904	4630904
Aspergillus_fumigatus_SF3S10	33	30	3	0	scaffold_5	3270973	3370973
Aspergillus_fumigatus_SF3S10	46	38	8	0	scaffold_3	3003423	3103423
Aspergillus_fumigatus_SF3S10	34	33	1	0	scaffold_2	1887637	1987637
Aspergillus_fumigatus_SF3S10	35	30	5	0	scaffold_2	135227	235227
Aspergillus_fumigatus_SF3S10	32	30	2	0	scaffold_5	3197857	3297857
Aspergillus_fumigatus_SF3S10	41	38	3	0	scaffold_6	2600269	2700269
Aspergillus_fumigatus_SF3S10	35	34	1	0	scaffold_3	864524	964524
Aspergillus_fumigatus_SF3S10	42	40	2	0	scaffold_1	478193	578193
Aspergillus_fumigatus_SF3S10	35	34	1	0	scaffold_6	1099741	1199741
Aspergillus_fumigatus_SF3S10	38	36	2	0	scaffold_3	3409103	3509103
Aspergillus_fumigatus_SF3S10	32	29	3	0	scaffold_3	664581	764581
Aspergillus_fumigatus_SF3S10	39	34	5	0	scaffold_6	328054	428054
Aspergillus_fumigatus_SF3S10	32	31	1	0	scaffold_4	990192	1090192
Aspergillus_fumigatus_SF3S10	47	38	9	0	scaffold_3	3008843	3108843
Aspergillus_fumigatus_SF3S10	32	30	2	0	scaffold_3	2432504	2532504
Aspergillus_fumigatus_SF3S10	37	29	8	0	scaffold_3	2167490	2267490
Aspergillus_fumigatus_SF3S10	29	18	11	0	scaffold_5	2131180	2231180
Aspergillus_fumigatus_SF3S10	38	37	1	0	scaffold_6	1078921	1178921
Aspergillus_fumigatus_SF3S10	31	30	1	0	scaffold_3	1974998	2074998
Aspergillus_fumigatus_SF3S10	41	40	1	0	scaffold_5	589984	689984
Aspergillus_fumigatus_SF3S10	30	30	0	0	scaffold_2	1301959	1401959
Aspergillus_fumigatus_SF3S10	40	38	2	0	scaffold_5	899797	999797
Aspergillus_fumigatus_SF3S10	34	30	4	0	scaffold_6	609108	709108
Aspergillus_fumigatus_SF3S10	34	34	0	0	scaffold_1	2722158	2822158
Aspergillus_fumigatus_SF3S10	34	34	0	0	scaffold_3	1564152	1664152
Aspergillus_fumigatus_SF3S10	34	31	3	0	scaffold_4	1672833	1772833
Aspergillus_fumigatus_SF3S10	45	38	7	0	scaffold_3	4232327	4332327
Aspergillus_fumigatus_SF3S10	47	39	8	0	scaffold_8	892175	992175
Aspergillus_fumigatus_SF3S10	42	40	2	0	scaffold_2	1673670	1773670
Aspergillus_fumigatus_SF3S10	39	35	4	0	scaffold_4	883194	983194
Aspergillus_fumigatus_SF3S10	35	32	3	0	scaffold_2	2694535	2794535
Aspergillus_fumigatus_SF3S10	38	36	2	0	scaffold_1	2521819	2621819
Aspergillus_fumigatus_SF3S10	42	36	6	0	scaffold_5	2334735	2434735
Aspergillus_fumigatus_SF3S10	34	34	0	0	scaffold_3	1096691	1196691
Aspergillus_fumigatus_SF3S10	35	31	4	0	scaffold_6	653820	753820
Aspergillus_fumigatus_SF3S10	38	37	1	0	scaffold_7	477876	577876
Aspergillus_fumigatus_SF3S10	41	36	5	0	scaffold_4	2345025	2445025
Aspergillus_fumigatus_SF3S10	38	30	8	0	scaffold_2	1999187	2099187
Aspergillus_fumigatus_SF3S10	33	28	5	0	scaffold_2	2605361	2705361
Aspergillus_fumigatus_SF3S10	34	30	4	0	scaffold_6	2239907	2339907
Aspergillus_fumigatus_SF3S10	38	38	0	0	scaffold_3	2589321	2689321
Aspergillus_fumigatus_SF3S10	37	14	23	0	scaffold_1	4563834	4663834
Aspergillus_fumigatus_SF3S10	34	33	1	0	scaffold_5	942274	1042274
Aspergillus_fumigatus_SF3S10	42	38	4	0	scaffold_2	2817148	2917148
Aspergillus_fumigatus_SF3S10	43	40	3	0	scaffold_2	2291479	2391479
Aspergillus_fumigatus_SF3S10	35	25	10	0	scaffold_5	2772255	2872255
Aspergillus_fumigatus_SF3S10	38	36	2	0	scaffold_1	2690423	2790423
Aspergillus_fumigatus_SF3S10	32	30	2	0	scaffold_4	1036002	1136002
Aspergillus_fumigatus_SF3S10	33	31	2	0	scaffold_3	1798646	1898646
Aspergillus_fumigatus_SF3S10	44	44	0	0	scaffold_6	1897392	1997392
Aspergillus_fumigatus_SF3S10	32	31	1	0	scaffold_4	1657054	1757054
Aspergillus_fumigatus_SF3S10	33	31	2	0	scaffold_6	1587367	1687367
Aspergillus_fumigatus_SF3S10	38	36	2	0	scaffold_7	508207	608207
Aspergillus_fumigatus_SF3S10	31	29	2	0	scaffold_2	336303	436303
Aspergillus_fumigatus_SF3S10	41	37	4	0	scaffold_6	1793813	1893813
Aspergillus_fumigatus_SF3S10	40	36	4	0	scaffold_2	376563	476563
Aspergillus_fumigatus_SF3S10	38	34	4	0	scaffold_4	1238574	1338574
Aspergillus_fumigatus_SF3S10	31	27	4	0	scaffold_4	1069422	1169422
Aspergillus_fumigatus_SF3S10	40	38	2	0	scaffold_1	3829304	3929304
Aspergillus_fumigatus_SF3S10	43	41	2	0	scaffold_5	3393365	3493365
Aspergillus_fumigatus_SF3S10	31	30	1	0	scaffold_3	1284984	1384984
Aspergillus_fumigatus_SF3S10	39	35	4	0	scaffold_2	2828551	2928551
Aspergillus_fumigatus_SF3S10	30	29	1	0	scaffold_5	3183107	3283107
Aspergillus_fumigatus_SF3S10	42	42	0	0	scaffold_3	1467922	1567922
Aspergillus_fumigatus_SF3S10	39	39	0	0	scaffold_7	907392	1007392
Aspergillus_fumigatus_SF3S10	30	29	1	0	scaffold_5	324136	424136
Aspergillus_fumigatus_SF3S10	41	40	1	0	scaffold_7	1405417	1505417
Aspergillus_fumigatus_SF3S10	31	21	10	0	scaffold_6	2339656	2439656
Aspergillus_fumigatus_SF3S10	47	42	5	0	scaffold_2	466154	566154
Aspergillus_fumigatus_SF3S10	40	36	4	0	scaffold_3	3339787	3439787
Aspergillus_fumigatus_SF3S10	37	34	3	0	scaffold_5	2914422	3014422
Aspergillus_fumigatus_SF3S10	32	31	1	0	scaffold_4	3292399	3392399
Aspergillus_fumigatus_SF3S10	32	29	3	0	scaffold_4	1624664	1724664
Aspergillus_fumigatus_SF3S10	39	37	2	0	scaffold_4	1320096	1420096
Aspergillus_fumigatus_SF3S10	27	23	4	0	scaffold_2	1197369	1297369
Aspergillus_fumigatus_SF3S10	35	32	3	0	scaffold_6	188535	288535
Aspergillus_fumigatus_SF3S10	38	35	3	0	scaffold_5	408682	508682
Aspergillus_fumigatus_SF3S10	35	35	0	0	scaffold_1	587649	687649
Aspergillus_fumigatus_SF3S10	35	34	1	0	scaffold_6	955187	1055187
Aspergillus_fumigatus_SF3S10	31	31	0	0	scaffold_4	3404506	3504506
Aspergillus_fumigatus_SF3S10	38	36	2	0	scaffold_1	2215590	2315590
Aspergillus_fumigatus_SF3S10	44	43	1	0	scaffold_6	1968483	2068483
Aspergillus_fumigatus_SF3S10	37	36	1	0	scaffold_6	870680	970680
Aspergillus_fumigatus_SF3S10	39	35	4	0	scaffold_3	2275355	2375355
Aspergillus_fumigatus_SF3S10	22	17	5	0	scaffold_5	1224045	1324045
Aspergillus_fumigatus_SF3S10	37	32	5	0	scaffold_8	830165	930165
Aspergillus_fumigatus_SF3S10	39	36	3	0	scaffold_8	74955	174955
Aspergillus_fumigatus_SF3S10	40	31	9	0	scaffold_1	4262515	4362515
Aspergillus_fumigatus_SF3S10	49	46	3	0	scaffold_4	26623	126623
Aspergillus_fumigatus_SF3S10	36	28	8	0	scaffold_1	3526400	3626400
Aspergillus_fumigatus_SF3S10	33	30	3	0	scaffold_2	3393319	3493319
Aspergillus_fumigatus_SF3S10	27	24	3	0	scaffold_6	3076044	3176044
Aspergillus_fumigatus_SF3S10	43	40	3	0	scaffold_5	2675481	2775481
Aspergillus_fumigatus_SF3S10	27	25	2	0	scaffold_3	2677955	2777955
Aspergillus_fumigatus_SF3S10	41	40	1	0	scaffold_5	3454949	3554949
Aspergillus_fumigatus_SF3S10	35	34	1	0	scaffold_2	4281062	4381062
Aspergillus_fumigatus_SF3S10	41	33	8	0	scaffold_1	3279686	3379686
Aspergillus_fumigatus_SF3S10	25	22	3	0	scaffold_1	2152176	2252176
Aspergillus_fumigatus_SF3S10	40	36	4	0	scaffold_5	1340032	1440032
Aspergillus_fumigatus_SF3S10	32	24	8	0	scaffold_6	383826	483826
Aspergillus_fumigatus_SF3S10	41	38	3	0	scaffold_7	281757	381757
Aspergillus_fumigatus_SF3S10	31	29	2	0	scaffold_2	3079460	3179460
Aspergillus_fumigatus_SF3S10	35	34	1	0	scaffold_4	2081009	2181009
Aspergillus_fumigatus_SF3S10	41	36	5	0	scaffold_4	3740713	3840713
Aspergillus_fumigatus_SF3S10	37	35	2	0	scaffold_1	394747	494747
Aspergillus_fumigatus_SF3S10	48	40	8	0	scaffold_7	1491456	1591456
Aspergillus_fumigatus_SF3S10	44	38	6	0	scaffold_3	422725	522725
Aspergillus_fumigatus_SF3S10	31	31	0	0	scaffold_2	1570442	1670442
Aspergillus_fumigatus_SF3S10	41	36	5	0	scaffold_6	479589	579589
Aspergillus_fumigatus_SF3S10	28	23	5	0	scaffold_6	2504453	2604453
Aspergillus_fumigatus_SF3S10	39	39	0	0	scaffold_3	306085	406085
Aspergillus_fumigatus_SF3S10	37	0	37	0	scaffold_1	4439681	4539681
Aspergillus_fumigatus_SF3S10	41	38	3	0	scaffold_6	1759250	1859250
Aspergillus_fumigatus_SF3S10	22	20	2	0	scaffold_6	1205807	1305807
Aspergillus_fumigatus_SF3S10	38	33	5	0	scaffold_5	2100735	2200735
Aspergillus_fumigatus_SF3S10	43	42	1	0	scaffold_6	1970979	2070979
Aspergillus_fumigatus_SF3S10	38	34	4	0	scaffold_4	3791492	3891492
Aspergillus_fumigatus_SF3S10	41	40	1	0	scaffold_5	3455009	3555009
Aspergillus_fumigatus_SF3S10	30	29	1	0	scaffold_2	1516211	1616211
Aspergillus_fumigatus_SF3S10	37	36	1	0	scaffold_2	4290445	4390445
Aspergillus_fumigatus_SF3S10	30	28	2	0	scaffold_6	2776897	2876897
Aspergillus_fumigatus_SF3S10	35	35	0	0	scaffold_5	3060669	3160669
Aspergillus_fumigatus_SF3S10	39	35	4	0	scaffold_1	3906937	4006937
Aspergillus_fumigatus_SF3S10	43	35	8	0	scaffold_3	4255801	4355801
Aspergillus_fumigatus_SF3S10	35	29	6	0	scaffold_2	2571450	2671450
Aspergillus_fumigatus_SF3S10	51	43	8	0	scaffold_3	4418200	4518200
Aspergillus_fumigatus_SF3S10	37	33	4	0	scaffold_2	2754992	2854992
Aspergillus_fumigatus_SF3S10	33	27	6	0	scaffold_2	3832325	3932325
Aspergillus_fumigatus_SF3S10	39	30	9	0	scaffold_3	4015328	4115328
Aspergillus_fumigatus_SF3S10	35	32	3	0	scaffold_1	829461	929461
Aspergillus_fumigatus_SF3S10	38	35	3	0	scaffold_8	79690	179690
Aspergillus_fumigatus_SF3S10	40	36	4	0	scaffold_4	890419	990419
Aspergillus_fumigatus_SF3S10	36	35	1	0	scaffold_2	1795430	1895430
Aspergillus_fumigatus_SF3S10	32	32	0	0	scaffold_6	2190785	2290785
Aspergillus_fumigatus_SF3S10	38	36	2	0	scaffold_7	509887	609887
Aspergillus_fumigatus_SF3S10	38	36	1	1	scaffold_2	3537712	3637712
Aspergillus_fumigatus_SF3S10	33	30	3	0	scaffold_2	1016117	1116117
Aspergillus_fumigatus_SF3S10	35	32	3	0	scaffold_2	4430535	4530535
Aspergillus_fumigatus_SF3S10	40	38	2	0	scaffold_1	3830178	3930178
Aspergillus_fumigatus_SF3S10	32	27	5	0	scaffold_3	601423	701423
Aspergillus_fumigatus_SF3S10	31	30	1	0	scaffold_5	3175445	3275445
Aspergillus_fumigatus_SF3S10	39	37	2	0	scaffold_2	2262869	2362869
Aspergillus_fumigatus_SF3S10	39	38	1	0	scaffold_1	2451903	2551903
Aspergillus_fumigatus_SF3S10	28	21	7	0	scaffold_5	229190	329190
Aspergillus_fumigatus_SF3S10	37	35	2	0	scaffold_6	1622244	1722244
Aspergillus_fumigatus_SF3S10	33	32	1	0	scaffold_5	2615414	2715414
Aspergillus_fumigatus_SF3S10	27	26	1	0	scaffold_1	3145269	3245269
Aspergillus_fumigatus_SF3S10	30	29	1	0	scaffold_2	2947722	3047722
Aspergillus_fumigatus_SF3S10	37	35	2	0	scaffold_7	973818	1073818
Aspergillus_fumigatus_SF3S10	39	0	39	0	scaffold_1	4453594	4553594
Aspergillus_fumigatus_SF3S10	37	33	4	0	scaffold_5	433204	533204
Aspergillus_fumigatus_SF3S10	40	31	9	0	scaffold_3	2155273	2255273
Aspergillus_fumigatus_SF3S10	22	20	2	0	scaffold_2	1406873	1506873
Aspergillus_fumigatus_SF3S10	36	34	2	0	scaffold_5	1636306	1736306
Aspergillus_fumigatus_SF3S10	32	29	3	0	scaffold_4	1624675	1724675
Aspergillus_fumigatus_SF3S10	26	24	2	0	scaffold_1	4083437	4183437
Aspergillus_fumigatus_SF3S10	39	37	2	0	scaffold_3	935877	1035877
Aspergillus_fumigatus_SF3S10	30	28	2	0	scaffold_6	2815603	2915603
Aspergillus_fumigatus_SF3S10	32	31	1	0	scaffold_6	2168845	2268845
Aspergillus_fumigatus_SF3S10	39	35	4	0	scaffold_1	3907731	4007731
Aspergillus_fumigatus_SF3S10	37	32	5	0	scaffold_1	3958487	4058487
Aspergillus_fumigatus_SF3S10	36	31	5	0	scaffold_5	1873946	1973946
Aspergillus_fumigatus_SF3S10	32	30	2	0	scaffold_6	2787223	2887223
Aspergillus_fumigatus_SF3S10	37	33	4	0	scaffold_2	4471892	4571892
Aspergillus_fumigatus_SF3S10	28	27	1	0	scaffold_6	2695679	2795679
Aspergillus_fumigatus_SF3S10	28	27	1	0	scaffold_6	1518967	1618967
Aspergillus_fumigatus_SF3S10	43	39	4	0	scaffold_8	125215	225215
Aspergillus_fumigatus_SF3S10	30	27	3	0	scaffold_2	3817982	3917982
Aspergillus_fumigatus_SF3S10	40	37	3	0	scaffold_1	331647	431647
Aspergillus_fumigatus_SF3S10	40	35	5	0	scaffold_1	3235074	3335074
Aspergillus_fumigatus_SF3S10	32	30	2	0	scaffold_7	537786	637786
Aspergillus_fumigatus_SF3S10	37	37	0	0	scaffold_5	3481527	3581527
Aspergillus_fumigatus_SF3S10	51	38	13	0	scaffold_3	182999	282999
Aspergillus_fumigatus_SF3S10	36	31	5	0	scaffold_1	1692648	1792648
Aspergillus_fumigatus_SF3S10	36	33	3	0	scaffold_2	3290252	3390252
Aspergillus_fumigatus_SF3S10	41	36	5	0	scaffold_7	1108249	1208249
Aspergillus_fumigatus_SF3S10	30	29	1	0	scaffold_2	1500945	1600945
Aspergillus_fumigatus_SF3S10	43	39	4	0	scaffold_2	3918621	4018621
Aspergillus_fumigatus_SF3S10	45	42	3	0	scaffold_2	492333	592333
Aspergillus_fumigatus_SF3S10	37	32	5	0	scaffold_5	1897425	1997425
Aspergillus_fumigatus_SF3S10	40	33	7	0	scaffold_2	1986680	2086680
Aspergillus_fumigatus_SF3S10	32	30	2	0	scaffold_4	2442955	2542955
Aspergillus_fumigatus_SF3S10	37	33	4	0	scaffold_5	1927570	2027570
Aspergillus_fumigatus_SF3S10	40	29	11	0	scaffold_1	4275756	4375756
Aspergillus_fumigatus_SF3S10	48	40	8	0	scaffold_3	3033365	3133365
Aspergillus_fumigatus_SF3S10	40	37	3	0	scaffold_5	880253	980253
Aspergillus_fumigatus_SF3S10	47	38	9	0	scaffold_8	912147	1012147
Aspergillus_fumigatus_SF3S10	41	37	4	0	scaffold_4	2970454	3070454
Aspergillus_fumigatus_SF3S10	39	37	2	0	scaffold_7	131219	231219
Aspergillus_fumigatus_SF3S10	29	26	3	0	scaffold_4	3958593	4058593
Aspergillus_fumigatus_SF3S10	36	0	36	0	scaffold_1	4388687	4488687
Aspergillus_fumigatus_SF3S10	43	39	4	0	scaffold_1	251828	351828
Aspergillus_fumigatus_SF3S10	38	34	4	0	scaffold_4	3783746	3883746
Aspergillus_fumigatus_SF3S10	35	33	2	0	scaffold_2	4409566	4509566
Aspergillus_fumigatus_SF3S10	28	26	2	0	scaffold_1	2174724	2274724
Aspergillus_fumigatus_SF3S10	32	31	1	0	scaffold_3	681837	781837
Aspergillus_fumigatus_SF3S10	40	31	9	0	scaffold_2	88487	188487
Aspergillus_fumigatus_SF3S10	30	27	3	0	scaffold_1	2982587	3082587
Aspergillus_fumigatus_SF3S10	35	35	0	0	scaffold_3	3215296	3315296
Aspergillus_fumigatus_SF3S10	35	29	5	1	scaffold_4	468748	568748
Aspergillus_fumigatus_SF3S10	37	36	1	0	scaffold_4	2917311	3017311
Aspergillus_fumigatus_SF3S10	43	39	4	0	scaffold_1	3851368	3951368
Aspergillus_fumigatus_SF3S10	33	27	6	0	scaffold_4	2247277	2347277
Aspergillus_fumigatus_SF3S10	46	36	10	0	scaffold_3	223523	323523
Aspergillus_fumigatus_SF3S10	20	17	3	0	scaffold_3	525635	625635
Aspergillus_fumigatus_SF3S10	44	36	8	0	scaffold_3	235676	335676
Aspergillus_fumigatus_SF3S10	38	36	2	0	scaffold_5	830566	930566
Aspergillus_fumigatus_SF3S10	29	22	7	0	scaffold_6	3125276	3225276
Aspergillus_fumigatus_SF3S10	35	31	4	0	scaffold_1	3755876	3855876
Aspergillus_fumigatus_SF3S10	31	31	0	0	scaffold_6	2196447	2296447
Aspergillus_fumigatus_SF3S10	41	37	4	0	scaffold_1	4685799	4785799
Aspergillus_fumigatus_SF3S10	39	35	4	0	scaffold_5	1585953	1685953
Aspergillus_fumigatus_SF3S10	29	26	3	0	scaffold_1	1067306	1167306
Aspergillus_fumigatus_SF3S10	35	29	6	0	scaffold_5	2845756	2945756
Aspergillus_fumigatus_SF3S10	17	13	4	0	scaffold_5	162984	262984
Aspergillus_fumigatus_SF3S10	33	32	1	0	scaffold_2	1822737	1922737
Aspergillus_fumigatus_SF3S10	39	0	39	0	scaffold_1	4448767	4548767
Aspergillus_fumigatus_SF3S10	38	31	7	0	scaffold_1	4210151	4310151
Aspergillus_fumigatus_SF3S10	30	20	10	0	scaffold_6	2337857	2437857
Aspergillus_fumigatus_SF3S10	32	27	5	0	scaffold_1	3501978	3601978
Aspergillus_fumigatus_SF3S10	37	32	5	0	scaffold_7	1006166	1106166
Aspergillus_fumigatus_SF3S10	26	25	1	0	scaffold_1	1971613	2071613
Aspergillus_fumigatus_SF3S10	33	31	2	0	scaffold_6	2785896	2885896
Aspergillus_fumigatus_SF3S10	40	36	4	0	scaffold_4	2734815	2834815
Aspergillus_fumigatus_SF3S10	38	33	5	0	scaffold_8	828619	928619
Aspergillus_fumigatus_SF3S10	33	32	1	0	scaffold_3	1933584	2033584
Aspergillus_fumigatus_SF3S10	41	34	7	0	scaffold_1	136878	236878
Aspergillus_fumigatus_SF3S10	36	32	4	0	scaffold_8	582446	682446
Aspergillus_fumigatus_SF3S10	30	28	2	0	scaffold_3	2015584	2115584
Aspergillus_fumigatus_SF3S10	39	38	1	0	scaffold_4	2509412	2609412
Aspergillus_fumigatus_SF3S10	42	40	2	0	scaffold_2	3937320	4037320
Aspergillus_fumigatus_SF3S10	37	29	8	0	scaffold_2	2024711	2124711
Aspergillus_fumigatus_SF3S10	39	36	3	0	scaffold_5	1611444	1711444
Aspergillus_fumigatus_SF3S10	32	29	3	0	scaffold_4	3187293	3287293
Aspergillus_fumigatus_SF3S10	32	32	0	0	scaffold_7	1214789	1314789
Aspergillus_fumigatus_SF3S10	37	34	3	0	scaffold_2	1004195	1104195
Aspergillus_fumigatus_SF3S10	44	37	7	0	scaffold_3	4257532	4357532
Aspergillus_fumigatus_SF3S10	38	38	0	0	scaffold_1	653919	753919
Aspergillus_fumigatus_SF3S10	16	14	2	0	scaffold_7	683711	783711
Aspergillus_fumigatus_SF3S10	14	13	1	0	scaffold_3	1631872	1731872
Aspergillus_fumigatus_SF3S10	33	29	4	0	scaffold_1	1002102	1102102
Aspergillus_fumigatus_SF3S10	33	29	4	0	scaffold_4	1266776	1366776
Aspergillus_fumigatus_SF3S10	33	0	33	0	scaffold_1	4365649	4465649
Aspergillus_fumigatus_SF3S10	25	25	0	0	scaffold_7	606921	706921
Aspergillus_fumigatus_SF3S10	39	35	4	0	scaffold_6	671537	771537
Aspergillus_fumigatus_SF3S10	47	41	6	0	scaffold_7	1564299	1664299
Aspergillus_fumigatus_SF3S10	31	30	1	0	scaffold_6	2201584	2301584
Aspergillus_fumigatus_SF3S10	43	39	4	0	scaffold_1	3851716	3951716
Aspergillus_fumigatus_SF3S10	33	23	10	0	scaffold_2	3765878	3865878
Aspergillus_fumigatus_SF3S10	41	39	2	0	scaffold_1	2403433	2503433
Aspergillus_fumigatus_SF3S10	38	36	2	0	scaffold_2	4311680	4411680
Aspergillus_fumigatus_SF3S10	35	30	5	0	scaffold_7	417349	517349
Aspergillus_fumigatus_SF3S10	35	31	4	0	scaffold_3	477141	577141
Aspergillus_fumigatus_SF3S10	35	31	4	0	scaffold_5	1931011	2031011
Aspergillus_fumigatus_SF3S10	37	37	0	0	scaffold_6	852584	952584
Aspergillus_fumigatus_SF3S10	42	38	4	0	scaffold_1	3894773	3994773
Aspergillus_fumigatus_SF3S10	35	31	4	0	scaffold_1	1202636	1302636
Aspergillus_fumigatus_SF3S10	36	29	7	0	scaffold_2	2075966	2175966
Aspergillus_fumigatus_SF3S10	33	29	4	0	scaffold_1	998384	1098384
Aspergillus_fumigatus_SF3S10	41	36	5	0	scaffold_1	3367516	3467516
Aspergillus_fumigatus_SF3S10	38	35	3	0	scaffold_2	1457512	1557512
Aspergillus_fumigatus_SF3S10	32	30	2	0	scaffold_4	3137708	3237708
Aspergillus_fumigatus_SF3S10	45	36	9	0	scaffold_3	158064	258064
Aspergillus_fumigatus_SF3S10	39	32	7	0	scaffold_4	2281157	2381157
Aspergillus_fumigatus_SF3S10	33	31	2	0	scaffold_2	1865085	1965085
Aspergillus_fumigatus_SF3S10	40	29	11	0	scaffold_2	3728360	3828360
Aspergillus_fumigatus_SF3S10	33	33	0	0	scaffold_2	4258190	4358190
Aspergillus_fumigatus_SF3S10	36	15	21	0	scaffold_5	2216063	2316063
Aspergillus_fumigatus_SF3S10	35	34	1	0	scaffold_1	1298494	1398494
Aspergillus_fumigatus_SF3S10	31	30	1	0	scaffold_5	3174661	3274661
Aspergillus_fumigatus_SF3S10	37	35	2	0	scaffold_2	1785531	1885531
Aspergillus_fumigatus_SF3S10	29	27	2	0	scaffold_3	2663074	2763074
Aspergillus_fumigatus_SF3S10	36	34	2	0	scaffold_1	2567417	2667417
Aspergillus_fumigatus_SF3S10	51	48	3	0	scaffold_2	4084132	4184132
Aspergillus_fumigatus_SF3S10	38	35	3	0	scaffold_6	2060336	2160336
Aspergillus_fumigatus_SF3S10	41	33	8	0	scaffold_3	2145618	2245618
Aspergillus_fumigatus_SF3S10	42	39	3	0	scaffold_2	2395699	2495699
Aspergillus_fumigatus_SF3S10	36	32	4	0	scaffold_3	42557	142557
Aspergillus_fumigatus_SF3S10	44	41	3	0	scaffold_8	1144040	1244040
Aspergillus_fumigatus_SF3S10	39	23	16	0	scaffold_2	66471	166471
Aspergillus_fumigatus_SF3S10	42	38	4	0	scaffold_2	609528	709528
Aspergillus_fumigatus_SF3S10	26	19	7	0	scaffold_6	3093874	3193874
Aspergillus_fumigatus_SF3S10	37	34	3	0	scaffold_4	2741202	2841202
Aspergillus_fumigatus_SF3S10	37	32	5	0	scaffold_5	3302615	3402615
Aspergillus_fumigatus_SF3S10	20	17	3	0	scaffold_1	2127501	2227501
Aspergillus_fumigatus_SF3S10	48	44	4	0	scaffold_4	40028	140028
Aspergillus_fumigatus_SF3S10	35	0	35	0	scaffold_1	4392428	4492428
Aspergillus_fumigatus_SF3S10	49	42	7	0	scaffold_8	877223	977223
Aspergillus_fumigatus_SF3S10	37	35	2	0	scaffold_5	826501	926501
Aspergillus_fumigatus_SF3S10	36	34	1	1	scaffold_2	3500255	3600255
Aspergillus_fumigatus_SF3S10	33	28	5	0	scaffold_7	397935	497935
Aspergillus_fumigatus_SF3S10	43	37	6	0	scaffold_3	3061459	3161459
Aspergillus_fumigatus_SF3S10	31	29	2	0	scaffold_3	1242645	1342645
Aspergillus_fumigatus_SF3S10	42	38	4	0	scaffold_5	1352889	1452889
Aspergillus_fumigatus_SF3S10	33	32	1	0	scaffold_4	3307080	3407080
Aspergillus_fumigatus_SF3S10	34	33	1	0	scaffold_6	903559	1003559
Aspergillus_fumigatus_SF3S10	36	31	5	0	scaffold_2	3846920	3946920
Aspergillus_fumigatus_SF3S10	30	29	1	0	scaffold_4	233048	333048
Aspergillus_fumigatus_SF3S10	23	1	22	0	scaffold_2	712264	812264
Aspergillus_fumigatus_SF3S10	34	32	2	0	scaffold_4	2649707	2749707
