STRAIN	TOTAL	CORE	ACCESSORY	SINGLETON	CHROM	START	END
Aspergillus_fumigatus_Afu_257_E11	40	35	5	0	scaffold_5	2551338	2651338
Aspergillus_fumigatus_Afu_257_E11	32	32	0	0	scaffold_6	3000830	3100830
Aspergillus_fumigatus_Afu_257_E11	33	32	1	0	scaffold_3	1568152	1668152
Aspergillus_fumigatus_Afu_257_E11	41	37	4	0	scaffold_2	2818065	2918065
Aspergillus_fumigatus_Afu_257_E11	33	32	1	0	scaffold_2	3828763	3928763
Aspergillus_fumigatus_Afu_257_E11	38	37	1	0	scaffold_1	2265258	2365258
Aspergillus_fumigatus_Afu_257_E11	40	38	2	0	scaffold_5	1039851	1139851
Aspergillus_fumigatus_Afu_257_E11	34	27	7	0	scaffold_8	1297799	1397799
Aspergillus_fumigatus_Afu_257_E11	40	31	9	0	scaffold_2	2689025	2789025
Aspergillus_fumigatus_Afu_257_E11	39	32	7	0	scaffold_1	1339283	1439283
Aspergillus_fumigatus_Afu_257_E11	42	35	7	0	scaffold_4	12378	112378
Aspergillus_fumigatus_Afu_257_E11	35	33	2	0	scaffold_3	2684399	2784399
Aspergillus_fumigatus_Afu_257_E11	45	35	10	0	scaffold_4	3588199	3688199
Aspergillus_fumigatus_Afu_257_E11	35	34	1	0	scaffold_4	863928	963928
Aspergillus_fumigatus_Afu_257_E11	38	33	5	0	scaffold_3	688519	788519
Aspergillus_fumigatus_Afu_257_E11	43	41	2	0	scaffold_3	1418830	1518830
Aspergillus_fumigatus_Afu_257_E11	35	33	2	0	scaffold_3	2721415	2821415
Aspergillus_fumigatus_Afu_257_E11	31	29	2	0	scaffold_1	1482482	1582482
Aspergillus_fumigatus_Afu_257_E11	21	19	2	0	scaffold_4	1073971	1173971
Aspergillus_fumigatus_Afu_257_E11	27	27	0	0	scaffold_6	2743739	2843739
Aspergillus_fumigatus_Afu_257_E11	41	37	4	0	scaffold_3	2639814	2739814
Aspergillus_fumigatus_Afu_257_E11	41	39	2	0	scaffold_3	3759788	3859788
Aspergillus_fumigatus_Afu_257_E11	32	30	2	0	scaffold_5	321553	421553
Aspergillus_fumigatus_Afu_257_E11	34	25	9	0	scaffold_5	2517804	2617804
Aspergillus_fumigatus_Afu_257_E11	36	33	3	0	scaffold_3	1282693	1382693
Aspergillus_fumigatus_Afu_257_E11	45	41	4	0	scaffold_2	2232331	2332331
Aspergillus_fumigatus_Afu_257_E11	30	29	1	0	scaffold_1	1259064	1359064
Aspergillus_fumigatus_Afu_257_E11	20	18	2	0	scaffold_1	1732264	1832264
Aspergillus_fumigatus_Afu_257_E11	37	34	3	0	scaffold_3	2488180	2588180
Aspergillus_fumigatus_Afu_257_E11	35	32	3	0	scaffold_2	1264531	1364531
Aspergillus_fumigatus_Afu_257_E11	30	30	0	0	scaffold_6	2596933	2696933
Aspergillus_fumigatus_Afu_257_E11	44	39	5	0	scaffold_1	3728579	3828579
Aspergillus_fumigatus_Afu_257_E11	19	16	3	0	scaffold_8	739111	839111
Aspergillus_fumigatus_Afu_257_E11	44	42	2	0	scaffold_7	225656	325656
Aspergillus_fumigatus_Afu_257_E11	32	32	0	0	scaffold_4	2089497	2189497
Aspergillus_fumigatus_Afu_257_E11	47	38	9	0	scaffold_7	1395669	1495669
Aspergillus_fumigatus_Afu_257_E11	35	26	9	0	scaffold_6	3455417	3555417
Aspergillus_fumigatus_Afu_257_E11	30	28	2	0	scaffold_6	1361188	1461188
Aspergillus_fumigatus_Afu_257_E11	35	32	3	0	scaffold_6	3417899	3517899
Aspergillus_fumigatus_Afu_257_E11	32	29	3	0	scaffold_6	2341771	2441771
Aspergillus_fumigatus_Afu_257_E11	17	14	3	0	scaffold_6	3598689	3698689
Aspergillus_fumigatus_Afu_257_E11	27	24	3	0	scaffold_7	538651	638651
Aspergillus_fumigatus_Afu_257_E11	48	39	9	0	scaffold_2	2304528	2404528
Aspergillus_fumigatus_Afu_257_E11	37	35	2	0	scaffold_1	2419115	2519115
Aspergillus_fumigatus_Afu_257_E11	41	35	6	0	scaffold_2	448382	548382
Aspergillus_fumigatus_Afu_257_E11	32	29	3	0	scaffold_7	607664	707664
Aspergillus_fumigatus_Afu_257_E11	41	36	5	0	scaffold_6	315885	415885
Aspergillus_fumigatus_Afu_257_E11	26	26	0	0	scaffold_6	2759161	2859161
Aspergillus_fumigatus_Afu_257_E11	32	31	1	0	scaffold_2	4218808	4318808
Aspergillus_fumigatus_Afu_257_E11	38	32	6	0	scaffold_1	1593873	1693873
Aspergillus_fumigatus_Afu_257_E11	35	33	2	0	scaffold_1	1140112	1240112
Aspergillus_fumigatus_Afu_257_E11	35	34	1	0	scaffold_4	2704704	2804704
Aspergillus_fumigatus_Afu_257_E11	17	14	3	0	scaffold_8	732828	832828
Aspergillus_fumigatus_Afu_257_E11	32	31	1	0	scaffold_6	2652197	2752197
Aspergillus_fumigatus_Afu_257_E11	37	35	2	0	scaffold_1	1144519	1244519
Aspergillus_fumigatus_Afu_257_E11	43	38	5	0	scaffold_2	3329947	3429947
Aspergillus_fumigatus_Afu_257_E11	39	34	5	0	scaffold_5	1938939	2038939
Aspergillus_fumigatus_Afu_257_E11	31	29	2	0	scaffold_8	4557	104557
Aspergillus_fumigatus_Afu_257_E11	37	34	3	0	scaffold_2	504288	604288
Aspergillus_fumigatus_Afu_257_E11	37	35	2	0	scaffold_1	2188263	2288263
Aspergillus_fumigatus_Afu_257_E11	31	29	2	0	scaffold_1	1492065	1592065
Aspergillus_fumigatus_Afu_257_E11	39	36	3	0	scaffold_8	531027	631027
Aspergillus_fumigatus_Afu_257_E11	29	26	3	0	scaffold_2	4272687	4372687
Aspergillus_fumigatus_Afu_257_E11	41	38	3	0	scaffold_3	490115	590115
Aspergillus_fumigatus_Afu_257_E11	41	38	3	0	scaffold_3	500571	600571
Aspergillus_fumigatus_Afu_257_E11	40	29	11	0	scaffold_3	1639435	1739435
Aspergillus_fumigatus_Afu_257_E11	41	41	0	0	scaffold_2	1549927	1649927
Aspergillus_fumigatus_Afu_257_E11	30	29	1	0	scaffold_1	1859283	1959283
Aspergillus_fumigatus_Afu_257_E11	43	41	2	0	scaffold_7	225041	325041
Aspergillus_fumigatus_Afu_257_E11	38	30	8	0	scaffold_5	2532144	2632144
Aspergillus_fumigatus_Afu_257_E11	38	33	5	0	scaffold_2	493619	593619
Aspergillus_fumigatus_Afu_257_E11	39	32	7	0	scaffold_2	4489733	4589733
Aspergillus_fumigatus_Afu_257_E11	31	30	1	0	scaffold_1	2602274	2702274
Aspergillus_fumigatus_Afu_257_E11	34	5	29	0	scaffold_1	4228052	4328052
Aspergillus_fumigatus_Afu_257_E11	40	36	4	0	scaffold_2	3269106	3369106
Aspergillus_fumigatus_Afu_257_E11	29	27	2	0	scaffold_4	1870972	1970972
Aspergillus_fumigatus_Afu_257_E11	45	37	8	0	scaffold_2	2326523	2426523
Aspergillus_fumigatus_Afu_257_E11	39	13	26	0	scaffold_1	4428733	4528733
Aspergillus_fumigatus_Afu_257_E11	37	37	0	0	scaffold_4	492626	592626
Aspergillus_fumigatus_Afu_257_E11	31	29	2	0	scaffold_2	3430741	3530741
Aspergillus_fumigatus_Afu_257_E11	17	16	1	0	scaffold_2	738834	838834
Aspergillus_fumigatus_Afu_257_E11	43	39	4	0	scaffold_6	1570630	1670630
Aspergillus_fumigatus_Afu_257_E11	32	32	0	0	scaffold_1	2690965	2790965
Aspergillus_fumigatus_Afu_257_E11	35	32	3	0	scaffold_4	1226675	1326675
Aspergillus_fumigatus_Afu_257_E11	35	32	3	0	scaffold_1	1532117	1632117
Aspergillus_fumigatus_Afu_257_E11	30	29	1	0	scaffold_1	1860932	1960932
Aspergillus_fumigatus_Afu_257_E11	41	37	4	0	scaffold_1	250495	350495
Aspergillus_fumigatus_Afu_257_E11	37	36	1	0	scaffold_5	3233597	3333597
Aspergillus_fumigatus_Afu_257_E11	40	36	4	0	scaffold_2	2773220	2873220
Aspergillus_fumigatus_Afu_257_E11	38	38	0	0	scaffold_6	1279140	1379140
Aspergillus_fumigatus_Afu_257_E11	15	13	2	0	scaffold_8	709826	809826
Aspergillus_fumigatus_Afu_257_E11	40	34	6	0	scaffold_4	2430969	2530969
Aspergillus_fumigatus_Afu_257_E11	47	39	8	0	scaffold_2	2319079	2419079
Aspergillus_fumigatus_Afu_257_E11	46	35	11	0	scaffold_1	97071	197071
Aspergillus_fumigatus_Afu_257_E11	30	29	1	0	scaffold_1	1269989	1369989
Aspergillus_fumigatus_Afu_257_E11	29	27	2	0	scaffold_2	4263197	4363197
Aspergillus_fumigatus_Afu_257_E11	26	25	1	0	scaffold_4	1282137	1382137
Aspergillus_fumigatus_Afu_257_E11	35	35	0	0	scaffold_4	3178755	3278755
Aspergillus_fumigatus_Afu_257_E11	38	34	4	0	scaffold_3	3714639	3814639
Aspergillus_fumigatus_Afu_257_E11	33	29	4	0	scaffold_1	989999	1089999
Aspergillus_fumigatus_Afu_257_E11	45	41	4	0	scaffold_7	1652895	1752895
Aspergillus_fumigatus_Afu_257_E11	33	27	6	0	scaffold_1	1017666	1117666
Aspergillus_fumigatus_Afu_257_E11	37	34	3	0	scaffold_4	1998916	2098916
Aspergillus_fumigatus_Afu_257_E11	31	28	3	0	scaffold_1	1542226	1642226
Aspergillus_fumigatus_Afu_257_E11	39	34	5	0	scaffold_5	1951900	2051900
Aspergillus_fumigatus_Afu_257_E11	36	36	0	0	scaffold_5	3168694	3268694
Aspergillus_fumigatus_Afu_257_E11	40	37	3	0	scaffold_6	3383946	3483946
Aspergillus_fumigatus_Afu_257_E11	40	35	5	0	scaffold_7	489213	589213
Aspergillus_fumigatus_Afu_257_E11	47	39	8	0	scaffold_2	2297738	2397738
Aspergillus_fumigatus_Afu_257_E11	28	27	1	0	scaffold_6	2560481	2660481
Aspergillus_fumigatus_Afu_257_E11	30	30	0	0	scaffold_1	2697192	2797192
Aspergillus_fumigatus_Afu_257_E11	33	31	2	0	scaffold_1	1194404	1294404
Aspergillus_fumigatus_Afu_257_E11	36	31	5	0	scaffold_3	1904727	2004727
Aspergillus_fumigatus_Afu_257_E11	21	19	2	0	scaffold_7	751803	851803
Aspergillus_fumigatus_Afu_257_E11	43	39	4	0	scaffold_5	1585059	1685059
Aspergillus_fumigatus_Afu_257_E11	39	35	4	0	scaffold_4	2413257	2513257
Aspergillus_fumigatus_Afu_257_E11	24	21	3	0	scaffold_1	1681054	1781054
Aspergillus_fumigatus_Afu_257_E11	31	29	2	0	scaffold_4	2988103	3088103
Aspergillus_fumigatus_Afu_257_E11	37	35	2	0	scaffold_3	2991878	3091878
Aspergillus_fumigatus_Afu_257_E11	35	30	5	0	scaffold_5	3004369	3104369
Aspergillus_fumigatus_Afu_257_E11	45	41	4	0	scaffold_3	2234062	2334062
Aspergillus_fumigatus_Afu_257_E11	44	40	4	0	scaffold_3	2209037	2309037
Aspergillus_fumigatus_Afu_257_E11	27	18	9	0	scaffold_6	186009	286009
Aspergillus_fumigatus_Afu_257_E11	40	35	5	0	scaffold_5	2675618	2775618
Aspergillus_fumigatus_Afu_257_E11	35	33	2	0	scaffold_6	2538455	2638455
Aspergillus_fumigatus_Afu_257_E11	34	30	4	0	scaffold_6	3425446	3525446
Aspergillus_fumigatus_Afu_257_E11	38	31	7	0	scaffold_5	2697912	2797912
Aspergillus_fumigatus_Afu_257_E11	30	30	0	0	scaffold_1	3052448	3152448
Aspergillus_fumigatus_Afu_257_E11	38	37	1	0	scaffold_4	2888796	2988796
Aspergillus_fumigatus_Afu_257_E11	33	31	2	0	scaffold_6	2000815	2100815
Aspergillus_fumigatus_Afu_257_E11	39	36	3	0	scaffold_4	2011016	2111016
Aspergillus_fumigatus_Afu_257_E11	39	35	4	0	scaffold_2	3290522	3390522
Aspergillus_fumigatus_Afu_257_E11	40	34	6	0	scaffold_8	1179264	1279264
Aspergillus_fumigatus_Afu_257_E11	38	37	1	0	scaffold_1	464279	564279
Aspergillus_fumigatus_Afu_257_E11	32	29	3	0	scaffold_2	3708665	3808665
Aspergillus_fumigatus_Afu_257_E11	34	31	3	0	scaffold_5	3361944	3461944
Aspergillus_fumigatus_Afu_257_E11	36	34	2	0	scaffold_6	836522	936522
Aspergillus_fumigatus_Afu_257_E11	30	23	7	0	scaffold_3	1930125	2030125
Aspergillus_fumigatus_Afu_257_E11	38	32	6	0	scaffold_1	2950477	3050477
Aspergillus_fumigatus_Afu_257_E11	23	18	5	0	scaffold_7	804534	904534
Aspergillus_fumigatus_Afu_257_E11	36	33	2	1	scaffold_3	3312601	3412601
Aspergillus_fumigatus_Afu_257_E11	38	35	3	0	scaffold_4	54200	154200
Aspergillus_fumigatus_Afu_257_E11	23	21	2	0	scaffold_5	1208524	1308524
Aspergillus_fumigatus_Afu_257_E11	36	34	2	0	scaffold_4	1191004	1291004
Aspergillus_fumigatus_Afu_257_E11	13	13	0	0	scaffold_3	1079443	1179443
Aspergillus_fumigatus_Afu_257_E11	39	37	2	0	scaffold_8	949035	1049035
Aspergillus_fumigatus_Afu_257_E11	30	27	3	0	scaffold_3	1143405	1243405
Aspergillus_fumigatus_Afu_257_E11	36	33	3	0	scaffold_3	3102240	3202240
Aspergillus_fumigatus_Afu_257_E11	40	34	6	0	scaffold_4	2431507	2531507
Aspergillus_fumigatus_Afu_257_E11	35	34	1	0	scaffold_4	2743317	2843317
Aspergillus_fumigatus_Afu_257_E11	35	34	1	0	scaffold_4	851807	951807
Aspergillus_fumigatus_Afu_257_E11	35	30	5	0	scaffold_6	595064	695064
Aspergillus_fumigatus_Afu_257_E11	47	37	10	0	scaffold_1	16144	116144
Aspergillus_fumigatus_Afu_257_E11	37	31	6	0	scaffold_8	1270632	1370632
Aspergillus_fumigatus_Afu_257_E11	35	29	6	0	scaffold_8	1253823	1353823
Aspergillus_fumigatus_Afu_257_E11	37	35	2	0	scaffold_4	2805561	2905561
Aspergillus_fumigatus_Afu_257_E11	37	32	5	0	scaffold_2	646168	746168
Aspergillus_fumigatus_Afu_257_E11	39	0	39	0	scaffold_1	4364097	4464097
Aspergillus_fumigatus_Afu_257_E11	45	41	4	0	scaffold_6	2238345	2338345
Aspergillus_fumigatus_Afu_257_E11	32	31	1	0	scaffold_2	3847125	3947125
Aspergillus_fumigatus_Afu_257_E11	30	23	7	0	scaffold_6	228877	328877
Aspergillus_fumigatus_Afu_257_E11	34	26	8	0	scaffold_5	2981999	3081999
Aspergillus_fumigatus_Afu_257_E11	38	30	8	0	scaffold_8	384803	484803
Aspergillus_fumigatus_Afu_257_E11	35	35	0	0	scaffold_6	2973916	3073916
Aspergillus_fumigatus_Afu_257_E11	37	34	3	0	scaffold_4	2327458	2427458
Aspergillus_fumigatus_Afu_257_E11	47	43	4	0	scaffold_2	116089	216089
Aspergillus_fumigatus_Afu_257_E11	32	30	2	0	scaffold_4	1254658	1354658
Aspergillus_fumigatus_Afu_257_E11	44	35	9	0	scaffold_6	287832	387832
Aspergillus_fumigatus_Afu_257_E11	37	29	8	0	scaffold_8	380833	480833
Aspergillus_fumigatus_Afu_257_E11	42	39	3	0	scaffold_5	423838	523838
Aspergillus_fumigatus_Afu_257_E11	37	33	4	0	scaffold_1	3855262	3955262
Aspergillus_fumigatus_Afu_257_E11	40	35	5	0	scaffold_1	3792656	3892656
Aspergillus_fumigatus_Afu_257_E11	35	32	3	0	scaffold_2	2845614	2945614
Aspergillus_fumigatus_Afu_257_E11	16	15	1	0	scaffold_6	1136968	1236968
Aspergillus_fumigatus_Afu_257_E11	35	31	4	0	scaffold_2	4305831	4405831
Aspergillus_fumigatus_Afu_257_E11	28	28	0	0	scaffold_6	2782337	2882337
Aspergillus_fumigatus_Afu_257_E11	40	40	0	0	scaffold_4	277716	377716
Aspergillus_fumigatus_Afu_257_E11	31	31	0	0	scaffold_4	1906569	2006569
Aspergillus_fumigatus_Afu_257_E11	35	33	2	0	scaffold_4	2697864	2797864
Aspergillus_fumigatus_Afu_257_E11	37	32	5	0	scaffold_1	207676	307676
Aspergillus_fumigatus_Afu_257_E11	33	24	9	0	scaffold_5	2966868	3066868
Aspergillus_fumigatus_Afu_257_E11	37	36	1	0	scaffold_2	1231680	1331680
Aspergillus_fumigatus_Afu_257_E11	44	40	4	0	scaffold_3	821589	921589
Aspergillus_fumigatus_Afu_257_E11	40	36	4	0	scaffold_1	398370	498370
Aspergillus_fumigatus_Afu_257_E11	41	0	41	0	scaffold_1	4371822	4471822
Aspergillus_fumigatus_Afu_257_E11	37	34	3	0	scaffold_6	845452	945452
Aspergillus_fumigatus_Afu_257_E11	41	33	8	0	scaffold_1	4085443	4185443
Aspergillus_fumigatus_Afu_257_E11	37	35	2	0	scaffold_1	1166733	1266733
Aspergillus_fumigatus_Afu_257_E11	36	34	2	0	scaffold_6	2517378	2617378
Aspergillus_fumigatus_Afu_257_E11	34	32	2	0	scaffold_5	329274	429274
Aspergillus_fumigatus_Afu_257_E11	39	38	1	0	scaffold_1	2266966	2366966
Aspergillus_fumigatus_Afu_257_E11	38	37	1	0	scaffold_1	2338580	2438580
Aspergillus_fumigatus_Afu_257_E11	43	40	3	0	scaffold_3	2174308	2274308
Aspergillus_fumigatus_Afu_257_E11	33	29	4	0	scaffold_1	963457	1063457
Aspergillus_fumigatus_Afu_257_E11	44	43	1	0	scaffold_4	946257	1046257
Aspergillus_fumigatus_Afu_257_E11	44	34	10	0	scaffold_1	115713	215713
Aspergillus_fumigatus_Afu_257_E11	29	27	2	0	scaffold_4	1869416	1969416
Aspergillus_fumigatus_Afu_257_E11	39	34	5	0	scaffold_4	2582045	2682045
Aspergillus_fumigatus_Afu_257_E11	34	32	2	0	scaffold_1	1280001	1380001
Aspergillus_fumigatus_Afu_257_E11	33	3	30	0	scaffold_1	4231632	4331632
Aspergillus_fumigatus_Afu_257_E11	32	29	3	0	scaffold_1	3502823	3602823
Aspergillus_fumigatus_Afu_257_E11	35	25	10	0	scaffold_3	3569123	3669123
Aspergillus_fumigatus_Afu_257_E11	40	36	4	0	scaffold_5	1972609	2072609
Aspergillus_fumigatus_Afu_257_E11	39	32	7	0	scaffold_1	4129412	4229412
Aspergillus_fumigatus_Afu_257_E11	28	26	2	0	scaffold_6	1367852	1467852
Aspergillus_fumigatus_Afu_257_E11	31	31	0	0	scaffold_1	2679292	2779292
Aspergillus_fumigatus_Afu_257_E11	31	23	8	0	scaffold_2	2655080	2755080
Aspergillus_fumigatus_Afu_257_E11	28	22	6	0	scaffold_5	215680	315680
Aspergillus_fumigatus_Afu_257_E11	39	37	2	0	scaffold_6	1800422	1900422
Aspergillus_fumigatus_Afu_257_E11	42	38	4	0	scaffold_6	1602717	1702717
Aspergillus_fumigatus_Afu_257_E11	24	22	2	0	scaffold_1	1717461	1817461
Aspergillus_fumigatus_Afu_257_E11	21	21	0	0	scaffold_6	1043544	1143544
Aspergillus_fumigatus_Afu_257_E11	26	26	0	0	scaffold_2	796490	896490
Aspergillus_fumigatus_Afu_257_E11	40	38	2	0	scaffold_6	947452	1047452
Aspergillus_fumigatus_Afu_257_E11	33	28	5	0	scaffold_6	2089767	2189767
Aspergillus_fumigatus_Afu_257_E11	31	31	0	0	scaffold_3	2086202	2186202
Aspergillus_fumigatus_Afu_257_E11	30	27	3	0	scaffold_4	2171537	2271537
Aspergillus_fumigatus_Afu_257_E11	34	32	2	0	scaffold_4	766990	866990
Aspergillus_fumigatus_Afu_257_E11	43	38	5	0	scaffold_5	2809772	2909772
Aspergillus_fumigatus_Afu_257_E11	47	42	5	0	scaffold_1	4639502	4739502
Aspergillus_fumigatus_Afu_257_E11	41	36	5	0	scaffold_5	702497	802497
Aspergillus_fumigatus_Afu_257_E11	38	36	2	0	scaffold_8	950659	1050659
Aspergillus_fumigatus_Afu_257_E11	36	35	1	0	scaffold_4	2783542	2883542
Aspergillus_fumigatus_Afu_257_E11	36	29	7	0	scaffold_8	378661	478661
Aspergillus_fumigatus_Afu_257_E11	35	33	2	0	scaffold_1	926653	1026653
Aspergillus_fumigatus_Afu_257_E11	35	35	0	0	scaffold_4	2075873	2175873
Aspergillus_fumigatus_Afu_257_E11	34	4	30	0	scaffold_1	4229663	4329663
Aspergillus_fumigatus_Afu_257_E11	33	27	6	0	scaffold_2	620184	720184
Aspergillus_fumigatus_Afu_257_E11	41	39	2	0	scaffold_6	1812176	1912176
Aspergillus_fumigatus_Afu_257_E11	33	31	2	0	scaffold_1	1500198	1600198
Aspergillus_fumigatus_Afu_257_E11	35	29	6	0	scaffold_7	34115	134115
Aspergillus_fumigatus_Afu_257_E11	45	43	2	0	scaffold_2	4156016	4256016
Aspergillus_fumigatus_Afu_257_E11	35	34	1	0	scaffold_4	3092575	3192575
Aspergillus_fumigatus_Afu_257_E11	37	33	4	0	scaffold_5	447744	547744
Aspergillus_fumigatus_Afu_257_E11	41	33	8	0	scaffold_1	3162871	3262871
Aspergillus_fumigatus_Afu_257_E11	37	34	3	0	scaffold_6	619395	719395
Aspergillus_fumigatus_Afu_257_E11	34	32	2	0	scaffold_5	1693906	1793906
Aspergillus_fumigatus_Afu_257_E11	32	30	2	0	scaffold_1	1929234	2029234
Aspergillus_fumigatus_Afu_257_E11	36	35	1	0	scaffold_5	3223995	3323995
Aspergillus_fumigatus_Afu_257_E11	38	33	5	0	scaffold_1	3108126	3208126
Aspergillus_fumigatus_Afu_257_E11	30	30	0	0	scaffold_4	2103171	2203171
Aspergillus_fumigatus_Afu_257_E11	40	35	5	0	scaffold_2	1748899	1848899
Aspergillus_fumigatus_Afu_257_E11	37	33	4	0	scaffold_1	824769	924769
Aspergillus_fumigatus_Afu_257_E11	18	15	3	0	scaffold_8	737543	837543
Aspergillus_fumigatus_Afu_257_E11	36	33	3	0	scaffold_3	539007	639007
Aspergillus_fumigatus_Afu_257_E11	41	38	3	0	scaffold_8	145885	245885
Aspergillus_fumigatus_Afu_257_E11	41	41	0	0	scaffold_2	1493794	1593794
Aspergillus_fumigatus_Afu_257_E11	39	34	5	0	scaffold_7	301787	401787
Aspergillus_fumigatus_Afu_257_E11	34	32	2	0	scaffold_3	2740169	2840169
Aspergillus_fumigatus_Afu_257_E11	39	37	2	0	scaffold_4	2838053	2938053
Aspergillus_fumigatus_Afu_257_E11	41	36	5	0	scaffold_5	2562957	2662957
Aspergillus_fumigatus_Afu_257_E11	39	34	5	0	scaffold_1	4543090	4643090
Aspergillus_fumigatus_Afu_257_E11	43	38	5	0	scaffold_3	2196268	2296268
Aspergillus_fumigatus_Afu_257_E11	31	29	2	0	scaffold_6	1375248	1475248
Aspergillus_fumigatus_Afu_257_E11	34	32	2	0	scaffold_2	3114853	3214853
Aspergillus_fumigatus_Afu_257_E11	33	25	8	0	scaffold_2	2622599	2722599
Aspergillus_fumigatus_Afu_257_E11	46	41	5	0	scaffold_5	3567120	3667120
Aspergillus_fumigatus_Afu_257_E11	35	34	1	0	scaffold_4	2231183	2331183
Aspergillus_fumigatus_Afu_257_E11	36	34	2	0	scaffold_5	3387891	3487891
Aspergillus_fumigatus_Afu_257_E11	37	21	16	0	scaffold_1	4171235	4271235
Aspergillus_fumigatus_Afu_257_E11	43	42	1	0	scaffold_6	1764493	1864493
Aspergillus_fumigatus_Afu_257_E11	42	38	4	0	scaffold_1	4674656	4774656
Aspergillus_fumigatus_Afu_257_E11	34	30	4	0	scaffold_7	372113	472113
Aspergillus_fumigatus_Afu_257_E11	39	36	3	0	scaffold_3	1509719	1609719
Aspergillus_fumigatus_Afu_257_E11	41	37	4	0	scaffold_5	1169822	1269822
Aspergillus_fumigatus_Afu_257_E11	34	27	7	0	scaffold_6	240491	340491
Aspergillus_fumigatus_Afu_257_E11	30	29	1	0	scaffold_1	1247957	1347957
Aspergillus_fumigatus_Afu_257_E11	42	41	1	0	scaffold_6	1702391	1802391
Aspergillus_fumigatus_Afu_257_E11	49	44	5	0	scaffold_2	2256358	2356358
Aspergillus_fumigatus_Afu_257_E11	37	35	2	0	scaffold_6	815614	915614
Aspergillus_fumigatus_Afu_257_E11	33	28	5	0	scaffold_1	1620888	1720888
Aspergillus_fumigatus_Afu_257_E11	40	36	4	0	scaffold_5	1167177	1267177
Aspergillus_fumigatus_Afu_257_E11	32	32	0	0	scaffold_6	2034429	2134429
Aspergillus_fumigatus_Afu_257_E11	36	32	4	0	scaffold_3	255599	355599
Aspergillus_fumigatus_Afu_257_E11	38	30	8	0	scaffold_1	4114462	4214462
Aspergillus_fumigatus_Afu_257_E11	33	28	5	0	scaffold_1	3406117	3506117
Aspergillus_fumigatus_Afu_257_E11	24	21	3	0	scaffold_3	1122734	1222734
Aspergillus_fumigatus_Afu_257_E11	35	27	8	0	scaffold_4	3314769	3414769
Aspergillus_fumigatus_Afu_257_E11	20	17	3	0	scaffold_8	742233	842233
Aspergillus_fumigatus_Afu_257_E11	26	23	3	0	scaffold_1	1945238	2045238
Aspergillus_fumigatus_Afu_257_E11	32	29	3	0	scaffold_5	1845820	1945820
Aspergillus_fumigatus_Afu_257_E11	38	36	2	0	scaffold_3	2675463	2775463
Aspergillus_fumigatus_Afu_257_E11	35	31	4	0	scaffold_2	2714922	2814922
Aspergillus_fumigatus_Afu_257_E11	43	41	2	0	scaffold_6	2269607	2369607
Aspergillus_fumigatus_Afu_257_E11	36	33	3	0	scaffold_7	1586777	1686777
Aspergillus_fumigatus_Afu_257_E11	26	17	9	0	scaffold_6	182207	282207
Aspergillus_fumigatus_Afu_257_E11	29	24	5	0	scaffold_1	1663132	1763132
Aspergillus_fumigatus_Afu_257_E11	37	36	1	0	scaffold_5	3681292	3781292
Aspergillus_fumigatus_Afu_257_E11	43	35	8	0	scaffold_1	4007582	4107582
Aspergillus_fumigatus_Afu_257_E11	36	32	4	0	scaffold_3	1866661	1966661
Aspergillus_fumigatus_Afu_257_E11	35	33	2	0	scaffold_4	2682444	2782444
Aspergillus_fumigatus_Afu_257_E11	40	37	3	0	scaffold_2	1448098	1548098
Aspergillus_fumigatus_Afu_257_E11	29	21	8	0	scaffold_6	388419	488419
Aspergillus_fumigatus_Afu_257_E11	25	22	3	0	scaffold_6	2363237	2463237
Aspergillus_fumigatus_Afu_257_E11	39	37	2	0	scaffold_6	794056	894056
Aspergillus_fumigatus_Afu_257_E11	31	30	1	0	scaffold_4	1363858	1463858
Aspergillus_fumigatus_Afu_257_E11	47	40	7	0	scaffold_8	1572641	1672641
Aspergillus_fumigatus_Afu_257_E11	40	40	0	0	scaffold_4	3153512	3253512
Aspergillus_fumigatus_Afu_257_E11	36	34	2	0	scaffold_2	1348926	1448926
Aspergillus_fumigatus_Afu_257_E11	35	26	9	0	scaffold_1	4503259	4603259
Aspergillus_fumigatus_Afu_257_E11	37	37	0	0	scaffold_4	3133230	3233230
Aspergillus_fumigatus_Afu_257_E11	46	43	3	0	scaffold_6	732570	832570
Aspergillus_fumigatus_Afu_257_E11	38	34	4	0	scaffold_3	163864	263864
Aspergillus_fumigatus_Afu_257_E11	29	26	3	0	scaffold_3	2435910	2535910
Aspergillus_fumigatus_Afu_257_E11	44	36	8	0	scaffold_4	197457	297457
Aspergillus_fumigatus_Afu_257_E11	35	30	5	0	scaffold_2	4323034	4423034
Aspergillus_fumigatus_Afu_257_E11	45	38	7	0	scaffold_4	103199	203199
Aspergillus_fumigatus_Afu_257_E11	40	36	4	0	scaffold_3	3694027	3794027
Aspergillus_fumigatus_Afu_257_E11	33	32	1	0	scaffold_2	1810718	1910718
Aspergillus_fumigatus_Afu_257_E11	31	29	2	0	scaffold_6	2050307	2150307
Aspergillus_fumigatus_Afu_257_E11	38	35	3	0	scaffold_2	2725209	2825209
Aspergillus_fumigatus_Afu_257_E11	43	38	5	0	scaffold_3	17637	117637
Aspergillus_fumigatus_Afu_257_E11	41	5	36	0	scaffold_1	4397019	4497019
Aspergillus_fumigatus_Afu_257_E11	40	36	4	0	scaffold_3	32467	132467
Aspergillus_fumigatus_Afu_257_E11	39	33	6	0	scaffold_3	1808894	1908894
Aspergillus_fumigatus_Afu_257_E11	33	29	4	0	scaffold_2	4516704	4616704
Aspergillus_fumigatus_Afu_257_E11	45	40	5	0	scaffold_5	2831563	2931563
Aspergillus_fumigatus_Afu_257_E11	33	31	2	0	scaffold_2	1198103	1298103
Aspergillus_fumigatus_Afu_257_E11	37	34	3	0	scaffold_4	1975583	2075583
Aspergillus_fumigatus_Afu_257_E11	29	28	1	0	scaffold_6	2571525	2671525
Aspergillus_fumigatus_Afu_257_E11	37	35	2	0	scaffold_2	221089	321089
Aspergillus_fumigatus_Afu_257_E11	12	11	1	0	scaffold_1	1768604	1868604
Aspergillus_fumigatus_Afu_257_E11	42	40	2	0	scaffold_3	1406574	1506574
Aspergillus_fumigatus_Afu_257_E11	39	35	4	0	scaffold_4	3359876	3459876
Aspergillus_fumigatus_Afu_257_E11	34	33	1	0	scaffold_1	1287685	1387685
Aspergillus_fumigatus_Afu_257_E11	35	33	2	0	scaffold_2	1186228	1286228
Aspergillus_fumigatus_Afu_257_E11	38	33	5	0	scaffold_6	7706	107706
Aspergillus_fumigatus_Afu_257_E11	44	42	2	0	scaffold_3	395757	495757
Aspergillus_fumigatus_Afu_257_E11	28	25	3	0	scaffold_5	1311963	1411963
Aspergillus_fumigatus_Afu_257_E11	38	34	4	0	scaffold_3	3717976	3817976
Aspergillus_fumigatus_Afu_257_E11	28	26	2	0	scaffold_1	2052030	2152030
Aspergillus_fumigatus_Afu_257_E11	36	34	2	0	scaffold_6	2520540	2620540
Aspergillus_fumigatus_Afu_257_E11	34	32	2	0	scaffold_6	1241334	1341334
Aspergillus_fumigatus_Afu_257_E11	43	32	11	0	scaffold_3	3534829	3634829
Aspergillus_fumigatus_Afu_257_E11	28	20	8	0	scaffold_6	411281	511281
Aspergillus_fumigatus_Afu_257_E11	37	35	2	0	scaffold_7	1606383	1706383
Aspergillus_fumigatus_Afu_257_E11	39	33	6	0	scaffold_5	3523174	3623174
Aspergillus_fumigatus_Afu_257_E11	46	44	2	0	scaffold_6	666469	766469
Aspergillus_fumigatus_Afu_257_E11	37	29	8	0	scaffold_5	2990518	3090518
Aspergillus_fumigatus_Afu_257_E11	37	36	1	0	scaffold_2	2530540	2630540
Aspergillus_fumigatus_Afu_257_E11	41	40	1	0	scaffold_8	1396976	1496976
Aspergillus_fumigatus_Afu_257_E11	33	33	0	0	scaffold_3	2096716	2196716
Aspergillus_fumigatus_Afu_257_E11	28	21	7	0	scaffold_5	2275972	2375972
Aspergillus_fumigatus_Afu_257_E11	46	41	5	0	scaffold_4	3725962	3825962
Aspergillus_fumigatus_Afu_257_E11	40	35	5	0	scaffold_4	409668	509668
Aspergillus_fumigatus_Afu_257_E11	32	31	1	0	scaffold_4	3036693	3136693
Aspergillus_fumigatus_Afu_257_E11	40	38	2	0	scaffold_3	770161	870161
Aspergillus_fumigatus_Afu_257_E11	29	29	0	0	scaffold_4	1913458	2013458
Aspergillus_fumigatus_Afu_257_E11	46	43	3	0	scaffold_5	3576815	3676815
Aspergillus_fumigatus_Afu_257_E11	28	27	1	0	scaffold_2	2441842	2541842
Aspergillus_fumigatus_Afu_257_E11	32	32	0	0	scaffold_1	2680084	2780084
Aspergillus_fumigatus_Afu_257_E11	36	35	1	0	scaffold_5	1710849	1810849
Aspergillus_fumigatus_Afu_257_E11	31	27	4	0	scaffold_3	2303613	2403613
Aspergillus_fumigatus_Afu_257_E11	31	27	4	0	scaffold_2	1117980	1217980
Aspergillus_fumigatus_Afu_257_E11	36	34	2	0	scaffold_4	2790049	2890049
Aspergillus_fumigatus_Afu_257_E11	37	35	2	0	scaffold_4	876180	976180
Aspergillus_fumigatus_Afu_257_E11	44	40	4	0	scaffold_3	815891	915891
Aspergillus_fumigatus_Afu_257_E11	41	38	3	0	scaffold_1	4708725	4808725
Aspergillus_fumigatus_Afu_257_E11	24	22	2	0	scaffold_1	1706445	1806445
Aspergillus_fumigatus_Afu_257_E11	34	29	5	0	scaffold_1	2891332	2991332
Aspergillus_fumigatus_Afu_257_E11	41	34	7	0	scaffold_4	1564542	1664542
Aspergillus_fumigatus_Afu_257_E11	47	42	5	0	scaffold_5	51623	151623
Aspergillus_fumigatus_Afu_257_E11	37	31	6	0	scaffold_3	1803376	1903376
Aspergillus_fumigatus_Afu_257_E11	36	34	2	0	scaffold_1	931461	1031461
Aspergillus_fumigatus_Afu_257_E11	38	26	12	0	scaffold_2	11017	111017
Aspergillus_fumigatus_Afu_257_E11	37	35	2	0	scaffold_8	841156	941156
Aspergillus_fumigatus_Afu_257_E11	34	2	32	0	scaffold_1	4241592	4341592
Aspergillus_fumigatus_Afu_257_E11	31	29	2	0	scaffold_6	1414258	1514258
Aspergillus_fumigatus_Afu_257_E11	32	29	3	0	scaffold_5	1851565	1951565
Aspergillus_fumigatus_Afu_257_E11	36	21	15	0	scaffold_1	4460013	4560013
Aspergillus_fumigatus_Afu_257_E11	36	35	1	0	scaffold_2	1793828	1893828
Aspergillus_fumigatus_Afu_257_E11	40	40	0	0	scaffold_4	972480	1072480
Aspergillus_fumigatus_Afu_257_E11	40	31	9	0	scaffold_2	2676584	2776584
Aspergillus_fumigatus_Afu_257_E11	26	20	6	0	scaffold_5	203020	303020
Aspergillus_fumigatus_Afu_257_E11	37	31	6	0	scaffold_3	1803255	1903255
Aspergillus_fumigatus_Afu_257_E11	47	44	3	0	scaffold_2	4126558	4226558
Aspergillus_fumigatus_Afu_257_E11	46	42	4	0	scaffold_1	4690909	4790909
Aspergillus_fumigatus_Afu_257_E11	33	32	1	0	scaffold_2	352631	452631
Aspergillus_fumigatus_Afu_257_E11	42	39	3	0	scaffold_7	1222076	1322076
Aspergillus_fumigatus_Afu_257_E11	44	39	5	0	scaffold_5	668563	768563
Aspergillus_fumigatus_Afu_257_E11	47	37	10	0	scaffold_1	18088	118088
Aspergillus_fumigatus_Afu_257_E11	42	33	9	0	scaffold_6	292298	392298
Aspergillus_fumigatus_Afu_257_E11	34	31	3	0	scaffold_6	106155	206155
Aspergillus_fumigatus_Afu_257_E11	33	31	2	0	scaffold_1	1496595	1596595
Aspergillus_fumigatus_Afu_257_E11	34	33	1	0	scaffold_1	2067884	2167884
Aspergillus_fumigatus_Afu_257_E11	37	34	3	0	scaffold_2	863309	963309
Aspergillus_fumigatus_Afu_257_E11	34	31	3	0	scaffold_7	886971	986971
Aspergillus_fumigatus_Afu_257_E11	37	35	2	0	scaffold_6	1498704	1598704
Aspergillus_fumigatus_Afu_257_E11	33	28	5	0	scaffold_5	1870187	1970187
Aspergillus_fumigatus_Afu_257_E11	27	24	3	0	scaffold_5	1491517	1591517
Aspergillus_fumigatus_Afu_257_E11	38	27	11	0	scaffold_3	3552460	3652460
Aspergillus_fumigatus_Afu_257_E11	40	36	4	0	scaffold_2	4109964	4209964
Aspergillus_fumigatus_Afu_257_E11	45	45	0	0	scaffold_6	2896610	2996610
Aspergillus_fumigatus_Afu_257_E11	31	28	3	0	scaffold_7	591262	691262
Aspergillus_fumigatus_Afu_257_E11	35	32	3	0	scaffold_1	2766021	2866021
Aspergillus_fumigatus_Afu_257_E11	32	27	5	0	scaffold_1	3413678	3513678
Aspergillus_fumigatus_Afu_257_E11	43	40	3	0	scaffold_2	2108329	2208329
Aspergillus_fumigatus_Afu_257_E11	37	31	6	0	scaffold_8	56645	156645
Aspergillus_fumigatus_Afu_257_E11	32	31	1	0	scaffold_4	1366872	1466872
Aspergillus_fumigatus_Afu_257_E11	38	36	2	0	scaffold_2	3625113	3725113
Aspergillus_fumigatus_Afu_257_E11	33	29	4	0	scaffold_1	3950407	4050407
Aspergillus_fumigatus_Afu_257_E11	35	31	4	0	scaffold_7	1575004	1675004
Aspergillus_fumigatus_Afu_257_E11	35	33	2	0	scaffold_8	993245	1093245
Aspergillus_fumigatus_Afu_257_E11	40	36	4	0	scaffold_2	1426913	1526913
Aspergillus_fumigatus_Afu_257_E11	42	40	2	0	scaffold_3	370023	470023
Aspergillus_fumigatus_Afu_257_E11	38	33	5	0	scaffold_2	1971639	2071639
Aspergillus_fumigatus_Afu_257_E11	36	34	2	0	scaffold_6	620374	720374
Aspergillus_fumigatus_Afu_257_E11	42	38	4	0	scaffold_1	322170	422170
Aspergillus_fumigatus_Afu_257_E11	36	12	24	0	scaffold_1	4200679	4300679
Aspergillus_fumigatus_Afu_257_E11	49	44	5	0	scaffold_2	2271520	2371520
Aspergillus_fumigatus_Afu_257_E11	33	31	2	0	scaffold_7	934284	1034284
Aspergillus_fumigatus_Afu_257_E11	38	32	6	0	scaffold_3	556586	656586
Aspergillus_fumigatus_Afu_257_E11	47	40	7	0	scaffold_4	3679651	3779651
Aspergillus_fumigatus_Afu_257_E11	33	31	2	0	scaffold_6	2006821	2106821
Aspergillus_fumigatus_Afu_257_E11	48	42	6	0	scaffold_1	3753990	3853990
Aspergillus_fumigatus_Afu_257_E11	33	31	2	0	scaffold_2	2857369	2957369
Aspergillus_fumigatus_Afu_257_E11	24	21	3	0	scaffold_7	743669	843669
Aspergillus_fumigatus_Afu_257_E11	43	40	3	0	scaffold_3	1462830	1562830
Aspergillus_fumigatus_Afu_257_E11	43	42	1	0	scaffold_4	958255	1058255
Aspergillus_fumigatus_Afu_257_E11	41	39	2	0	scaffold_6	760926	860926
Aspergillus_fumigatus_Afu_257_E11	35	33	2	0	scaffold_2	3641689	3741689
Aspergillus_fumigatus_Afu_257_E11	34	30	4	0	scaffold_5	2376808	2476808
Aspergillus_fumigatus_Afu_257_E11	33	27	6	0	scaffold_1	3447704	3547704
Aspergillus_fumigatus_Afu_257_E11	40	34	6	0	scaffold_7	490953	590953
Aspergillus_fumigatus_Afu_257_E11	36	31	5	0	scaffold_1	1607907	1707907
Aspergillus_fumigatus_Afu_257_E11	42	36	6	0	scaffold_4	2438016	2538016
Aspergillus_fumigatus_Afu_257_E11	36	36	0	0	scaffold_5	3131475	3231475
Aspergillus_fumigatus_Afu_257_E11	32	31	1	0	scaffold_1	1239108	1339108
Aspergillus_fumigatus_Afu_257_E11	40	37	3	0	scaffold_4	1535752	1635752
Aspergillus_fumigatus_Afu_257_E11	39	39	0	0	scaffold_2	1516723	1616723
Aspergillus_fumigatus_Afu_257_E11	33	32	1	0	scaffold_1	1445957	1545957
Aspergillus_fumigatus_Afu_257_E11	31	31	0	0	scaffold_1	3057537	3157537
Aspergillus_fumigatus_Afu_257_E11	44	42	2	0	scaffold_3	807696	907696
Aspergillus_fumigatus_Afu_257_E11	36	33	3	0	scaffold_4	1517149	1617149
Aspergillus_fumigatus_Afu_257_E11	27	22	5	0	scaffold_4	3300508	3400508
Aspergillus_fumigatus_Afu_257_E11	35	32	3	0	scaffold_4	1829276	1929276
Aspergillus_fumigatus_Afu_257_E11	38	36	2	0	scaffold_6	1211369	1311369
Aspergillus_fumigatus_Afu_257_E11	39	37	2	0	scaffold_3	3001432	3101432
Aspergillus_fumigatus_Afu_257_E11	32	32	0	0	scaffold_1	712497	812497
Aspergillus_fumigatus_Afu_257_E11	18	16	2	0	scaffold_5	2160749	2260749
Aspergillus_fumigatus_Afu_257_E11	30	30	0	0	scaffold_6	2790276	2890276
Aspergillus_fumigatus_Afu_257_E11	38	32	6	0	scaffold_5	1911924	2011924
Aspergillus_fumigatus_Afu_257_E11	47	38	9	0	scaffold_8	220963	320963
Aspergillus_fumigatus_Afu_257_E11	29	26	3	0	scaffold_2	3027049	3127049
Aspergillus_fumigatus_Afu_257_E11	33	32	1	0	scaffold_3	2725837	2825837
Aspergillus_fumigatus_Afu_257_E11	41	35	6	0	scaffold_2	451231	551231
Aspergillus_fumigatus_Afu_257_E11	40	35	5	0	scaffold_3	157245	257245
Aspergillus_fumigatus_Afu_257_E11	32	29	3	0	scaffold_3	3261822	3361822
Aspergillus_fumigatus_Afu_257_E11	33	33	0	0	scaffold_1	2454128	2554128
Aspergillus_fumigatus_Afu_257_E11	41	36	5	0	scaffold_2	895941	995941
Aspergillus_fumigatus_Afu_257_E11	37	31	6	0	scaffold_1	1591655	1691655
Aspergillus_fumigatus_Afu_257_E11	43	37	6	0	scaffold_4	366693	466693
Aspergillus_fumigatus_Afu_257_E11	39	36	3	0	scaffold_7	680715	780715
Aspergillus_fumigatus_Afu_257_E11	33	30	3	0	scaffold_3	3246072	3346072
Aspergillus_fumigatus_Afu_257_E11	44	39	5	0	scaffold_4	3660387	3760387
Aspergillus_fumigatus_Afu_257_E11	43	41	2	0	scaffold_8	880351	980351
Aspergillus_fumigatus_Afu_257_E11	36	35	1	0	scaffold_4	2255699	2355699
Aspergillus_fumigatus_Afu_257_E11	33	28	5	0	scaffold_1	1097562	1197562
Aspergillus_fumigatus_Afu_257_E11	45	35	10	0	scaffold_4	3561741	3661741
Aspergillus_fumigatus_Afu_257_E11	34	32	2	0	scaffold_1	1189664	1289664
Aspergillus_fumigatus_Afu_257_E11	50	41	9	0	scaffold_4	3624693	3724693
Aspergillus_fumigatus_Afu_257_E11	33	32	1	0	scaffold_2	3851198	3951198
Aspergillus_fumigatus_Afu_257_E11	35	32	3	0	scaffold_5	1127587	1227587
Aspergillus_fumigatus_Afu_257_E11	40	37	3	0	scaffold_5	547045	647045
Aspergillus_fumigatus_Afu_257_E11	35	31	4	0	scaffold_6	117009	217009
Aspergillus_fumigatus_Afu_257_E11	33	32	1	0	scaffold_4	3411816	3511816
Aspergillus_fumigatus_Afu_257_E11	33	32	1	0	scaffold_2	3850077	3950077
Aspergillus_fumigatus_Afu_257_E11	38	36	2	0	scaffold_6	827817	927817
Aspergillus_fumigatus_Afu_257_E11	42	39	3	0	scaffold_2	1461047	1561047
Aspergillus_fumigatus_Afu_257_E11	38	34	4	0	scaffold_5	800542	900542
Aspergillus_fumigatus_Afu_257_E11	28	27	1	0	scaffold_6	2569718	2669718
Aspergillus_fumigatus_Afu_257_E11	29	27	2	0	scaffold_6	1409122	1509122
Aspergillus_fumigatus_Afu_257_E11	43	39	4	0	scaffold_2	2012492	2112492
Aspergillus_fumigatus_Afu_257_E11	38	35	3	0	scaffold_6	1199540	1299540
Aspergillus_fumigatus_Afu_257_E11	43	41	2	0	scaffold_5	608564	708564
Aspergillus_fumigatus_Afu_257_E11	25	19	6	0	scaffold_5	199481	299481
Aspergillus_fumigatus_Afu_257_E11	32	29	3	0	scaffold_7	908451	1008451
Aspergillus_fumigatus_Afu_257_E11	43	40	3	0	scaffold_2	150743	250743
Aspergillus_fumigatus_Afu_257_E11	45	40	5	0	scaffold_3	224052	324052
Aspergillus_fumigatus_Afu_257_E11	29	26	3	0	scaffold_2	4272675	4372675
Aspergillus_fumigatus_Afu_257_E11	32	32	0	0	scaffold_2	3949267	4049267
Aspergillus_fumigatus_Afu_257_E11	44	39	5	0	scaffold_1	4589166	4689166
Aspergillus_fumigatus_Afu_257_E11	34	25	9	0	scaffold_3	627021	727021
Aspergillus_fumigatus_Afu_257_E11	41	38	3	0	scaffold_5	425825	525825
Aspergillus_fumigatus_Afu_257_E11	25	25	0	0	scaffold_2	791726	891726
Aspergillus_fumigatus_Afu_257_E11	27	23	4	0	scaffold_3	2312955	2412955
Aspergillus_fumigatus_Afu_257_E11	38	35	3	0	scaffold_3	111246	211246
Aspergillus_fumigatus_Afu_257_E11	43	39	4	0	scaffold_3	827316	927316
Aspergillus_fumigatus_Afu_257_E11	31	27	4	0	scaffold_5	1192600	1292600
Aspergillus_fumigatus_Afu_257_E11	34	34	0	0	scaffold_3	2068287	2168287
Aspergillus_fumigatus_Afu_257_E11	24	16	8	0	scaffold_4	3282652	3382652
Aspergillus_fumigatus_Afu_257_E11	40	36	4	0	scaffold_3	3148865	3248865
Aspergillus_fumigatus_Afu_257_E11	47	41	6	0	scaffold_4	3710725	3810725
Aspergillus_fumigatus_Afu_257_E11	38	36	2	0	scaffold_2	3630522	3730522
Aspergillus_fumigatus_Afu_257_E11	30	29	1	0	scaffold_4	1033920	1133920
Aspergillus_fumigatus_Afu_257_E11	33	32	1	0	scaffold_4	3409798	3509798
Aspergillus_fumigatus_Afu_257_E11	43	37	6	0	scaffold_5	3546545	3646545
Aspergillus_fumigatus_Afu_257_E11	41	38	3	0	scaffold_2	2747618	2847618
Aspergillus_fumigatus_Afu_257_E11	41	36	5	0	scaffold_2	2768506	2868506
Aspergillus_fumigatus_Afu_257_E11	40	33	7	0	scaffold_1	189602	289602
