STRAIN	TOTAL	CORE	ACCESSORY	SINGLETON	CHROM	START	END
Aspergillus_fumigatus_12-7505446	29	27	2	0	scaffold_2	87445	137445
Aspergillus_fumigatus_12-7505446	20	18	2	0	scaffold_1	3234016	3284016
Aspergillus_fumigatus_12-7505446	13	13	0	0	scaffold_5	1894818	1944818
Aspergillus_fumigatus_12-7505446	21	19	2	0	scaffold_4	556656	606656
Aspergillus_fumigatus_12-7505446	21	21	0	0	scaffold_5	2790787	2840787
Aspergillus_fumigatus_12-7505446	16	16	0	0	scaffold_5	3151904	3201904
Aspergillus_fumigatus_12-7505446	22	19	3	0	scaffold_1	4202224	4252224
Aspergillus_fumigatus_12-7505446	23	23	0	0	scaffold_6	1000887	1050887
Aspergillus_fumigatus_12-7505446	18	13	5	0	scaffold_8	94397	144397
Aspergillus_fumigatus_12-7505446	15	15	0	0	scaffold_5	771705	821705
Aspergillus_fumigatus_12-7505446	20	18	2	0	scaffold_1	250016	300016
Aspergillus_fumigatus_12-7505446	18	17	1	0	scaffold_2	4519899	4569899
Aspergillus_fumigatus_12-7505446	18	17	1	0	scaffold_6	2306004	2356004
Aspergillus_fumigatus_12-7505446	16	16	0	0	scaffold_6	616643	666643
Aspergillus_fumigatus_12-7505446	17	15	2	0	scaffold_1	2003732	2053732
Aspergillus_fumigatus_12-7505446	18	17	1	0	scaffold_5	1848240	1898240
Aspergillus_fumigatus_12-7505446	21	19	2	0	scaffold_4	1132950	1182950
Aspergillus_fumigatus_12-7505446	21	20	1	0	scaffold_8	1419860	1469860
Aspergillus_fumigatus_12-7505446	17	17	0	0	scaffold_6	617981	667981
Aspergillus_fumigatus_12-7505446	17	15	2	0	scaffold_6	1511267	1561267
Aspergillus_fumigatus_12-7505446	16	12	4	0	scaffold_3	585142	635142
Aspergillus_fumigatus_12-7505446	21	20	1	0	scaffold_4	636052	686052
Aspergillus_fumigatus_12-7505446	24	22	2	0	scaffold_6	3175166	3225166
Aspergillus_fumigatus_12-7505446	20	14	6	0	scaffold_5	2015173	2065173
Aspergillus_fumigatus_12-7505446	14	13	1	0	scaffold_4	378336	428336
Aspergillus_fumigatus_12-7505446	19	19	0	0	scaffold_7	623835	673835
Aspergillus_fumigatus_12-7505446	23	22	1	0	scaffold_1	3372357	3422357
Aspergillus_fumigatus_12-7505446	19	18	1	0	scaffold_1	3315793	3365793
Aspergillus_fumigatus_12-7505446	17	15	2	0	scaffold_2	702386	752386
Aspergillus_fumigatus_12-7505446	17	15	2	0	scaffold_2	3876754	3926754
Aspergillus_fumigatus_12-7505446	21	19	2	0	scaffold_6	2156075	2206075
Aspergillus_fumigatus_12-7505446	20	15	5	0	scaffold_6	1637292	1687292
Aspergillus_fumigatus_12-7505446	18	18	0	0	scaffold_6	2862539	2912539
Aspergillus_fumigatus_12-7505446	17	16	1	0	scaffold_1	1436726	1486726
Aspergillus_fumigatus_12-7505446	17	16	1	0	scaffold_1	1530774	1580774
Aspergillus_fumigatus_12-7505446	18	17	1	0	scaffold_3	2859793	2909793
Aspergillus_fumigatus_12-7505446	19	17	2	0	scaffold_2	1132001	1182001
Aspergillus_fumigatus_12-7505446	16	16	0	0	scaffold_6	3071101	3121101
Aspergillus_fumigatus_12-7505446	8	7	1	0	scaffold_1	2096445	2146445
Aspergillus_fumigatus_12-7505446	23	20	3	0	scaffold_3	2292742	2342742
Aspergillus_fumigatus_12-7505446	19	19	0	0	scaffold_2	4182631	4232631
Aspergillus_fumigatus_12-7505446	20	19	1	0	scaffold_2	2966265	3016265
Aspergillus_fumigatus_12-7505446	17	17	0	0	scaffold_7	924983	974983
Aspergillus_fumigatus_12-7505446	13	12	1	0	scaffold_5	1028195	1078195
Aspergillus_fumigatus_12-7505446	20	18	2	0	scaffold_4	1463933	1513933
Aspergillus_fumigatus_12-7505446	16	14	2	0	scaffold_7	1504429	1554429
Aspergillus_fumigatus_12-7505446	12	11	1	0	scaffold_8	802826	852826
Aspergillus_fumigatus_12-7505446	18	17	1	0	scaffold_4	1454271	1504271
Aspergillus_fumigatus_12-7505446	6	5	1	0	scaffold_4	2380026	2430026
Aspergillus_fumigatus_12-7505446	17	17	0	0	scaffold_1	509065	559065
Aspergillus_fumigatus_12-7505446	19	19	0	0	scaffold_2	3767390	3817390
Aspergillus_fumigatus_12-7505446	24	22	2	0	scaffold_7	1470941	1520941
Aspergillus_fumigatus_12-7505446	25	23	2	0	scaffold_8	1590317	1640317
Aspergillus_fumigatus_12-7505446	14	10	4	0	scaffold_3	8668	58668
Aspergillus_fumigatus_12-7505446	13	11	2	0	scaffold_7	868755	918755
Aspergillus_fumigatus_12-7505446	20	20	0	0	scaffold_2	3658484	3708484
Aspergillus_fumigatus_12-7505446	18	17	1	0	scaffold_5	1297197	1347197
Aspergillus_fumigatus_12-7505446	9	9	0	0	scaffold_6	1177533	1227533
Aspergillus_fumigatus_12-7505446	6	6	0	0	scaffold_1	1849773	1899773
Aspergillus_fumigatus_12-7505446	18	10	8	0	scaffold_1	4262816	4312816
Aspergillus_fumigatus_12-7505446	22	17	5	0	scaffold_1	4139574	4189574
Aspergillus_fumigatus_12-7505446	20	18	2	0	scaffold_7	974723	1024723
Aspergillus_fumigatus_12-7505446	21	19	2	0	scaffold_2	918988	968988
Aspergillus_fumigatus_12-7505446	15	12	3	0	scaffold_4	3183184	3233184
Aspergillus_fumigatus_12-7505446	19	17	2	0	scaffold_2	3913491	3963491
Aspergillus_fumigatus_12-7505446	13	13	0	0	scaffold_2	3101071	3151071
Aspergillus_fumigatus_12-7505446	17	17	0	0	scaffold_3	1236283	1286283
Aspergillus_fumigatus_12-7505446	22	19	3	0	scaffold_6	1261593	1311593
Aspergillus_fumigatus_12-7505446	22	19	3	0	scaffold_2	1543775	1593775
Aspergillus_fumigatus_12-7505446	12	12	0	0	scaffold_2	4595646	4645646
Aspergillus_fumigatus_12-7505446	17	17	0	0	scaffold_4	3451123	3501123
Aspergillus_fumigatus_12-7505446	15	13	2	0	scaffold_6	2636118	2686118
Aspergillus_fumigatus_12-7505446	22	19	3	0	scaffold_7	69138	119138
Aspergillus_fumigatus_12-7505446	26	18	8	0	scaffold_6	198431	248431
Aspergillus_fumigatus_12-7505446	23	22	1	0	scaffold_3	3815886	3865886
Aspergillus_fumigatus_12-7505446	18	17	1	0	scaffold_6	2614395	2664395
Aspergillus_fumigatus_12-7505446	21	20	1	0	scaffold_7	1646887	1696887
Aspergillus_fumigatus_12-7505446	19	16	3	0	scaffold_6	2123869	2173869
Aspergillus_fumigatus_12-7505446	18	3	15	0	scaffold_4	3014947	3064947
Aspergillus_fumigatus_12-7505446	12	11	1	0	scaffold_2	714363	764363
Aspergillus_fumigatus_12-7505446	19	16	3	0	scaffold_7	1486887	1536887
Aspergillus_fumigatus_12-7505446	18	17	1	0	scaffold_2	4197814	4247814
Aspergillus_fumigatus_12-7505446	20	18	2	0	scaffold_1	2176079	2226079
Aspergillus_fumigatus_12-7505446	23	20	3	0	scaffold_3	510030	560030
Aspergillus_fumigatus_12-7505446	18	15	3	0	scaffold_2	3441952	3491952
Aspergillus_fumigatus_12-7505446	16	14	2	0	scaffold_1	3668187	3718187
Aspergillus_fumigatus_12-7505446	25	22	3	0	scaffold_6	3272054	3322054
Aspergillus_fumigatus_12-7505446	24	23	1	0	scaffold_4	2207896	2257896
Aspergillus_fumigatus_12-7505446	20	16	4	0	scaffold_2	1970185	2020185
Aspergillus_fumigatus_12-7505446	17	15	2	0	scaffold_5	2209434	2259434
Aspergillus_fumigatus_12-7505446	20	19	1	0	scaffold_2	680639	730639
Aspergillus_fumigatus_12-7505446	15	14	1	0	scaffold_6	1360810	1410810
Aspergillus_fumigatus_12-7505446	23	21	2	0	scaffold_3	4106048	4156048
Aspergillus_fumigatus_12-7505446	12	11	1	0	scaffold_3	2327492	2377492
Aspergillus_fumigatus_12-7505446	25	23	2	0	scaffold_6	864217	914217
Aspergillus_fumigatus_12-7505446	18	16	2	0	scaffold_6	2505856	2555856
Aspergillus_fumigatus_12-7505446	18	16	2	0	scaffold_6	2042502	2092502
Aspergillus_fumigatus_12-7505446	16	14	2	0	scaffold_2	3899477	3949477
Aspergillus_fumigatus_12-7505446	22	19	3	0	scaffold_2	2517542	2567542
Aspergillus_fumigatus_12-7505446	21	20	1	0	scaffold_2	2443171	2493171
Aspergillus_fumigatus_12-7505446	22	16	6	0	scaffold_7	1404099	1454099
Aspergillus_fumigatus_12-7505446	22	22	0	0	scaffold_5	2712126	2762126
Aspergillus_fumigatus_12-7505446	15	13	2	0	scaffold_3	2316099	2366099
Aspergillus_fumigatus_12-7505446	16	12	4	0	scaffold_1	3512356	3562356
Aspergillus_fumigatus_12-7505446	21	21	0	0	scaffold_6	1770869	1820869
Aspergillus_fumigatus_12-7505446	15	14	1	0	scaffold_5	3141526	3191526
Aspergillus_fumigatus_12-7505446	18	15	3	0	scaffold_4	2489091	2539091
Aspergillus_fumigatus_12-7505446	17	16	1	0	scaffold_6	786865	836865
Aspergillus_fumigatus_12-7505446	24	23	1	0	scaffold_8	140255	190255
Aspergillus_fumigatus_12-7505446	13	2	11	0	scaffold_3	621386	671386
Aspergillus_fumigatus_12-7505446	17	17	0	0	scaffold_5	1134979	1184979
Aspergillus_fumigatus_12-7505446	24	21	3	0	scaffold_5	1478354	1528354
Aspergillus_fumigatus_12-7505446	18	17	1	0	scaffold_4	2260084	2310084
Aspergillus_fumigatus_12-7505446	17	17	0	0	scaffold_5	789050	839050
Aspergillus_fumigatus_12-7505446	21	17	4	0	scaffold_2	3714745	3764745
Aspergillus_fumigatus_12-7505446	13	13	0	0	scaffold_1	3813429	3863429
Aspergillus_fumigatus_12-7505446	17	16	1	0	scaffold_1	2970449	3020449
Aspergillus_fumigatus_12-7505446	13	9	4	0	scaffold_6	2958355	3008355
Aspergillus_fumigatus_12-7505446	10	10	0	0	scaffold_3	1099570	1149570
Aspergillus_fumigatus_12-7505446	19	17	2	0	scaffold_5	1433423	1483423
Aspergillus_fumigatus_12-7505446	22	22	0	0	scaffold_6	990649	1040649
Aspergillus_fumigatus_12-7505446	5	4	1	0	scaffold_2	2146029	2196029
Aspergillus_fumigatus_12-7505446	21	20	1	0	scaffold_3	2090249	2140249
Aspergillus_fumigatus_12-7505446	20	20	0	0	scaffold_4	3373939	3423939
Aspergillus_fumigatus_12-7505446	20	18	2	0	scaffold_2	658985	708985
Aspergillus_fumigatus_12-7505446	26	21	5	0	scaffold_1	4100311	4150311
Aspergillus_fumigatus_12-7505446	14	14	0	0	scaffold_5	2631114	2681114
Aspergillus_fumigatus_12-7505446	15	15	0	0	scaffold_3	2811898	2861898
Aspergillus_fumigatus_12-7505446	1	0	1	0	scaffold_4	2363158	2413158
Aspergillus_fumigatus_12-7505446	24	23	1	0	scaffold_5	1055354	1105354
Aspergillus_fumigatus_12-7505446	11	10	1	0	scaffold_6	1826583	1876583
Aspergillus_fumigatus_12-7505446	21	19	2	0	scaffold_1	2478647	2528647
Aspergillus_fumigatus_12-7505446	15	15	0	0	scaffold_6	715539	765539
Aspergillus_fumigatus_12-7505446	18	18	0	0	scaffold_3	2656063	2706063
Aspergillus_fumigatus_12-7505446	16	13	3	0	scaffold_2	4270567	4320567
Aspergillus_fumigatus_12-7505446	20	17	3	0	scaffold_2	3534306	3584306
Aspergillus_fumigatus_12-7505446	17	17	0	0	scaffold_1	696971	746971
Aspergillus_fumigatus_12-7505446	14	10	4	0	scaffold_4	1640095	1690095
Aspergillus_fumigatus_12-7505446	22	22	0	0	scaffold_2	334925	384925
Aspergillus_fumigatus_12-7505446	6	5	1	0	scaffold_5	1015618	1065618
Aspergillus_fumigatus_12-7505446	17	16	1	0	scaffold_6	2602480	2652480
Aspergillus_fumigatus_12-7505446	17	16	1	0	scaffold_3	1881698	1931698
Aspergillus_fumigatus_12-7505446	19	18	1	0	scaffold_5	451811	501811
Aspergillus_fumigatus_12-7505446	22	17	5	0	scaffold_4	2575772	2625772
Aspergillus_fumigatus_12-7505446	20	19	1	0	scaffold_3	4058154	4108154
Aspergillus_fumigatus_12-7505446	24	23	1	0	scaffold_7	1440874	1490874
Aspergillus_fumigatus_12-7505446	18	16	2	0	scaffold_5	1432492	1482492
Aspergillus_fumigatus_12-7505446	24	23	1	0	scaffold_4	3820744	3870744
Aspergillus_fumigatus_12-7505446	21	18	3	0	scaffold_1	203767	253767
Aspergillus_fumigatus_12-7505446	21	20	1	0	scaffold_2	4524300	4574300
Aspergillus_fumigatus_12-7505446	15	4	11	0	scaffold_1	1890699	1940699
Aspergillus_fumigatus_12-7505446	23	22	1	0	scaffold_4	2690508	2740508
Aspergillus_fumigatus_12-7505446	16	14	2	0	scaffold_3	3300251	3350251
Aspergillus_fumigatus_12-7505446	22	22	0	0	scaffold_5	1613518	1663518
Aspergillus_fumigatus_12-7505446	22	22	0	0	scaffold_2	2368203	2418203
Aspergillus_fumigatus_12-7505446	17	14	3	0	scaffold_1	2991343	3041343
Aspergillus_fumigatus_12-7505446	20	19	1	0	scaffold_2	831885	881885
Aspergillus_fumigatus_12-7505446	26	20	5	1	scaffold_1	4090231	4140231
Aspergillus_fumigatus_12-7505446	23	22	1	0	scaffold_3	439620	489620
Aspergillus_fumigatus_12-7505446	19	19	0	0	scaffold_6	2860894	2910894
Aspergillus_fumigatus_12-7505446	15	12	3	0	scaffold_2	1155477	1205477
Aspergillus_fumigatus_12-7505446	17	15	2	0	scaffold_4	2635243	2685243
Aspergillus_fumigatus_12-7505446	22	16	6	0	scaffold_4	2601621	2651621
Aspergillus_fumigatus_12-7505446	11	4	7	0	scaffold_5	3383860	3433860
Aspergillus_fumigatus_12-7505446	23	22	1	0	scaffold_6	282096	332096
Aspergillus_fumigatus_12-7505446	22	17	5	0	scaffold_4	2415472	2465472
Aspergillus_fumigatus_12-7505446	20	20	0	0	scaffold_4	1807833	1857833
Aspergillus_fumigatus_12-7505446	20	18	2	0	scaffold_2	3193616	3243616
Aspergillus_fumigatus_12-7505446	25	21	4	0	scaffold_3	3563803	3613803
Aspergillus_fumigatus_12-7505446	18	15	3	0	scaffold_3	795682	845682
Aspergillus_fumigatus_12-7505446	18	16	2	0	scaffold_4	1733941	1783941
Aspergillus_fumigatus_12-7505446	18	14	4	0	scaffold_1	263204	313204
Aspergillus_fumigatus_12-7505446	16	4	12	0	scaffold_5	143009	193009
Aspergillus_fumigatus_12-7505446	15	13	2	0	scaffold_8	403689	453689
Aspergillus_fumigatus_12-7505446	22	21	1	0	scaffold_5	2093954	2143954
Aspergillus_fumigatus_12-7505446	21	20	1	0	scaffold_8	64302	114302
Aspergillus_fumigatus_12-7505446	12	11	1	0	scaffold_7	735412	785412
Aspergillus_fumigatus_12-7505446	18	17	1	0	scaffold_5	1789388	1839388
Aspergillus_fumigatus_12-7505446	20	18	2	0	scaffold_6	833304	883304
Aspergillus_fumigatus_12-7505446	13	12	1	0	scaffold_3	1585819	1635819
Aspergillus_fumigatus_12-7505446	14	14	0	0	scaffold_1	2911872	2961872
Aspergillus_fumigatus_12-7505446	25	22	3	0	scaffold_2	1679544	1729544
Aspergillus_fumigatus_12-7505446	14	14	0	0	scaffold_1	1135664	1185664
Aspergillus_fumigatus_12-7505446	7	6	1	0	scaffold_4	157721	207721
Aspergillus_fumigatus_12-7505446	18	17	1	0	scaffold_2	268076	318076
Aspergillus_fumigatus_12-7505446	10	10	0	0	scaffold_8	795311	845311
Aspergillus_fumigatus_12-7505446	18	16	2	0	scaffold_4	3678545	3728545
Aspergillus_fumigatus_12-7505446	21	20	1	0	scaffold_5	1674280	1724280
Aspergillus_fumigatus_12-7505446	18	18	0	0	scaffold_6	607107	657107
Aspergillus_fumigatus_12-7505446	19	19	0	0	scaffold_1	2404433	2454433
Aspergillus_fumigatus_12-7505446	16	16	0	0	scaffold_6	1203052	1253052
Aspergillus_fumigatus_12-7505446	6	6	0	0	scaffold_5	931433	981433
Aspergillus_fumigatus_12-7505446	12	11	1	0	scaffold_1	3094044	3144044
Aspergillus_fumigatus_12-7505446	7	5	2	0	scaffold_7	582623	632623
Aspergillus_fumigatus_12-7505446	18	15	3	0	scaffold_8	468233	518233
Aspergillus_fumigatus_12-7505446	18	18	0	0	scaffold_5	3047866	3097866
Aspergillus_fumigatus_12-7505446	0	0	0	0	scaffold_1	3846846	3896846
Aspergillus_fumigatus_12-7505446	18	17	1	0	scaffold_1	3321183	3371183
Aspergillus_fumigatus_12-7505446	17	17	0	0	scaffold_4	3447420	3497420
Aspergillus_fumigatus_12-7505446	25	25	0	0	scaffold_5	1597659	1647659
Aspergillus_fumigatus_12-7505446	19	19	0	0	scaffold_2	2636602	2686602
Aspergillus_fumigatus_12-7505446	26	18	8	0	scaffold_1	76337	126337
Aspergillus_fumigatus_12-7505446	17	16	1	0	scaffold_8	1372168	1422168
Aspergillus_fumigatus_12-7505446	18	16	2	0	scaffold_4	3582509	3632509
Aspergillus_fumigatus_12-7505446	18	16	2	0	scaffold_6	2505705	2555705
Aspergillus_fumigatus_12-7505446	18	16	2	0	scaffold_7	313342	363342
Aspergillus_fumigatus_12-7505446	20	19	1	0	scaffold_2	671953	721953
Aspergillus_fumigatus_12-7505446	14	14	0	0	scaffold_2	4589486	4639486
Aspergillus_fumigatus_12-7505446	18	18	0	0	scaffold_3	1570005	1620005
Aspergillus_fumigatus_12-7505446	12	10	2	0	scaffold_2	4233028	4283028
Aspergillus_fumigatus_12-7505446	1	1	0	0	scaffold_4	1377356	1427356
Aspergillus_fumigatus_12-7505446	14	13	1	0	scaffold_4	942032	992032
Aspergillus_fumigatus_12-7505446	16	15	1	0	scaffold_1	1585611	1635611
Aspergillus_fumigatus_12-7505446	19	18	1	0	scaffold_6	1594849	1644849
Aspergillus_fumigatus_12-7505446	16	14	2	0	scaffold_1	4036389	4086389
Aspergillus_fumigatus_12-7505446	19	16	3	0	scaffold_1	3062244	3112244
Aspergillus_fumigatus_12-7505446	21	21	0	0	scaffold_5	1444745	1494745
Aspergillus_fumigatus_12-7505446	14	13	1	0	scaffold_3	1586876	1636876
Aspergillus_fumigatus_12-7505446	7	5	2	0	scaffold_7	580529	630529
Aspergillus_fumigatus_12-7505446	18	18	0	0	scaffold_5	2863674	2913674
Aspergillus_fumigatus_12-7505446	21	19	2	0	scaffold_2	4295379	4345379
Aspergillus_fumigatus_12-7505446	22	19	3	0	scaffold_4	3242312	3292312
Aspergillus_fumigatus_12-7505446	20	19	1	0	scaffold_3	1710092	1760092
Aspergillus_fumigatus_12-7505446	17	17	0	0	scaffold_2	4132807	4182807
Aspergillus_fumigatus_12-7505446	18	16	2	0	scaffold_5	3094209	3144209
Aspergillus_fumigatus_12-7505446	25	24	1	0	scaffold_4	2209306	2259306
Aspergillus_fumigatus_12-7505446	21	19	2	0	scaffold_5	2945778	2995778
Aspergillus_fumigatus_12-7505446	22	19	3	0	scaffold_4	853290	903290
Aspergillus_fumigatus_12-7505446	19	18	1	0	scaffold_2	686571	736571
Aspergillus_fumigatus_12-7505446	23	23	0	0	scaffold_6	975637	1025637
Aspergillus_fumigatus_12-7505446	22	20	2	0	scaffold_1	3032925	3082925
Aspergillus_fumigatus_12-7505446	22	20	2	0	scaffold_7	1371579	1421579
Aspergillus_fumigatus_12-7505446	22	20	2	0	scaffold_2	936177	986177
Aspergillus_fumigatus_12-7505446	22	20	2	0	scaffold_6	2006454	2056454
Aspergillus_fumigatus_12-7505446	20	20	0	0	scaffold_5	1350799	1400799
Aspergillus_fumigatus_12-7505446	20	18	2	0	scaffold_2	2256485	2306485
Aspergillus_fumigatus_12-7505446	23	20	3	0	scaffold_3	4016312	4066312
Aspergillus_fumigatus_12-7505446	17	5	12	0	scaffold_4	3003137	3053137
Aspergillus_fumigatus_12-7505446	23	17	6	0	scaffold_8	225603	275603
Aspergillus_fumigatus_12-7505446	23	18	5	0	scaffold_1	3205091	3255091
Aspergillus_fumigatus_12-7505446	10	8	2	0	scaffold_8	734030	784030
Aspergillus_fumigatus_12-7505446	21	20	1	0	scaffold_5	698445	748445
Aspergillus_fumigatus_12-7505446	19	16	3	0	scaffold_4	2762222	2812222
Aspergillus_fumigatus_12-7505446	15	14	1	0	scaffold_4	3539455	3589455
Aspergillus_fumigatus_12-7505446	17	17	0	0	scaffold_1	724861	774861
Aspergillus_fumigatus_12-7505446	19	18	1	0	scaffold_2	4387200	4437200
Aspergillus_fumigatus_12-7505446	22	18	4	0	scaffold_4	2575278	2625278
Aspergillus_fumigatus_12-7505446	17	15	2	0	scaffold_1	1071056	1121056
Aspergillus_fumigatus_12-7505446	25	21	4	0	scaffold_3	3592509	3642509
Aspergillus_fumigatus_12-7505446	24	22	2	0	scaffold_6	3376176	3426176
Aspergillus_fumigatus_12-7505446	23	22	1	0	scaffold_4	991863	1041863
Aspergillus_fumigatus_12-7505446	24	22	2	0	scaffold_3	3888652	3938652
Aspergillus_fumigatus_12-7505446	20	18	2	0	scaffold_8	199642	249642
Aspergillus_fumigatus_12-7505446	21	19	2	0	scaffold_2	3506001	3556001
Aspergillus_fumigatus_12-7505446	20	20	0	0	scaffold_7	640100	690100
Aspergillus_fumigatus_12-7505446	24	23	1	0	scaffold_5	846750	896750
Aspergillus_fumigatus_12-7505446	22	19	3	0	scaffold_4	853946	903946
Aspergillus_fumigatus_12-7505446	28	24	4	0	scaffold_1	4683645	4733645
Aspergillus_fumigatus_12-7505446	16	7	9	0	scaffold_1	1882245	1932245
Aspergillus_fumigatus_12-7505446	13	13	0	0	scaffold_5	2650497	2700497
Aspergillus_fumigatus_12-7505446	21	16	5	0	scaffold_6	1639113	1689113
Aspergillus_fumigatus_12-7505446	17	16	1	0	scaffold_6	1562528	1612528
Aspergillus_fumigatus_12-7505446	1	1	0	0	scaffold_8	701827	751827
Aspergillus_fumigatus_12-7505446	21	19	2	0	scaffold_4	3875506	3925506
Aspergillus_fumigatus_12-7505446	18	18	0	0	scaffold_4	2167951	2217951
Aspergillus_fumigatus_12-7505446	18	15	3	0	scaffold_1	4174041	4224041
Aspergillus_fumigatus_12-7505446	22	0	22	0	scaffold_1	4450561	4500561
Aspergillus_fumigatus_12-7505446	21	21	0	0	scaffold_5	1180812	1230812
Aspergillus_fumigatus_12-7505446	23	21	2	0	scaffold_2	3142023	3192023
Aspergillus_fumigatus_12-7505446	19	17	2	0	scaffold_4	2647215	2697215
Aspergillus_fumigatus_12-7505446	19	17	2	0	scaffold_2	569366	619366
Aspergillus_fumigatus_12-7505446	25	17	8	0	scaffold_1	75719	125719
Aspergillus_fumigatus_12-7505446	19	19	0	0	scaffold_5	2690889	2740889
Aspergillus_fumigatus_12-7505446	17	17	0	0	scaffold_1	1313144	1363144
Aspergillus_fumigatus_12-7505446	26	22	4	0	scaffold_3	2251772	2301772
Aspergillus_fumigatus_12-7505446	22	20	2	0	scaffold_1	1207886	1257886
Aspergillus_fumigatus_12-7505446	21	20	1	0	scaffold_4	1521752	1571752
Aspergillus_fumigatus_12-7505446	18	17	1	0	scaffold_5	1789123	1839123
Aspergillus_fumigatus_12-7505446	20	19	1	0	scaffold_5	1869717	1919717
Aspergillus_fumigatus_12-7505446	18	17	1	0	scaffold_3	2644867	2694867
Aspergillus_fumigatus_12-7505446	24	18	6	0	scaffold_8	1499313	1549313
Aspergillus_fumigatus_12-7505446	19	18	1	0	scaffold_1	1496600	1546600
Aspergillus_fumigatus_12-7505446	19	19	0	0	scaffold_2	4181442	4231442
Aspergillus_fumigatus_12-7505446	17	13	4	0	scaffold_2	1282727	1332727
Aspergillus_fumigatus_12-7505446	17	16	1	0	scaffold_2	2767673	2817673
Aspergillus_fumigatus_12-7505446	17	16	1	0	scaffold_1	3618789	3668789
Aspergillus_fumigatus_12-7505446	10	10	0	0	scaffold_2	2596284	2646284
Aspergillus_fumigatus_12-7505446	22	19	3	0	scaffold_4	853354	903354
Aspergillus_fumigatus_12-7505446	18	18	0	0	scaffold_2	3653927	3703927
Aspergillus_fumigatus_12-7505446	13	11	2	0	scaffold_5	2242050	2292050
Aspergillus_fumigatus_12-7505446	15	15	0	0	scaffold_6	623927	673927
Aspergillus_fumigatus_12-7505446	23	19	4	0	scaffold_4	3723628	3773628
Aspergillus_fumigatus_12-7505446	26	22	4	0	scaffold_1	4693845	4743845
Aspergillus_fumigatus_12-7505446	21	20	1	0	scaffold_1	4775644	4825644
Aspergillus_fumigatus_12-7505446	17	14	3	0	scaffold_7	1539611	1589611
Aspergillus_fumigatus_12-7505446	19	17	2	0	scaffold_2	2902615	2952615
Aspergillus_fumigatus_12-7505446	19	19	0	0	scaffold_8	1381457	1431457
Aspergillus_fumigatus_12-7505446	19	18	1	0	scaffold_1	414381	464381
Aspergillus_fumigatus_12-7505446	23	15	8	0	scaffold_3	3614765	3664765
Aspergillus_fumigatus_12-7505446	21	17	4	0	scaffold_5	362261	412261
Aspergillus_fumigatus_12-7505446	3	3	0	0	scaffold_8	698451	748451
Aspergillus_fumigatus_12-7505446	21	18	3	0	scaffold_1	360034	410034
Aspergillus_fumigatus_12-7505446	21	18	3	0	scaffold_3	1410205	1460205
Aspergillus_fumigatus_12-7505446	18	17	1	0	scaffold_3	1440471	1490471
Aspergillus_fumigatus_12-7505446	18	16	2	0	scaffold_4	1235733	1285733
Aspergillus_fumigatus_12-7505446	19	14	5	0	scaffold_6	1649215	1699215
Aspergillus_fumigatus_12-7505446	17	13	4	0	scaffold_6	2965781	3015781
Aspergillus_fumigatus_12-7505446	0	0	0	0	scaffold_5	1000573	1050573
Aspergillus_fumigatus_12-7505446	21	19	2	0	scaffold_1	296042	346042
Aspergillus_fumigatus_12-7505446	19	19	0	0	scaffold_2	820619	870619
Aspergillus_fumigatus_12-7505446	21	20	1	0	scaffold_6	2829006	2879006
Aspergillus_fumigatus_12-7505446	19	16	3	0	scaffold_7	121497	171497
Aspergillus_fumigatus_12-7505446	19	19	0	0	scaffold_2	1749874	1799874
Aspergillus_fumigatus_12-7505446	22	18	4	0	scaffold_7	113082	163082
Aspergillus_fumigatus_12-7505446	19	16	3	0	scaffold_1	3287771	3337771
Aspergillus_fumigatus_12-7505446	20	20	0	0	scaffold_4	3360482	3410482
Aspergillus_fumigatus_12-7505446	18	18	0	0	scaffold_4	1187887	1237887
Aspergillus_fumigatus_12-7505446	15	15	0	0	scaffold_3	1364567	1414567
Aspergillus_fumigatus_12-7505446	14	12	2	0	scaffold_2	4228347	4278347
Aspergillus_fumigatus_12-7505446	16	16	0	0	scaffold_1	2954643	3004643
Aspergillus_fumigatus_12-7505446	21	20	1	0	scaffold_6	2828865	2878865
Aspergillus_fumigatus_12-7505446	22	14	8	0	scaffold_3	3623307	3673307
Aspergillus_fumigatus_12-7505446	22	21	1	0	scaffold_4	1705052	1755052
Aspergillus_fumigatus_12-7505446	22	21	1	0	scaffold_5	2074962	2124962
Aspergillus_fumigatus_12-7505446	17	15	2	0	scaffold_7	814983	864983
Aspergillus_fumigatus_12-7505446	20	18	2	0	scaffold_4	1498809	1548809
Aspergillus_fumigatus_12-7505446	21	19	2	0	scaffold_4	541786	591786
Aspergillus_fumigatus_12-7505446	20	20	0	0	scaffold_7	1052542	1102542
Aspergillus_fumigatus_12-7505446	17	16	1	0	scaffold_7	673071	723071
Aspergillus_fumigatus_12-7505446	18	16	2	0	scaffold_3	166524	216524
Aspergillus_fumigatus_12-7505446	22	20	2	0	scaffold_3	4031546	4081546
Aspergillus_fumigatus_12-7505446	20	20	0	0	scaffold_2	2023026	2073026
Aspergillus_fumigatus_12-7505446	20	20	0	0	scaffold_7	1197692	1247692
Aspergillus_fumigatus_12-7505446	15	7	8	0	scaffold_4	2994515	3044515
Aspergillus_fumigatus_12-7505446	18	13	5	0	scaffold_8	96031	146031
Aspergillus_fumigatus_12-7505446	21	19	2	0	scaffold_4	3878817	3928817
Aspergillus_fumigatus_12-7505446	18	16	2	0	scaffold_2	1640181	1690181
Aspergillus_fumigatus_12-7505446	20	19	1	0	scaffold_4	3422441	3472441
Aspergillus_fumigatus_12-7505446	20	19	1	0	scaffold_3	1740210	1790210
Aspergillus_fumigatus_12-7505446	21	0	21	0	scaffold_1	4312555	4362555
Aspergillus_fumigatus_12-7505446	22	20	2	0	scaffold_6	118798	168798
Aspergillus_fumigatus_12-7505446	19	17	2	0	scaffold_6	2060854	2110854
Aspergillus_fumigatus_12-7505446	24	23	1	0	scaffold_5	1050660	1100660
Aspergillus_fumigatus_12-7505446	23	18	5	0	scaffold_3	4005590	4055590
Aspergillus_fumigatus_12-7505446	23	17	6	0	scaffold_4	2584398	2634398
Aspergillus_fumigatus_12-7505446	22	21	1	0	scaffold_6	852106	902106
Aspergillus_fumigatus_12-7505446	20	19	1	0	scaffold_3	2088452	2138452
Aspergillus_fumigatus_12-7505446	14	12	1	1	scaffold_4	1846353	1896353
Aspergillus_fumigatus_12-7505446	14	13	1	0	scaffold_4	308040	358040
Aspergillus_fumigatus_12-7505446	22	20	2	0	scaffold_6	123913	173913
Aspergillus_fumigatus_12-7505446	19	17	2	0	scaffold_6	2056800	2106800
Aspergillus_fumigatus_12-7505446	17	17	0	0	scaffold_2	1587148	1637148
Aspergillus_fumigatus_12-7505446	20	19	1	0	scaffold_2	842016	892016
Aspergillus_fumigatus_12-7505446	17	15	2	0	scaffold_1	4630873	4680873
Aspergillus_fumigatus_12-7505446	22	19	3	0	scaffold_5	3423509	3473509
Aspergillus_fumigatus_12-7505446	8	7	1	0	scaffold_1	2679670	2729670
Aspergillus_fumigatus_12-7505446	17	14	3	0	scaffold_2	4274538	4324538
Aspergillus_fumigatus_12-7505446	18	17	1	0	scaffold_2	4389749	4439749
Aspergillus_fumigatus_12-7505446	20	20	0	0	scaffold_8	972652	1022652
Aspergillus_fumigatus_12-7505446	14	13	1	0	scaffold_6	1493001	1543001
Aspergillus_fumigatus_12-7505446	13	9	4	0	scaffold_3	678258	728258
Aspergillus_fumigatus_12-7505446	22	21	1	0	scaffold_2	2279649	2329649
Aspergillus_fumigatus_12-7505446	19	19	0	0	scaffold_4	1781741	1831741
Aspergillus_fumigatus_12-7505446	19	18	1	0	scaffold_4	458909	508909
Aspergillus_fumigatus_12-7505446	23	21	2	0	scaffold_3	4137046	4187046
Aspergillus_fumigatus_12-7505446	27	23	4	0	scaffold_1	4679100	4729100
Aspergillus_fumigatus_12-7505446	15	15	0	0	scaffold_7	710824	760824
Aspergillus_fumigatus_12-7505446	21	18	3	0	scaffold_4	691809	741809
Aspergillus_fumigatus_12-7505446	19	17	2	0	scaffold_5	1830794	1880794
Aspergillus_fumigatus_12-7505446	20	20	0	0	scaffold_5	874012	924012
Aspergillus_fumigatus_12-7505446	18	14	4	0	scaffold_8	117219	167219
Aspergillus_fumigatus_12-7505446	21	20	1	0	scaffold_3	1559235	1609235
Aspergillus_fumigatus_12-7505446	19	18	1	0	scaffold_6	1544497	1594497
Aspergillus_fumigatus_12-7505446	22	21	1	0	scaffold_5	1706544	1756544
Aspergillus_fumigatus_12-7505446	18	13	5	0	scaffold_4	3916890	3966890
Aspergillus_fumigatus_12-7505446	19	19	0	0	scaffold_3	1634242	1684242
Aspergillus_fumigatus_12-7505446	22	19	3	0	scaffold_7	109736	159736
Aspergillus_fumigatus_12-7505446	19	18	1	0	scaffold_1	3323809	3373809
Aspergillus_fumigatus_12-7505446	20	18	2	0	scaffold_1	1156743	1206743
Aspergillus_fumigatus_12-7505446	21	20	1	0	scaffold_6	875202	925202
Aspergillus_fumigatus_12-7505446	13	11	2	0	scaffold_7	875544	925544
Aspergillus_fumigatus_12-7505446	20	16	4	0	scaffold_1	3265932	3315932
Aspergillus_fumigatus_12-7505446	24	24	0	0	scaffold_5	2338137	2388137
Aspergillus_fumigatus_12-7505446	22	22	0	0	scaffold_2	337126	387126
Aspergillus_fumigatus_12-7505446	20	20	0	0	scaffold_4	3378709	3428709
Aspergillus_fumigatus_12-7505446	14	14	0	0	scaffold_5	2460686	2510686
Aspergillus_fumigatus_12-7505446	25	24	1	0	scaffold_7	1445088	1495088
Aspergillus_fumigatus_12-7505446	16	16	0	0	scaffold_1	3123640	3173640
Aspergillus_fumigatus_12-7505446	19	18	1	0	scaffold_4	3881614	3931614
Aspergillus_fumigatus_12-7505446	8	6	2	0	scaffold_6	2910695	2960695
Aspergillus_fumigatus_12-7505446	2	1	1	0	scaffold_5	3357577	3407577
Aspergillus_fumigatus_12-7505446	20	16	4	0	scaffold_6	3447217	3497217
Aspergillus_fumigatus_12-7505446	21	16	5	0	scaffold_3	3993510	4043510
Aspergillus_fumigatus_12-7505446	24	21	3	0	scaffold_3	2258528	2308528
Aspergillus_fumigatus_12-7505446	12	11	1	0	scaffold_1	1771853	1821853
Aspergillus_fumigatus_12-7505446	17	15	2	0	scaffold_3	1426503	1476503
Aspergillus_fumigatus_12-7505446	23	17	6	0	scaffold_1	183419	233419
Aspergillus_fumigatus_12-7505446	18	17	1	0	scaffold_7	836089	886089
Aspergillus_fumigatus_12-7505446	19	19	0	0	scaffold_2	2629493	2679493
Aspergillus_fumigatus_12-7505446	0	0	0	0	scaffold_5	980750	1030750
Aspergillus_fumigatus_12-7505446	15	15	0	0	scaffold_5	2535220	2585220
Aspergillus_fumigatus_12-7505446	13	11	2	0	scaffold_5	2186330	2236330
Aspergillus_fumigatus_12-7505446	17	17	0	0	scaffold_3	2987439	3037439
Aspergillus_fumigatus_12-7505446	19	14	5	0	scaffold_5	2014605	2064605
Aspergillus_fumigatus_12-7505446	18	5	13	0	scaffold_1	4501784	4551784
Aspergillus_fumigatus_12-7505446	22	19	3	0	scaffold_1	3955637	4005637
Aspergillus_fumigatus_12-7505446	13	1	12	0	scaffold_3	653796	703796
Aspergillus_fumigatus_12-7505446	21	19	2	0	scaffold_4	1266098	1316098
Aspergillus_fumigatus_12-7505446	13	8	5	0	scaffold_4	2390957	2440957
Aspergillus_fumigatus_12-7505446	20	18	2	0	scaffold_1	2176911	2226911
Aspergillus_fumigatus_12-7505446	17	17	0	0	scaffold_7	935089	985089
Aspergillus_fumigatus_12-7505446	20	19	1	0	scaffold_4	2151874	2201874
Aspergillus_fumigatus_12-7505446	21	17	4	0	scaffold_2	461703	511703
Aspergillus_fumigatus_12-7505446	18	17	1	0	scaffold_4	3442637	3492637
Aspergillus_fumigatus_12-7505446	15	15	0	0	scaffold_2	1416090	1466090
Aspergillus_fumigatus_12-7505446	20	19	1	0	scaffold_6	2708234	2758234
Aspergillus_fumigatus_12-7505446	26	25	1	0	scaffold_4	2236519	2286519
Aspergillus_fumigatus_12-7505446	21	19	2	0	scaffold_3	3248612	3298612
Aspergillus_fumigatus_12-7505446	18	17	1	0	scaffold_6	1882228	1932228
Aspergillus_fumigatus_12-7505446	16	16	0	0	scaffold_1	2723781	2773781
Aspergillus_fumigatus_12-7505446	19	4	15	0	scaffold_1	4493862	4543862
Aspergillus_fumigatus_12-7505446	19	19	0	0	scaffold_8	1205046	1255046
Aspergillus_fumigatus_12-7505446	21	19	2	0	scaffold_4	1153987	1203987
Aspergillus_fumigatus_12-7505446	17	16	1	0	scaffold_2	222774	272774
Aspergillus_fumigatus_12-7505446	22	19	3	0	scaffold_7	240451	290451
Aspergillus_fumigatus_12-7505446	20	18	2	0	scaffold_2	4293197	4343197
Aspergillus_fumigatus_12-7505446	18	18	0	0	scaffold_7	1604610	1654610
Aspergillus_fumigatus_12-7505446	20	18	2	0	scaffold_4	1722857	1772857
Aspergillus_fumigatus_12-7505446	19	17	2	0	scaffold_2	2418752	2468752
Aspergillus_fumigatus_12-7505446	23	22	1	0	scaffold_5	822912	872912
Aspergillus_fumigatus_12-7505446	24	21	3	0	scaffold_5	1483180	1533180
Aspergillus_fumigatus_12-7505446	5	5	0	0	scaffold_5	2276550	2326550
Aspergillus_fumigatus_12-7505446	17	13	4	0	scaffold_3	3725283	3775283
Aspergillus_fumigatus_12-7505446	18	14	4	0	scaffold_1	4224544	4274544
Aspergillus_fumigatus_12-7505446	19	19	0	0	scaffold_6	1735661	1785661
Aspergillus_fumigatus_12-7505446	21	17	4	0	scaffold_4	117609	167609
Aspergillus_fumigatus_12-7505446	21	18	3	0	scaffold_2	3724328	3774328
Aspergillus_fumigatus_12-7505446	15	6	9	0	scaffold_5	153802	203802
Aspergillus_fumigatus_12-7505446	21	19	2	0	scaffold_1	2145354	2195354
Aspergillus_fumigatus_12-7505446	17	16	1	0	scaffold_7	1330402	1380402
Aspergillus_fumigatus_12-7505446	20	20	0	0	scaffold_7	644723	694723
Aspergillus_fumigatus_12-7505446	24	23	1	0	scaffold_8	274285	324285
Aspergillus_fumigatus_12-7505446	16	14	2	0	scaffold_5	3244324	3294324
Aspergillus_fumigatus_12-7505446	19	18	1	0	scaffold_6	685470	735470
Aspergillus_fumigatus_12-7505446	20	19	1	0	scaffold_2	1341046	1391046
Aspergillus_fumigatus_12-7505446	26	23	3	0	scaffold_1	4676070	4726070
Aspergillus_fumigatus_12-7505446	17	17	0	0	scaffold_6	582121	632121
Aspergillus_fumigatus_12-7505446	20	20	0	0	scaffold_5	1173370	1223370
Aspergillus_fumigatus_12-7505446	19	16	3	0	scaffold_7	319825	369825
Aspergillus_fumigatus_12-7505446	25	23	2	0	scaffold_4	1671270	1721270
Aspergillus_fumigatus_12-7505446	23	23	0	0	scaffold_3	1491085	1541085
Aspergillus_fumigatus_12-7505446	20	18	2	0	scaffold_2	3024927	3074927
Aspergillus_fumigatus_12-7505446	24	23	1	0	scaffold_2	2360703	2410703
Aspergillus_fumigatus_12-7505446	4	4	0	0	scaffold_6	1163163	1213163
Aspergillus_fumigatus_12-7505446	17	17	0	0	scaffold_6	574764	624764
Aspergillus_fumigatus_12-7505446	14	14	0	0	scaffold_5	1275996	1325996
Aspergillus_fumigatus_12-7505446	0	0	0	0	scaffold_5	990797	1040797
Aspergillus_fumigatus_12-7505446	18	17	1	0	scaffold_5	2973958	3023958
Aspergillus_fumigatus_12-7505446	20	16	4	0	scaffold_4	724549	774549
Aspergillus_fumigatus_12-7505446	20	20	0	0	scaffold_1	561293	611293
Aspergillus_fumigatus_12-7505446	14	14	0	0	scaffold_2	3612699	3662699
Aspergillus_fumigatus_12-7505446	12	11	1	0	scaffold_1	1787417	1837417
Aspergillus_fumigatus_12-7505446	14	14	0	0	scaffold_1	2117504	2167504
Aspergillus_fumigatus_12-7505446	20	18	2	0	scaffold_3	2578773	2628773
Aspergillus_fumigatus_12-7505446	19	18	1	0	scaffold_3	1628131	1678131
Aspergillus_fumigatus_12-7505446	20	16	4	0	scaffold_2	474019	524019
Aspergillus_fumigatus_12-7505446	19	18	1	0	scaffold_3	2623786	2673786
Aspergillus_fumigatus_12-7505446	17	8	9	0	scaffold_1	4513218	4563218
Aspergillus_fumigatus_12-7505446	23	19	4	0	scaffold_8	1529574	1579574
Aspergillus_fumigatus_12-7505446	19	19	0	0	scaffold_5	884690	934690
Aspergillus_fumigatus_12-7505446	22	20	2	0	scaffold_1	3276	53276
Aspergillus_fumigatus_12-7505446	17	16	1	0	scaffold_2	506751	556751
Aspergillus_fumigatus_12-7505446	18	18	0	0	scaffold_3	4047831	4097831
Aspergillus_fumigatus_12-7505446	18	17	1	0	scaffold_7	943262	993262
Aspergillus_fumigatus_12-7505446	20	18	2	0	scaffold_6	1439958	1489958
Aspergillus_fumigatus_12-7505446	22	19	3	0	scaffold_4	414210	464210
Aspergillus_fumigatus_12-7505446	21	20	1	0	scaffold_4	1536352	1586352
Aspergillus_fumigatus_12-7505446	21	12	9	0	scaffold_5	72389	122389
Aspergillus_fumigatus_12-7505446	21	20	1	0	scaffold_3	1560011	1610011
Aspergillus_fumigatus_12-7505446	14	13	1	0	scaffold_7	1314459	1364459
Aspergillus_fumigatus_12-7505446	12	11	1	0	scaffold_8	807268	857268
Aspergillus_fumigatus_12-7505446	19	19	0	0	scaffold_4	3346443	3396443
Aspergillus_fumigatus_12-7505446	14	14	0	0	scaffold_5	2529954	2579954
Aspergillus_fumigatus_12-7505446	17	16	1	0	scaffold_6	1504846	1554846
Aspergillus_fumigatus_12-7505446	23	20	3	0	scaffold_7	30835	80835
Aspergillus_fumigatus_12-7505446	19	16	3	0	scaffold_2	4692733	4742733
Aspergillus_fumigatus_12-7505446	19	19	0	0	scaffold_8	1378309	1428309
Aspergillus_fumigatus_12-7505446	20	19	1	0	scaffold_6	2847180	2897180
Aspergillus_fumigatus_12-7505446	19	14	5	0	scaffold_1	4566309	4616309
Aspergillus_fumigatus_12-7505446	20	18	2	0	scaffold_3	2489928	2539928
Aspergillus_fumigatus_12-7505446	22	22	0	0	scaffold_4	997675	1047675
Aspergillus_fumigatus_12-7505446	18	17	1	0	scaffold_7	1141154	1191154
Aspergillus_fumigatus_12-7505446	14	11	3	0	scaffold_4	2478196	2528196
Aspergillus_fumigatus_12-7505446	15	15	0	0	scaffold_1	3459333	3509333
Aspergillus_fumigatus_12-7505446	14	12	2	0	scaffold_3	3671350	3721350
Aspergillus_fumigatus_12-7505446	12	12	0	0	scaffold_2	1385476	1435476
Aspergillus_fumigatus_12-7505446	23	20	3	0	scaffold_6	2167991	2217991
Aspergillus_fumigatus_12-7505446	20	20	0	0	scaffold_2	3667979	3717979
Aspergillus_fumigatus_12-7505446	18	16	2	0	scaffold_2	701491	751491
Aspergillus_fumigatus_12-7505446	28	23	5	0	scaffold_6	155392	205392
