STRAIN	TOTAL	CORE	ACCESSORY	SINGLETON	CHROM	START	END
Aspergillus_fumigatus_AFUG_082015-1200	21	16	5	0	scaffold_5	3758707	3808707
Aspergillus_fumigatus_AFUG_082015-1200	20	19	1	0	scaffold_6	655881	705881
Aspergillus_fumigatus_AFUG_082015-1200	21	20	1	0	scaffold_4	3525563	3575563
Aspergillus_fumigatus_AFUG_082015-1200	19	18	1	0	scaffold_5	3109576	3159576
Aspergillus_fumigatus_AFUG_082015-1200	19	19	0	0	scaffold_4	2352326	2402326
Aspergillus_fumigatus_AFUG_082015-1200	19	17	2	0	scaffold_6	1875913	1925913
Aspergillus_fumigatus_AFUG_082015-1200	21	17	4	0	scaffold_4	161711	211711
Aspergillus_fumigatus_AFUG_082015-1200	20	19	1	0	scaffold_5	310455	360455
Aspergillus_fumigatus_AFUG_082015-1200	23	22	1	0	scaffold_1	2103770	2153770
Aspergillus_fumigatus_AFUG_082015-1200	13	10	3	0	scaffold_2	3425503	3475503
Aspergillus_fumigatus_AFUG_082015-1200	14	13	1	0	scaffold_2	1464653	1514653
Aspergillus_fumigatus_AFUG_082015-1200	28	19	9	0	scaffold_8	239359	289359
Aspergillus_fumigatus_AFUG_082015-1200	26	21	5	0	scaffold_6	2544907	2594907
Aspergillus_fumigatus_AFUG_082015-1200	24	20	4	0	scaffold_2	24712	74712
Aspergillus_fumigatus_AFUG_082015-1200	19	17	2	0	scaffold_2	3394751	3444751
Aspergillus_fumigatus_AFUG_082015-1200	24	21	3	0	scaffold_2	1890659	1940659
Aspergillus_fumigatus_AFUG_082015-1200	17	17	0	0	scaffold_4	1039036	1089036
Aspergillus_fumigatus_AFUG_082015-1200	19	18	1	0	scaffold_6	515812	565812
Aspergillus_fumigatus_AFUG_082015-1200	19	12	7	0	scaffold_3	733543	783543
Aspergillus_fumigatus_AFUG_082015-1200	20	16	4	0	scaffold_8	439318	489318
Aspergillus_fumigatus_AFUG_082015-1200	12	12	0	0	scaffold_3	3188421	3238421
Aspergillus_fumigatus_AFUG_082015-1200	20	18	2	0	scaffold_1	2978066	3028066
Aspergillus_fumigatus_AFUG_082015-1200	18	17	1	0	scaffold_3	1353320	1403320
Aspergillus_fumigatus_AFUG_082015-1200	22	22	0	0	scaffold_1	1644185	1694185
Aspergillus_fumigatus_AFUG_082015-1200	20	19	1	0	scaffold_1	3473842	3523842
Aspergillus_fumigatus_AFUG_082015-1200	20	17	3	0	scaffold_5	2019826	2069826
Aspergillus_fumigatus_AFUG_082015-1200	18	16	2	0	scaffold_7	950996	1000996
Aspergillus_fumigatus_AFUG_082015-1200	18	16	2	0	scaffold_1	4336607	4386607
Aspergillus_fumigatus_AFUG_082015-1200	16	10	6	0	scaffold_5	3316872	3366872
Aspergillus_fumigatus_AFUG_082015-1200	16	16	0	0	scaffold_1	4486076	4536076
Aspergillus_fumigatus_AFUG_082015-1200	19	17	2	0	scaffold_3	487397	537397
Aspergillus_fumigatus_AFUG_082015-1200	13	13	0	0	scaffold_4	3214906	3264906
Aspergillus_fumigatus_AFUG_082015-1200	13	13	0	0	scaffold_4	3252814	3302814
Aspergillus_fumigatus_AFUG_082015-1200	21	20	1	0	scaffold_4	818370	868370
Aspergillus_fumigatus_AFUG_082015-1200	19	19	0	0	scaffold_1	1716642	1766642
Aspergillus_fumigatus_AFUG_082015-1200	19	17	2	0	scaffold_7	1615843	1665843
Aspergillus_fumigatus_AFUG_082015-1200	17	15	2	0	scaffold_4	1915055	1965055
Aspergillus_fumigatus_AFUG_082015-1200	3	2	1	0	scaffold_4	1168467	1218467
Aspergillus_fumigatus_AFUG_082015-1200	22	20	2	0	scaffold_2	2346497	2396497
Aspergillus_fumigatus_AFUG_082015-1200	16	14	2	0	scaffold_8	13935	63935
Aspergillus_fumigatus_AFUG_082015-1200	20	19	1	0	scaffold_1	1551199	1601199
Aspergillus_fumigatus_AFUG_082015-1200	24	24	0	0	scaffold_4	2956968	3006968
Aspergillus_fumigatus_AFUG_082015-1200	22	22	0	0	scaffold_4	1796161	1846161
Aspergillus_fumigatus_AFUG_082015-1200	13	13	0	0	scaffold_5	936524	986524
Aspergillus_fumigatus_AFUG_082015-1200	18	18	0	0	scaffold_4	1289222	1339222
Aspergillus_fumigatus_AFUG_082015-1200	25	21	4	0	scaffold_1	3756835	3806835
Aspergillus_fumigatus_AFUG_082015-1200	21	19	2	0	scaffold_2	1933123	1983123
Aspergillus_fumigatus_AFUG_082015-1200	20	14	6	0	scaffold_6	2629002	2679002
Aspergillus_fumigatus_AFUG_082015-1200	17	16	1	0	scaffold_5	3629870	3679870
Aspergillus_fumigatus_AFUG_082015-1200	11	10	1	0	scaffold_4	2835679	2885679
Aspergillus_fumigatus_AFUG_082015-1200	17	17	0	0	scaffold_5	463218	513218
Aspergillus_fumigatus_AFUG_082015-1200	19	17	2	0	scaffold_2	852094	902094
Aspergillus_fumigatus_AFUG_082015-1200	18	17	1	0	scaffold_5	966295	1016295
Aspergillus_fumigatus_AFUG_082015-1200	17	13	4	0	scaffold_4	2169334	2219334
Aspergillus_fumigatus_AFUG_082015-1200	17	17	0	0	scaffold_5	1882045	1932045
Aspergillus_fumigatus_AFUG_082015-1200	19	16	3	0	scaffold_3	1730458	1780458
Aspergillus_fumigatus_AFUG_082015-1200	18	15	3	0	scaffold_2	303448	353448
Aspergillus_fumigatus_AFUG_082015-1200	21	21	0	0	scaffold_5	326722	376722
Aspergillus_fumigatus_AFUG_082015-1200	21	18	3	0	scaffold_1	2962485	3012485
Aspergillus_fumigatus_AFUG_082015-1200	16	16	0	0	scaffold_2	2430898	2480898
Aspergillus_fumigatus_AFUG_082015-1200	18	17	1	0	scaffold_4	1467792	1517792
Aspergillus_fumigatus_AFUG_082015-1200	25	21	4	0	scaffold_2	3157282	3207282
Aspergillus_fumigatus_AFUG_082015-1200	22	19	3	0	scaffold_6	103310	153310
Aspergillus_fumigatus_AFUG_082015-1200	17	15	2	0	scaffold_2	3541393	3591393
Aspergillus_fumigatus_AFUG_082015-1200	21	19	2	0	scaffold_3	2512196	2562196
Aspergillus_fumigatus_AFUG_082015-1200	17	16	1	0	scaffold_7	1303759	1353759
Aspergillus_fumigatus_AFUG_082015-1200	22	20	2	0	scaffold_7	1106350	1156350
Aspergillus_fumigatus_AFUG_082015-1200	20	17	3	0	scaffold_1	909027	959027
Aspergillus_fumigatus_AFUG_082015-1200	21	20	1	0	scaffold_4	995604	1045604
Aspergillus_fumigatus_AFUG_082015-1200	17	17	0	0	scaffold_4	3066786	3116786
Aspergillus_fumigatus_AFUG_082015-1200	17	15	2	0	scaffold_3	586471	636471
Aspergillus_fumigatus_AFUG_082015-1200	12	11	1	0	scaffold_4	2907293	2957293
Aspergillus_fumigatus_AFUG_082015-1200	22	20	2	0	scaffold_8	324714	374714
Aspergillus_fumigatus_AFUG_082015-1200	18	16	2	0	scaffold_5	3397727	3447727
Aspergillus_fumigatus_AFUG_082015-1200	11	10	1	0	scaffold_1	4790176	4840176
Aspergillus_fumigatus_AFUG_082015-1200	21	17	4	0	scaffold_5	1335573	1385573
Aspergillus_fumigatus_AFUG_082015-1200	19	17	2	0	scaffold_5	2996428	3046428
Aspergillus_fumigatus_AFUG_082015-1200	12	12	0	0	scaffold_3	3194134	3244134
Aspergillus_fumigatus_AFUG_082015-1200	15	13	2	0	scaffold_3	4031167	4081167
Aspergillus_fumigatus_AFUG_082015-1200	15	13	2	0	scaffold_1	3932087	3982087
Aspergillus_fumigatus_AFUG_082015-1200	26	19	7	0	scaffold_5	231808	281808
Aspergillus_fumigatus_AFUG_082015-1200	21	20	1	0	scaffold_7	1686247	1736247
Aspergillus_fumigatus_AFUG_082015-1200	14	13	1	0	scaffold_4	76310	126310
Aspergillus_fumigatus_AFUG_082015-1200	18	16	2	0	scaffold_4	2318208	2368208
Aspergillus_fumigatus_AFUG_082015-1200	24	20	4	0	scaffold_5	2079262	2129262
Aspergillus_fumigatus_AFUG_082015-1200	16	13	3	0	scaffold_7	1546981	1596981
Aspergillus_fumigatus_AFUG_082015-1200	19	18	1	0	scaffold_1	3894191	3944191
Aspergillus_fumigatus_AFUG_082015-1200	22	21	1	0	scaffold_8	161910	211910
Aspergillus_fumigatus_AFUG_082015-1200	13	9	4	0	scaffold_4	401605	451605
Aspergillus_fumigatus_AFUG_082015-1200	14	14	0	0	scaffold_8	653514	703514
Aspergillus_fumigatus_AFUG_082015-1200	16	15	1	0	scaffold_5	2867856	2917856
Aspergillus_fumigatus_AFUG_082015-1200	3	1	2	0	scaffold_6	1203937	1253937
Aspergillus_fumigatus_AFUG_082015-1200	18	15	3	0	scaffold_2	1989514	2039514
Aspergillus_fumigatus_AFUG_082015-1200	21	21	0	0	scaffold_3	2540216	2590216
Aspergillus_fumigatus_AFUG_082015-1200	23	20	3	0	scaffold_7	1129131	1179131
Aspergillus_fumigatus_AFUG_082015-1200	15	15	0	0	scaffold_2	2400706	2450706
Aspergillus_fumigatus_AFUG_082015-1200	22	21	1	0	scaffold_6	1593599	1643599
Aspergillus_fumigatus_AFUG_082015-1200	13	12	1	0	scaffold_3	3474790	3524790
Aspergillus_fumigatus_AFUG_082015-1200	21	19	2	0	scaffold_3	1645481	1695481
Aspergillus_fumigatus_AFUG_082015-1200	18	16	2	0	scaffold_3	1513194	1563194
Aspergillus_fumigatus_AFUG_082015-1200	19	17	2	0	scaffold_1	4523267	4573267
Aspergillus_fumigatus_AFUG_082015-1200	25	20	5	0	scaffold_4	3934497	3984497
Aspergillus_fumigatus_AFUG_082015-1200	19	17	2	0	scaffold_1	3492640	3542640
Aspergillus_fumigatus_AFUG_082015-1200	18	14	4	0	scaffold_2	3944758	3994758
Aspergillus_fumigatus_AFUG_082015-1200	19	15	4	0	scaffold_8	111911	161911
Aspergillus_fumigatus_AFUG_082015-1200	21	18	3	0	scaffold_1	2608555	2658555
Aspergillus_fumigatus_AFUG_082015-1200	18	17	1	0	scaffold_5	2604629	2654629
Aspergillus_fumigatus_AFUG_082015-1200	20	20	0	0	scaffold_1	1525927	1575927
Aspergillus_fumigatus_AFUG_082015-1200	14	10	4	0	scaffold_4	427822	477822
Aspergillus_fumigatus_AFUG_082015-1200	20	19	1	0	scaffold_4	2452916	2502916
Aspergillus_fumigatus_AFUG_082015-1200	17	15	2	0	scaffold_2	281499	331499
Aspergillus_fumigatus_AFUG_082015-1200	16	16	0	0	scaffold_7	992638	1042638
Aspergillus_fumigatus_AFUG_082015-1200	15	14	1	0	scaffold_7	1056398	1106398
Aspergillus_fumigatus_AFUG_082015-1200	13	11	2	0	scaffold_6	1648612	1698612
Aspergillus_fumigatus_AFUG_082015-1200	18	16	2	0	scaffold_3	3744071	3794071
Aspergillus_fumigatus_AFUG_082015-1200	20	19	1	0	scaffold_2	1659066	1709066
Aspergillus_fumigatus_AFUG_082015-1200	20	19	1	0	scaffold_3	3570698	3620698
Aspergillus_fumigatus_AFUG_082015-1200	15	14	1	0	scaffold_5	1450669	1500669
Aspergillus_fumigatus_AFUG_082015-1200	19	18	1	0	scaffold_3	1357326	1407326
Aspergillus_fumigatus_AFUG_082015-1200	20	19	1	0	scaffold_1	1544089	1594089
Aspergillus_fumigatus_AFUG_082015-1200	20	19	1	0	scaffold_2	1661137	1711137
Aspergillus_fumigatus_AFUG_082015-1200	19	16	3	0	scaffold_3	3318334	3368334
Aspergillus_fumigatus_AFUG_082015-1200	31	25	6	0	scaffold_6	72404	122404
Aspergillus_fumigatus_AFUG_082015-1200	20	18	2	0	scaffold_4	1550232	1600232
Aspergillus_fumigatus_AFUG_082015-1200	14	13	1	0	scaffold_3	1194653	1244653
Aspergillus_fumigatus_AFUG_082015-1200	21	14	7	0	scaffold_3	3434258	3484258
Aspergillus_fumigatus_AFUG_082015-1200	21	21	0	0	scaffold_1	331826	381826
Aspergillus_fumigatus_AFUG_082015-1200	27	22	5	0	scaffold_5	149236	199236
Aspergillus_fumigatus_AFUG_082015-1200	16	15	1	0	scaffold_8	608783	658783
Aspergillus_fumigatus_AFUG_082015-1200	18	18	0	0	scaffold_1	712885	762885
Aspergillus_fumigatus_AFUG_082015-1200	18	16	2	0	scaffold_1	934508	984508
Aspergillus_fumigatus_AFUG_082015-1200	20	17	3	0	scaffold_2	2572829	2622829
Aspergillus_fumigatus_AFUG_082015-1200	18	15	3	0	scaffold_8	559117	609117
Aspergillus_fumigatus_AFUG_082015-1200	22	18	4	0	scaffold_2	3487441	3537441
Aspergillus_fumigatus_AFUG_082015-1200	20	20	0	0	scaffold_1	1497012	1547012
Aspergillus_fumigatus_AFUG_082015-1200	22	19	3	0	scaffold_5	847563	897563
Aspergillus_fumigatus_AFUG_082015-1200	23	19	4	0	scaffold_3	2245113	2295113
Aspergillus_fumigatus_AFUG_082015-1200	19	18	1	0	scaffold_2	240375	290375
Aspergillus_fumigatus_AFUG_082015-1200	21	21	0	0	scaffold_5	2935594	2985594
Aspergillus_fumigatus_AFUG_082015-1200	14	14	0	0	scaffold_5	1503586	1553586
Aspergillus_fumigatus_AFUG_082015-1200	20	20	0	0	scaffold_8	898216	948216
Aspergillus_fumigatus_AFUG_082015-1200	17	16	1	0	scaffold_1	755359	805359
Aspergillus_fumigatus_AFUG_082015-1200	13	11	2	0	scaffold_4	2153576	2203576
Aspergillus_fumigatus_AFUG_082015-1200	14	11	3	0	scaffold_1	1185720	1235720
Aspergillus_fumigatus_AFUG_082015-1200	20	20	0	0	scaffold_1	306517	356517
Aspergillus_fumigatus_AFUG_082015-1200	22	17	5	0	scaffold_8	342648	392648
Aspergillus_fumigatus_AFUG_082015-1200	23	21	2	0	scaffold_2	1628934	1678934
Aspergillus_fumigatus_AFUG_082015-1200	21	19	2	0	scaffold_3	2062266	2112266
Aspergillus_fumigatus_AFUG_082015-1200	22	21	1	0	scaffold_2	498121	548121
Aspergillus_fumigatus_AFUG_082015-1200	17	17	0	0	scaffold_5	2192098	2242098
Aspergillus_fumigatus_AFUG_082015-1200	19	19	0	0	scaffold_3	656870	706870
Aspergillus_fumigatus_AFUG_082015-1200	19	16	3	0	scaffold_7	938459	988459
Aspergillus_fumigatus_AFUG_082015-1200	17	15	2	0	scaffold_6	1795499	1845499
Aspergillus_fumigatus_AFUG_082015-1200	15	15	0	0	scaffold_4	2917592	2967592
Aspergillus_fumigatus_AFUG_082015-1200	5	4	1	0	scaffold_6	165507	215507
Aspergillus_fumigatus_AFUG_082015-1200	16	13	3	0	scaffold_2	1512376	1562376
Aspergillus_fumigatus_AFUG_082015-1200	21	20	1	0	scaffold_1	2091816	2141816
Aspergillus_fumigatus_AFUG_082015-1200	21	19	2	0	scaffold_3	2509271	2559271
Aspergillus_fumigatus_AFUG_082015-1200	22	22	0	0	scaffold_2	3179864	3229864
Aspergillus_fumigatus_AFUG_082015-1200	17	16	1	0	scaffold_4	898258	948258
Aspergillus_fumigatus_AFUG_082015-1200	14	9	5	0	scaffold_4	2085128	2135128
Aspergillus_fumigatus_AFUG_082015-1200	25	21	4	0	scaffold_5	246488	296488
Aspergillus_fumigatus_AFUG_082015-1200	18	18	0	0	scaffold_4	3307404	3357404
Aspergillus_fumigatus_AFUG_082015-1200	19	16	3	0	scaffold_5	1433116	1483116
Aspergillus_fumigatus_AFUG_082015-1200	18	18	0	0	scaffold_2	2379758	2429758
Aspergillus_fumigatus_AFUG_082015-1200	15	15	0	0	scaffold_5	1486698	1536698
Aspergillus_fumigatus_AFUG_082015-1200	13	11	2	0	scaffold_7	616685	666685
Aspergillus_fumigatus_AFUG_082015-1200	25	22	3	0	scaffold_1	2167741	2217741
Aspergillus_fumigatus_AFUG_082015-1200	21	20	1	0	scaffold_2	2240545	2290545
Aspergillus_fumigatus_AFUG_082015-1200	14	4	10	0	scaffold_3	973039	1023039
Aspergillus_fumigatus_AFUG_082015-1200	19	19	0	0	scaffold_3	2000908	2050908
Aspergillus_fumigatus_AFUG_082015-1200	21	20	1	0	scaffold_1	971354	1021354
Aspergillus_fumigatus_AFUG_082015-1200	20	19	1	0	scaffold_3	2876876	2926876
Aspergillus_fumigatus_AFUG_082015-1200	22	19	3	0	scaffold_2	1934962	1984962
Aspergillus_fumigatus_AFUG_082015-1200	7	6	1	0	scaffold_1	4809360	4859360
Aspergillus_fumigatus_AFUG_082015-1200	22	19	3	0	scaffold_7	49544	99544
Aspergillus_fumigatus_AFUG_082015-1200	21	20	1	0	scaffold_3	68688	118688
Aspergillus_fumigatus_AFUG_082015-1200	18	16	2	0	scaffold_3	2386546	2436546
Aspergillus_fumigatus_AFUG_082015-1200	17	10	7	0	scaffold_4	3969114	4019114
Aspergillus_fumigatus_AFUG_082015-1200	19	16	3	0	scaffold_2	167867	217867
Aspergillus_fumigatus_AFUG_082015-1200	19	16	3	0	scaffold_1	28602	78602
Aspergillus_fumigatus_AFUG_082015-1200	16	14	2	0	scaffold_3	2257751	2307751
Aspergillus_fumigatus_AFUG_082015-1200	18	18	0	0	scaffold_6	993231	1043231
Aspergillus_fumigatus_AFUG_082015-1200	15	12	3	0	scaffold_1	481319	531319
Aspergillus_fumigatus_AFUG_082015-1200	22	0	22	0	scaffold_2	4235985	4285985
Aspergillus_fumigatus_AFUG_082015-1200	12	11	1	0	scaffold_2	1300418	1350418
Aspergillus_fumigatus_AFUG_082015-1200	24	20	4	0	scaffold_3	3400404	3450404
Aspergillus_fumigatus_AFUG_082015-1200	16	15	1	0	scaffold_4	1687802	1737802
Aspergillus_fumigatus_AFUG_082015-1200	15	0	15	0	scaffold_2	4145882	4195882
Aspergillus_fumigatus_AFUG_082015-1200	20	20	0	0	scaffold_1	1617767	1667767
Aspergillus_fumigatus_AFUG_082015-1200	13	13	0	0	scaffold_8	621381	671381
Aspergillus_fumigatus_AFUG_082015-1200	16	16	0	0	scaffold_3	1556089	1606089
Aspergillus_fumigatus_AFUG_082015-1200	12	12	0	0	scaffold_2	2296770	2346770
Aspergillus_fumigatus_AFUG_082015-1200	20	16	4	0	scaffold_6	1082294	1132294
Aspergillus_fumigatus_AFUG_082015-1200	21	21	0	0	scaffold_2	469267	519267
Aspergillus_fumigatus_AFUG_082015-1200	18	17	1	0	scaffold_3	3628852	3678852
Aspergillus_fumigatus_AFUG_082015-1200	19	17	2	0	scaffold_3	2461651	2511651
Aspergillus_fumigatus_AFUG_082015-1200	23	22	1	0	scaffold_8	511346	561346
Aspergillus_fumigatus_AFUG_082015-1200	21	20	1	0	scaffold_2	346914	396914
Aspergillus_fumigatus_AFUG_082015-1200	17	16	1	0	scaffold_2	3035810	3085810
Aspergillus_fumigatus_AFUG_082015-1200	13	13	0	0	scaffold_8	619929	669929
Aspergillus_fumigatus_AFUG_082015-1200	15	14	1	0	scaffold_6	2448486	2498486
Aspergillus_fumigatus_AFUG_082015-1200	19	17	2	0	scaffold_1	1856557	1906557
Aspergillus_fumigatus_AFUG_082015-1200	14	12	2	0	scaffold_3	4031832	4081832
Aspergillus_fumigatus_AFUG_082015-1200	17	14	3	0	scaffold_7	412488	462488
Aspergillus_fumigatus_AFUG_082015-1200	21	20	1	0	scaffold_2	2756823	2806823
Aspergillus_fumigatus_AFUG_082015-1200	17	17	0	0	scaffold_7	981454	1031454
Aspergillus_fumigatus_AFUG_082015-1200	24	18	6	0	scaffold_5	1210656	1260656
Aspergillus_fumigatus_AFUG_082015-1200	17	16	1	0	scaffold_7	101789	151789
Aspergillus_fumigatus_AFUG_082015-1200	12	10	2	0	scaffold_5	1745315	1795315
Aspergillus_fumigatus_AFUG_082015-1200	23	22	1	0	scaffold_2	1909707	1959707
Aspergillus_fumigatus_AFUG_082015-1200	21	18	3	0	scaffold_1	4669299	4719299
Aspergillus_fumigatus_AFUG_082015-1200	14	14	0	0	scaffold_4	2538743	2588743
Aspergillus_fumigatus_AFUG_082015-1200	20	18	2	0	scaffold_2	2222252	2272252
Aspergillus_fumigatus_AFUG_082015-1200	20	18	2	0	scaffold_3	3299244	3349244
Aspergillus_fumigatus_AFUG_082015-1200	17	16	1	0	scaffold_4	607622	657622
Aspergillus_fumigatus_AFUG_082015-1200	24	20	4	0	scaffold_3	3405260	3455260
Aspergillus_fumigatus_AFUG_082015-1200	19	19	0	0	scaffold_4	3302222	3352222
Aspergillus_fumigatus_AFUG_082015-1200	18	16	2	0	scaffold_4	462415	512415
Aspergillus_fumigatus_AFUG_082015-1200	19	19	0	0	scaffold_4	2239864	2289864
Aspergillus_fumigatus_AFUG_082015-1200	22	18	4	0	scaffold_7	355282	405282
Aspergillus_fumigatus_AFUG_082015-1200	16	15	1	0	scaffold_1	722098	772098
Aspergillus_fumigatus_AFUG_082015-1200	18	18	0	0	scaffold_5	1866883	1916883
Aspergillus_fumigatus_AFUG_082015-1200	19	19	0	0	scaffold_3	2010111	2060111
Aspergillus_fumigatus_AFUG_082015-1200	19	15	4	0	scaffold_2	294104	344104
Aspergillus_fumigatus_AFUG_082015-1200	18	16	2	0	scaffold_5	2382708	2432708
Aspergillus_fumigatus_AFUG_082015-1200	19	19	0	0	scaffold_4	1011119	1061119
Aspergillus_fumigatus_AFUG_082015-1200	21	19	2	0	scaffold_2	3386975	3436975
Aspergillus_fumigatus_AFUG_082015-1200	16	14	2	0	scaffold_4	593850	643850
Aspergillus_fumigatus_AFUG_082015-1200	24	19	5	0	scaffold_7	447680	497680
Aspergillus_fumigatus_AFUG_082015-1200	22	0	22	0	scaffold_2	4107294	4157294
Aspergillus_fumigatus_AFUG_082015-1200	23	22	1	0	scaffold_4	3508270	3558270
Aspergillus_fumigatus_AFUG_082015-1200	19	16	3	0	scaffold_1	1737787	1787787
Aspergillus_fumigatus_AFUG_082015-1200	18	16	2	0	scaffold_4	3815761	3865761
Aspergillus_fumigatus_AFUG_082015-1200	12	8	4	0	scaffold_3	4040390	4090390
Aspergillus_fumigatus_AFUG_082015-1200	20	20	0	0	scaffold_1	312836	362836
Aspergillus_fumigatus_AFUG_082015-1200	16	13	3	0	scaffold_8	369822	419822
Aspergillus_fumigatus_AFUG_082015-1200	23	21	2	0	scaffold_8	515419	565419
Aspergillus_fumigatus_AFUG_082015-1200	20	19	1	0	scaffold_2	1416177	1466177
Aspergillus_fumigatus_AFUG_082015-1200	20	17	3	0	scaffold_5	1266457	1316457
Aspergillus_fumigatus_AFUG_082015-1200	23	21	2	0	scaffold_4	2978429	3028429
Aspergillus_fumigatus_AFUG_082015-1200	0	0	0	0	scaffold_4	1142089	1192089
Aspergillus_fumigatus_AFUG_082015-1200	24	21	3	0	scaffold_7	1411273	1461273
Aspergillus_fumigatus_AFUG_082015-1200	20	19	1	0	scaffold_5	1571828	1621828
Aspergillus_fumigatus_AFUG_082015-1200	18	17	1	0	scaffold_4	3037790	3087790
Aspergillus_fumigatus_AFUG_082015-1200	17	15	2	0	scaffold_8	18665	68665
Aspergillus_fumigatus_AFUG_082015-1200	13	13	0	0	scaffold_1	501788	551788
Aspergillus_fumigatus_AFUG_082015-1200	20	17	3	0	scaffold_8	840648	890648
Aspergillus_fumigatus_AFUG_082015-1200	14	12	2	0	scaffold_8	743647	793647
Aspergillus_fumigatus_AFUG_082015-1200	17	15	2	0	scaffold_7	627625	677625
Aspergillus_fumigatus_AFUG_082015-1200	19	18	1	0	scaffold_5	3522986	3572986
Aspergillus_fumigatus_AFUG_082015-1200	15	13	2	0	scaffold_4	2405848	2455848
Aspergillus_fumigatus_AFUG_082015-1200	13	12	1	0	scaffold_5	1536597	1586597
Aspergillus_fumigatus_AFUG_082015-1200	15	15	0	0	scaffold_5	1498170	1548170
Aspergillus_fumigatus_AFUG_082015-1200	16	0	16	0	scaffold_2	4127448	4177448
Aspergillus_fumigatus_AFUG_082015-1200	17	16	1	0	scaffold_1	2345902	2395902
Aspergillus_fumigatus_AFUG_082015-1200	26	22	4	0	scaffold_3	3979463	4029463
Aspergillus_fumigatus_AFUG_082015-1200	14	12	2	0	scaffold_8	1323732	1373732
Aspergillus_fumigatus_AFUG_082015-1200	21	20	1	0	scaffold_3	613431	663431
Aspergillus_fumigatus_AFUG_082015-1200	17	16	1	0	scaffold_1	2346382	2396382
Aspergillus_fumigatus_AFUG_082015-1200	19	18	1	0	scaffold_4	1357160	1407160
Aspergillus_fumigatus_AFUG_082015-1200	18	16	2	0	scaffold_7	306611	356611
Aspergillus_fumigatus_AFUG_082015-1200	15	15	0	0	scaffold_2	2506390	2556390
Aspergillus_fumigatus_AFUG_082015-1200	17	15	2	0	scaffold_4	878681	928681
Aspergillus_fumigatus_AFUG_082015-1200	20	17	3	0	scaffold_5	1787348	1837348
Aspergillus_fumigatus_AFUG_082015-1200	22	20	2	0	scaffold_7	218649	268649
Aspergillus_fumigatus_AFUG_082015-1200	21	20	1	0	scaffold_4	2715821	2765821
Aspergillus_fumigatus_AFUG_082015-1200	15	14	1	0	scaffold_1	410984	460984
Aspergillus_fumigatus_AFUG_082015-1200	17	15	2	0	scaffold_1	2768338	2818338
Aspergillus_fumigatus_AFUG_082015-1200	18	16	2	0	scaffold_5	867769	917769
Aspergillus_fumigatus_AFUG_082015-1200	13	11	2	0	scaffold_4	3410346	3460346
Aspergillus_fumigatus_AFUG_082015-1200	20	20	0	0	scaffold_5	2231613	2281613
Aspergillus_fumigatus_AFUG_082015-1200	20	15	5	0	scaffold_7	1533177	1583177
Aspergillus_fumigatus_AFUG_082015-1200	13	13	0	0	scaffold_2	2295193	2345193
Aspergillus_fumigatus_AFUG_082015-1200	20	20	0	0	scaffold_5	358186	408186
Aspergillus_fumigatus_AFUG_082015-1200	14	11	3	0	scaffold_5	1763700	1813700
Aspergillus_fumigatus_AFUG_082015-1200	14	12	2	0	scaffold_8	1325063	1375063
Aspergillus_fumigatus_AFUG_082015-1200	23	18	5	0	scaffold_7	268081	318081
Aspergillus_fumigatus_AFUG_082015-1200	21	18	3	0	scaffold_3	1679131	1729131
Aspergillus_fumigatus_AFUG_082015-1200	20	19	1	0	scaffold_1	2816350	2866350
Aspergillus_fumigatus_AFUG_082015-1200	25	22	3	0	scaffold_2	1871283	1921283
Aspergillus_fumigatus_AFUG_082015-1200	18	15	3	0	scaffold_3	1867059	1917059
Aspergillus_fumigatus_AFUG_082015-1200	18	17	1	0	scaffold_4	2370510	2420510
Aspergillus_fumigatus_AFUG_082015-1200	21	19	2	0	scaffold_5	3702325	3752325
Aspergillus_fumigatus_AFUG_082015-1200	22	20	2	0	scaffold_2	1016260	1066260
Aspergillus_fumigatus_AFUG_082015-1200	13	11	2	0	scaffold_8	1063601	1113601
Aspergillus_fumigatus_AFUG_082015-1200	25	21	4	0	scaffold_3	3983191	4033191
Aspergillus_fumigatus_AFUG_082015-1200	18	18	0	0	scaffold_1	1025873	1075873
Aspergillus_fumigatus_AFUG_082015-1200	16	15	1	0	scaffold_1	493984	543984
Aspergillus_fumigatus_AFUG_082015-1200	14	14	0	0	scaffold_4	3086004	3136004
Aspergillus_fumigatus_AFUG_082015-1200	20	19	1	0	scaffold_3	3797627	3847627
Aspergillus_fumigatus_AFUG_082015-1200	19	17	2	0	scaffold_3	2350897	2400897
Aspergillus_fumigatus_AFUG_082015-1200	17	17	0	0	scaffold_2	609459	659459
Aspergillus_fumigatus_AFUG_082015-1200	17	16	1	0	scaffold_3	3886482	3936482
Aspergillus_fumigatus_AFUG_082015-1200	24	22	2	0	scaffold_5	3837268	3887268
Aspergillus_fumigatus_AFUG_082015-1200	22	21	1	0	scaffold_4	1613431	1663431
Aspergillus_fumigatus_AFUG_082015-1200	19	16	3	0	scaffold_5	2835463	2885463
Aspergillus_fumigatus_AFUG_082015-1200	3	0	3	0	scaffold_3	4069649	4119649
Aspergillus_fumigatus_AFUG_082015-1200	22	18	4	0	scaffold_7	429496	479496
Aspergillus_fumigatus_AFUG_082015-1200	23	18	5	0	scaffold_6	602680	652680
Aspergillus_fumigatus_AFUG_082015-1200	18	17	1	0	scaffold_6	1727069	1777069
Aspergillus_fumigatus_AFUG_082015-1200	20	19	1	0	scaffold_7	1146506	1196506
Aspergillus_fumigatus_AFUG_082015-1200	17	15	2	0	scaffold_6	2452947	2502947
Aspergillus_fumigatus_AFUG_082015-1200	26	20	6	0	scaffold_4	4047486	4097486
Aspergillus_fumigatus_AFUG_082015-1200	16	14	2	0	scaffold_4	3891480	3941480
Aspergillus_fumigatus_AFUG_082015-1200	22	20	2	0	scaffold_1	555804	605804
Aspergillus_fumigatus_AFUG_082015-1200	22	20	2	0	scaffold_2	1938244	1988244
Aspergillus_fumigatus_AFUG_082015-1200	23	18	5	0	scaffold_1	4559907	4609907
Aspergillus_fumigatus_AFUG_082015-1200	17	16	1	0	scaffold_2	947455	997455
Aspergillus_fumigatus_AFUG_082015-1200	20	20	0	0	scaffold_5	2476103	2526103
Aspergillus_fumigatus_AFUG_082015-1200	18	17	1	0	scaffold_3	2954121	3004121
Aspergillus_fumigatus_AFUG_082015-1200	19	18	1	0	scaffold_6	1045306	1095306
Aspergillus_fumigatus_AFUG_082015-1200	20	18	2	0	scaffold_4	2031400	2081400
Aspergillus_fumigatus_AFUG_082015-1200	23	20	3	0	scaffold_5	3856529	3906529
Aspergillus_fumigatus_AFUG_082015-1200	16	15	1	0	scaffold_3	1535400	1585400
Aspergillus_fumigatus_AFUG_082015-1200	26	20	6	0	scaffold_2	2023632	2073632
Aspergillus_fumigatus_AFUG_082015-1200	20	19	1	0	scaffold_6	500282	550282
Aspergillus_fumigatus_AFUG_082015-1200	19	17	2	0	scaffold_4	1593942	1643942
Aspergillus_fumigatus_AFUG_082015-1200	23	21	2	0	scaffold_6	1511670	1561670
Aspergillus_fumigatus_AFUG_082015-1200	15	15	0	0	scaffold_2	624753	674753
Aspergillus_fumigatus_AFUG_082015-1200	18	18	0	0	scaffold_5	2174585	2224585
Aspergillus_fumigatus_AFUG_082015-1200	19	18	1	0	scaffold_1	1692170	1742170
Aspergillus_fumigatus_AFUG_082015-1200	25	22	3	0	scaffold_2	1870686	1920686
Aspergillus_fumigatus_AFUG_082015-1200	22	20	2	0	scaffold_1	3186595	3236595
Aspergillus_fumigatus_AFUG_082015-1200	16	14	2	0	scaffold_8	758033	808033
Aspergillus_fumigatus_AFUG_082015-1200	18	18	0	0	scaffold_1	289815	339815
Aspergillus_fumigatus_AFUG_082015-1200	21	20	1	0	scaffold_3	2082074	2132074
Aspergillus_fumigatus_AFUG_082015-1200	15	13	2	0	scaffold_6	1883791	1933791
Aspergillus_fumigatus_AFUG_082015-1200	5	5	0	0	scaffold_8	686295	736295
Aspergillus_fumigatus_AFUG_082015-1200	21	19	2	0	scaffold_4	857037	907037
Aspergillus_fumigatus_AFUG_082015-1200	19	17	2	0	scaffold_2	2985191	3035191
Aspergillus_fumigatus_AFUG_082015-1200	23	17	6	0	scaffold_1	2950839	3000839
Aspergillus_fumigatus_AFUG_082015-1200	27	22	5	0	scaffold_7	1467106	1517106
Aspergillus_fumigatus_AFUG_082015-1200	27	26	1	0	scaffold_3	3956582	4006582
Aspergillus_fumigatus_AFUG_082015-1200	20	20	0	0	scaffold_1	302519	352519
Aspergillus_fumigatus_AFUG_082015-1200	10	9	1	0	scaffold_1	2332108	2382108
Aspergillus_fumigatus_AFUG_082015-1200	25	21	4	0	scaffold_3	3987243	4037243
Aspergillus_fumigatus_AFUG_082015-1200	22	21	1	0	scaffold_3	2126460	2176460
Aspergillus_fumigatus_AFUG_082015-1200	8	8	0	0	scaffold_6	1180771	1230771
Aspergillus_fumigatus_AFUG_082015-1200	16	13	3	0	scaffold_5	3012230	3062230
Aspergillus_fumigatus_AFUG_082015-1200	18	16	2	0	scaffold_1	3521557	3571557
Aspergillus_fumigatus_AFUG_082015-1200	14	12	2	0	scaffold_1	4322795	4372795
Aspergillus_fumigatus_AFUG_082015-1200	20	17	3	0	scaffold_2	2992756	3042756
Aspergillus_fumigatus_AFUG_082015-1200	20	19	1	0	scaffold_3	3520036	3570036
Aspergillus_fumigatus_AFUG_082015-1200	13	13	0	0	scaffold_5	789761	839761
Aspergillus_fumigatus_AFUG_082015-1200	19	15	3	1	scaffold_5	101190	151190
Aspergillus_fumigatus_AFUG_082015-1200	13	10	3	0	scaffold_1	2893918	2943918
Aspergillus_fumigatus_AFUG_082015-1200	20	20	0	0	scaffold_5	619526	669526
Aspergillus_fumigatus_AFUG_082015-1200	22	19	3	0	scaffold_2	32916	82916
Aspergillus_fumigatus_AFUG_082015-1200	20	19	1	0	scaffold_1	2427804	2477804
Aspergillus_fumigatus_AFUG_082015-1200	23	21	2	0	scaffold_8	513446	563446
Aspergillus_fumigatus_AFUG_082015-1200	12	11	1	0	scaffold_4	3018495	3068495
Aspergillus_fumigatus_AFUG_082015-1200	18	17	1	0	scaffold_8	946441	996441
Aspergillus_fumigatus_AFUG_082015-1200	18	18	0	0	scaffold_2	723609	773609
Aspergillus_fumigatus_AFUG_082015-1200	23	22	1	0	scaffold_2	4443558	4493558
Aspergillus_fumigatus_AFUG_082015-1200	16	15	1	0	scaffold_2	3404484	3454484
Aspergillus_fumigatus_AFUG_082015-1200	12	10	2	0	scaffold_8	789978	839978
Aspergillus_fumigatus_AFUG_082015-1200	16	15	1	0	scaffold_2	1748435	1798435
Aspergillus_fumigatus_AFUG_082015-1200	16	16	0	0	scaffold_5	467625	517625
Aspergillus_fumigatus_AFUG_082015-1200	21	19	2	0	scaffold_2	1644385	1694385
Aspergillus_fumigatus_AFUG_082015-1200	11	1	10	0	scaffold_3	983596	1033596
Aspergillus_fumigatus_AFUG_082015-1200	16	13	3	0	scaffold_8	462272	512272
Aspergillus_fumigatus_AFUG_082015-1200	20	19	1	0	scaffold_2	1621887	1671887
Aspergillus_fumigatus_AFUG_082015-1200	18	16	2	0	scaffold_5	1272240	1322240
Aspergillus_fumigatus_AFUG_082015-1200	25	20	5	0	scaffold_7	1457807	1507807
Aspergillus_fumigatus_AFUG_082015-1200	21	18	3	0	scaffold_4	3902591	3952591
Aspergillus_fumigatus_AFUG_082015-1200	20	19	1	0	scaffold_1	1671100	1721100
Aspergillus_fumigatus_AFUG_082015-1200	19	17	2	0	scaffold_3	1326698	1376698
Aspergillus_fumigatus_AFUG_082015-1200	16	8	8	0	scaffold_1	840	50840
Aspergillus_fumigatus_AFUG_082015-1200	22	18	4	0	scaffold_1	3619416	3669416
Aspergillus_fumigatus_AFUG_082015-1200	20	18	2	0	scaffold_6	431667	481667
Aspergillus_fumigatus_AFUG_082015-1200	24	22	2	0	scaffold_3	3364935	3414935
Aspergillus_fumigatus_AFUG_082015-1200	21	19	2	0	scaffold_6	1056246	1106246
Aspergillus_fumigatus_AFUG_082015-1200	14	14	0	0	scaffold_2	797841	847841
Aspergillus_fumigatus_AFUG_082015-1200	21	19	2	0	scaffold_7	154464	204464
Aspergillus_fumigatus_AFUG_082015-1200	13	11	2	0	scaffold_8	739407	789407
Aspergillus_fumigatus_AFUG_082015-1200	18	15	3	0	scaffold_3	3024192	3074192
Aspergillus_fumigatus_AFUG_082015-1200	8	2	6	0	scaffold_3	762590	812590
Aspergillus_fumigatus_AFUG_082015-1200	24	23	1	0	scaffold_6	1484375	1534375
Aspergillus_fumigatus_AFUG_082015-1200	14	12	2	0	scaffold_6	1781387	1831387
Aspergillus_fumigatus_AFUG_082015-1200	17	17	0	0	scaffold_4	2923699	2973699
Aspergillus_fumigatus_AFUG_082015-1200	24	21	3	0	scaffold_7	1396566	1446566
Aspergillus_fumigatus_AFUG_082015-1200	17	17	0	0	scaffold_2	447009	497009
Aspergillus_fumigatus_AFUG_082015-1200	20	19	1	0	scaffold_1	2056162	2106162
Aspergillus_fumigatus_AFUG_082015-1200	27	22	5	0	scaffold_6	2540318	2590318
Aspergillus_fumigatus_AFUG_082015-1200	20	19	1	0	scaffold_5	1993272	2043272
Aspergillus_fumigatus_AFUG_082015-1200	23	16	7	0	scaffold_5	1222217	1272217
Aspergillus_fumigatus_AFUG_082015-1200	17	16	1	0	scaffold_2	540179	590179
Aspergillus_fumigatus_AFUG_082015-1200	22	22	0	0	scaffold_5	338483	388483
Aspergillus_fumigatus_AFUG_082015-1200	19	17	2	0	scaffold_8	568500	618500
Aspergillus_fumigatus_AFUG_082015-1200	23	21	2	0	scaffold_6	702107	752107
Aspergillus_fumigatus_AFUG_082015-1200	19	18	1	0	scaffold_7	1627973	1677973
Aspergillus_fumigatus_AFUG_082015-1200	18	17	1	0	scaffold_5	1369593	1419593
Aspergillus_fumigatus_AFUG_082015-1200	18	12	6	0	scaffold_2	4048046	4098046
Aspergillus_fumigatus_AFUG_082015-1200	22	20	2	0	scaffold_6	2779177	2829177
Aspergillus_fumigatus_AFUG_082015-1200	19	19	0	0	scaffold_6	996587	1046587
Aspergillus_fumigatus_AFUG_082015-1200	19	15	4	0	scaffold_2	913400	963400
Aspergillus_fumigatus_AFUG_082015-1200	22	21	1	0	scaffold_2	2131137	2181137
Aspergillus_fumigatus_AFUG_082015-1200	16	12	4	0	scaffold_1	478362	528362
Aspergillus_fumigatus_AFUG_082015-1200	16	13	3	0	scaffold_6	2895563	2945563
Aspergillus_fumigatus_AFUG_082015-1200	18	16	2	0	scaffold_2	224946	274946
Aspergillus_fumigatus_AFUG_082015-1200	18	17	1	0	scaffold_5	1896508	1946508
Aspergillus_fumigatus_AFUG_082015-1200	16	15	1	0	scaffold_5	3647397	3697397
Aspergillus_fumigatus_AFUG_082015-1200	15	15	0	0	scaffold_5	2320503	2370503
Aspergillus_fumigatus_AFUG_082015-1200	23	22	1	0	scaffold_5	565464	615464
Aspergillus_fumigatus_AFUG_082015-1200	17	15	2	0	scaffold_1	1231032	1281032
Aspergillus_fumigatus_AFUG_082015-1200	20	19	1	0	scaffold_3	3519258	3569258
Aspergillus_fumigatus_AFUG_082015-1200	25	24	1	0	scaffold_6	1493754	1543754
Aspergillus_fumigatus_AFUG_082015-1200	20	19	1	0	scaffold_5	308232	358232
Aspergillus_fumigatus_AFUG_082015-1200	18	17	1	0	scaffold_1	3446882	3496882
Aspergillus_fumigatus_AFUG_082015-1200	15	13	2	0	scaffold_8	770048	820048
Aspergillus_fumigatus_AFUG_082015-1200	28	23	5	0	scaffold_6	60147	110147
Aspergillus_fumigatus_AFUG_082015-1200	6	6	0	0	scaffold_4	1071122	1121122
Aspergillus_fumigatus_AFUG_082015-1200	16	15	1	0	scaffold_3	3154516	3204516
Aspergillus_fumigatus_AFUG_082015-1200	20	7	13	0	scaffold_6	10886	60886
Aspergillus_fumigatus_AFUG_082015-1200	18	16	2	0	scaffold_4	2581624	2631624
Aspergillus_fumigatus_AFUG_082015-1200	18	14	4	0	scaffold_3	128442	178442
Aspergillus_fumigatus_AFUG_082015-1200	22	21	1	0	scaffold_6	973815	1023815
Aspergillus_fumigatus_AFUG_082015-1200	17	16	1	0	scaffold_5	1958260	2008260
Aspergillus_fumigatus_AFUG_082015-1200	20	19	1	0	scaffold_1	3887162	3937162
Aspergillus_fumigatus_AFUG_082015-1200	20	19	1	0	scaffold_6	1346865	1396865
Aspergillus_fumigatus_AFUG_082015-1200	20	18	2	0	scaffold_5	2995340	3045340
Aspergillus_fumigatus_AFUG_082015-1200	14	5	9	0	scaffold_3	1005843	1055843
Aspergillus_fumigatus_AFUG_082015-1200	20	17	3	0	scaffold_4	628110	678110
Aspergillus_fumigatus_AFUG_082015-1200	25	20	5	0	scaffold_6	2351159	2401159
Aspergillus_fumigatus_AFUG_082015-1200	15	14	1	0	scaffold_4	2851324	2901324
Aspergillus_fumigatus_AFUG_082015-1200	21	19	2	0	scaffold_1	4354941	4404941
Aspergillus_fumigatus_AFUG_082015-1200	19	18	1	0	scaffold_1	2983686	3033686
Aspergillus_fumigatus_AFUG_082015-1200	18	18	0	0	scaffold_5	3075168	3125168
Aspergillus_fumigatus_AFUG_082015-1200	22	21	1	0	scaffold_8	1387436	1437436
Aspergillus_fumigatus_AFUG_082015-1200	12	12	0	0	scaffold_2	2299198	2349198
Aspergillus_fumigatus_AFUG_082015-1200	24	24	0	0	scaffold_3	322308	372308
Aspergillus_fumigatus_AFUG_082015-1200	10	8	2	0	scaffold_5	713808	763808
Aspergillus_fumigatus_AFUG_082015-1200	21	19	2	0	scaffold_5	3508125	3558125
Aspergillus_fumigatus_AFUG_082015-1200	19	18	1	0	scaffold_3	2330369	2380369
Aspergillus_fumigatus_AFUG_082015-1200	8	8	0	0	scaffold_6	203440	253440
Aspergillus_fumigatus_AFUG_082015-1200	20	18	2	0	scaffold_3	1669346	1719346
Aspergillus_fumigatus_AFUG_082015-1200	20	17	3	0	scaffold_4	2685233	2735233
Aspergillus_fumigatus_AFUG_082015-1200	22	21	1	0	scaffold_3	617495	667495
Aspergillus_fumigatus_AFUG_082015-1200	20	18	2	0	scaffold_3	1659228	1709228
Aspergillus_fumigatus_AFUG_082015-1200	8	8	0	0	scaffold_1	2305282	2355282
Aspergillus_fumigatus_AFUG_082015-1200	17	14	3	0	scaffold_5	1443016	1493016
Aspergillus_fumigatus_AFUG_082015-1200	22	20	2	0	scaffold_6	333163	383163
Aspergillus_fumigatus_AFUG_082015-1200	17	17	0	0	scaffold_4	2930479	2980479
Aspergillus_fumigatus_AFUG_082015-1200	20	20	0	0	scaffold_4	1513616	1563616
Aspergillus_fumigatus_AFUG_082015-1200	18	17	1	0	scaffold_8	981846	1031846
Aspergillus_fumigatus_AFUG_082015-1200	17	11	6	0	scaffold_4	3961338	4011338
Aspergillus_fumigatus_AFUG_082015-1200	23	21	2	0	scaffold_8	1182057	1232057
Aspergillus_fumigatus_AFUG_082015-1200	19	18	1	0	scaffold_1	3483311	3533311
Aspergillus_fumigatus_AFUG_082015-1200	26	22	4	0	scaffold_5	3824284	3874284
Aspergillus_fumigatus_AFUG_082015-1200	15	15	0	0	scaffold_2	619283	669283
Aspergillus_fumigatus_AFUG_082015-1200	19	18	1	0	scaffold_1	277505	327505
Aspergillus_fumigatus_AFUG_082015-1200	21	18	3	0	scaffold_6	1062646	1112646
Aspergillus_fumigatus_AFUG_082015-1200	19	16	3	0	scaffold_2	2917288	2967288
Aspergillus_fumigatus_AFUG_082015-1200	19	17	2	0	scaffold_2	2976702	3026702
Aspergillus_fumigatus_AFUG_082015-1200	15	13	2	0	scaffold_6	1764333	1814333
Aspergillus_fumigatus_AFUG_082015-1200	19	19	0	0	scaffold_2	1685312	1735312
Aspergillus_fumigatus_AFUG_082015-1200	17	17	0	0	scaffold_2	609367	659367
Aspergillus_fumigatus_AFUG_082015-1200	24	22	2	0	scaffold_1	3063318	3113318
Aspergillus_fumigatus_AFUG_082015-1200	21	18	3	0	scaffold_4	2706305	2756305
Aspergillus_fumigatus_AFUG_082015-1200	25	21	4	0	scaffold_5	2147572	2197572
Aspergillus_fumigatus_AFUG_082015-1200	17	15	2	0	scaffold_1	4655344	4705344
Aspergillus_fumigatus_AFUG_082015-1200	26	18	8	0	scaffold_2	75730	125730
Aspergillus_fumigatus_AFUG_082015-1200	20	18	2	0	scaffold_2	271824	321824
Aspergillus_fumigatus_AFUG_082015-1200	26	25	1	0	scaffold_1	4400093	4450093
Aspergillus_fumigatus_AFUG_082015-1200	21	21	0	0	scaffold_3	1986839	2036839
Aspergillus_fumigatus_AFUG_082015-1200	19	16	3	0	scaffold_7	288989	338989
Aspergillus_fumigatus_AFUG_082015-1200	16	16	0	0	scaffold_4	3116353	3166353
Aspergillus_fumigatus_AFUG_082015-1200	23	22	1	0	scaffold_4	1864746	1914746
Aspergillus_fumigatus_AFUG_082015-1200	21	16	5	0	scaffold_2	2930543	2980543
Aspergillus_fumigatus_AFUG_082015-1200	14	10	4	0	scaffold_4	398232	448232
Aspergillus_fumigatus_AFUG_082015-1200	22	20	2	0	scaffold_7	56422	106422
Aspergillus_fumigatus_AFUG_082015-1200	17	14	3	0	scaffold_5	2403486	2453486
Aspergillus_fumigatus_AFUG_082015-1200	16	16	0	0	scaffold_2	2674348	2724348
Aspergillus_fumigatus_AFUG_082015-1200	20	18	2	0	scaffold_6	313920	363920
Aspergillus_fumigatus_AFUG_082015-1200	20	18	2	0	scaffold_5	3507197	3557197
Aspergillus_fumigatus_AFUG_082015-1200	23	17	6	0	scaffold_7	1450486	1500486
Aspergillus_fumigatus_AFUG_082015-1200	15	14	1	0	scaffold_5	1721012	1771012
Aspergillus_fumigatus_AFUG_082015-1200	21	19	2	0	scaffold_6	1269537	1319537
Aspergillus_fumigatus_AFUG_082015-1200	23	23	0	0	scaffold_6	562391	612391
Aspergillus_fumigatus_AFUG_082015-1200	21	19	2	0	scaffold_3	218201	268201
Aspergillus_fumigatus_AFUG_082015-1200	25	23	2	0	scaffold_8	1470080	1520080
Aspergillus_fumigatus_AFUG_082015-1200	21	21	0	0	scaffold_2	1678895	1728895
Aspergillus_fumigatus_AFUG_082015-1200	18	11	7	0	scaffold_3	355259	405259
Aspergillus_fumigatus_AFUG_082015-1200	20	19	1	0	scaffold_6	484302	534302
Aspergillus_fumigatus_AFUG_082015-1200	16	14	2	0	scaffold_1	1993180	2043180
Aspergillus_fumigatus_AFUG_082015-1200	18	16	2	0	scaffold_5	2626527	2676527
Aspergillus_fumigatus_AFUG_082015-1200	26	21	5	0	scaffold_5	3808313	3858313
Aspergillus_fumigatus_AFUG_082015-1200	18	18	0	0	scaffold_1	4146963	4196963
Aspergillus_fumigatus_AFUG_082015-1200	19	18	1	0	scaffold_1	3887267	3937267
Aspergillus_fumigatus_AFUG_082015-1200	11	8	3	0	scaffold_2	1552072	1602072
Aspergillus_fumigatus_AFUG_082015-1200	2	2	0	0	scaffold_3	1047575	1097575
Aspergillus_fumigatus_AFUG_082015-1200	22	21	1	0	scaffold_1	1571890	1621890
Aspergillus_fumigatus_AFUG_082015-1200	16	15	1	0	scaffold_3	1535243	1585243
Aspergillus_fumigatus_AFUG_082015-1200	16	13	3	0	scaffold_7	1577828	1627828
Aspergillus_fumigatus_AFUG_082015-1200	21	17	4	0	scaffold_2	2969362	3019362
Aspergillus_fumigatus_AFUG_082015-1200	12	12	0	0	scaffold_5	1525079	1575079
Aspergillus_fumigatus_AFUG_082015-1200	21	17	4	0	scaffold_2	2699195	2749195
Aspergillus_fumigatus_AFUG_082015-1200	14	14	0	0	scaffold_4	3254487	3304487
Aspergillus_fumigatus_AFUG_082015-1200	20	20	0	0	scaffold_5	2473874	2523874
