STRAIN	TOTAL	CORE	ACCESSORY	SINGLETON	CHROM	START	END
Aspergillus_fumigatus_CM6458	23	21	2	0	scaffold_6	1635051	1685051
Aspergillus_fumigatus_CM6458	22	22	0	0	scaffold_4	2796464	2846464
Aspergillus_fumigatus_CM6458	17	15	2	0	scaffold_1	3367210	3417210
Aspergillus_fumigatus_CM6458	24	22	2	0	scaffold_6	2494991	2544991
Aspergillus_fumigatus_CM6458	23	23	0	0	scaffold_6	2278361	2328361
Aspergillus_fumigatus_CM6458	22	21	1	0	scaffold_7	1487071	1537071
Aspergillus_fumigatus_CM6458	19	17	2	0	scaffold_6	353505	403505
Aspergillus_fumigatus_CM6458	20	18	2	0	scaffold_5	2615558	2665558
Aspergillus_fumigatus_CM6458	20	19	1	0	scaffold_6	3051955	3101955
Aspergillus_fumigatus_CM6458	23	21	2	0	scaffold_3	2187891	2237891
Aspergillus_fumigatus_CM6458	21	21	0	0	scaffold_2	772646	822646
Aspergillus_fumigatus_CM6458	22	20	2	0	scaffold_6	771739	821739
Aspergillus_fumigatus_CM6458	20	17	3	0	scaffold_3	400902	450902
Aspergillus_fumigatus_CM6458	5	5	0	0	scaffold_5	183239	233239
Aspergillus_fumigatus_CM6458	21	20	1	0	scaffold_2	2350912	2400912
Aspergillus_fumigatus_CM6458	19	16	3	0	scaffold_6	571866	621866
Aspergillus_fumigatus_CM6458	15	11	4	0	scaffold_5	230531	280531
Aspergillus_fumigatus_CM6458	19	17	2	0	scaffold_5	845664	895664
Aspergillus_fumigatus_CM6458	15	11	4	0	scaffold_3	2560413	2610413
Aspergillus_fumigatus_CM6458	18	17	1	0	scaffold_4	2260244	2310244
Aspergillus_fumigatus_CM6458	27	24	3	0	scaffold_5	58385	108385
Aspergillus_fumigatus_CM6458	14	13	1	0	scaffold_2	1265000	1315000
Aspergillus_fumigatus_CM6458	23	22	1	0	scaffold_3	3927406	3977406
Aspergillus_fumigatus_CM6458	16	15	1	0	scaffold_1	1436833	1486833
Aspergillus_fumigatus_CM6458	16	16	0	0	scaffold_1	2685580	2735580
Aspergillus_fumigatus_CM6458	24	23	1	0	scaffold_1	4662416	4712416
Aspergillus_fumigatus_CM6458	15	10	5	0	scaffold_6	437916	487916
Aspergillus_fumigatus_CM6458	19	18	1	0	scaffold_6	1888749	1938749
Aspergillus_fumigatus_CM6458	18	17	1	0	scaffold_1	3618675	3668675
Aspergillus_fumigatus_CM6458	16	15	1	0	scaffold_1	1436723	1486723
Aspergillus_fumigatus_CM6458	25	22	3	0	scaffold_4	2554130	2604130
Aspergillus_fumigatus_CM6458	20	17	3	0	scaffold_5	2830456	2880456
Aspergillus_fumigatus_CM6458	11	10	1	0	scaffold_2	1972582	2022582
Aspergillus_fumigatus_CM6458	13	12	1	0	scaffold_3	4110556	4160556
Aspergillus_fumigatus_CM6458	18	15	3	0	scaffold_3	3840472	3890472
Aspergillus_fumigatus_CM6458	22	20	2	0	scaffold_1	2801536	2851536
Aspergillus_fumigatus_CM6458	19	16	3	0	scaffold_1	3985326	4035326
Aspergillus_fumigatus_CM6458	23	22	1	0	scaffold_6	1620299	1670299
Aspergillus_fumigatus_CM6458	17	17	0	0	scaffold_5	3588912	3638912
Aspergillus_fumigatus_CM6458	21	21	0	0	scaffold_7	914892	964892
Aspergillus_fumigatus_CM6458	20	18	2	0	scaffold_4	152481	202481
Aspergillus_fumigatus_CM6458	20	17	3	0	scaffold_3	1133176	1183176
Aspergillus_fumigatus_CM6458	15	14	1	0	scaffold_3	2859291	2909291
Aspergillus_fumigatus_CM6458	20	20	0	0	scaffold_4	3195502	3245502
Aspergillus_fumigatus_CM6458	24	21	3	0	scaffold_4	3538785	3588785
Aspergillus_fumigatus_CM6458	18	16	2	0	scaffold_8	1012712	1062712
Aspergillus_fumigatus_CM6458	20	18	2	0	scaffold_1	247922	297922
Aspergillus_fumigatus_CM6458	17	17	0	0	scaffold_4	2344097	2394097
Aspergillus_fumigatus_CM6458	21	21	0	0	scaffold_8	626764	676764
Aspergillus_fumigatus_CM6458	16	16	0	0	scaffold_4	2637056	2687056
Aspergillus_fumigatus_CM6458	21	17	4	0	scaffold_5	1512935	1562935
Aspergillus_fumigatus_CM6458	23	19	4	0	scaffold_3	4079004	4129004
Aspergillus_fumigatus_CM6458	18	18	0	0	scaffold_6	3018677	3068677
Aspergillus_fumigatus_CM6458	21	20	1	0	scaffold_6	1973825	2023825
Aspergillus_fumigatus_CM6458	26	21	5	0	scaffold_1	4013086	4063086
Aspergillus_fumigatus_CM6458	16	16	0	0	scaffold_4	1132485	1182485
Aspergillus_fumigatus_CM6458	19	17	2	0	scaffold_6	2111127	2161127
Aspergillus_fumigatus_CM6458	19	17	1	1	scaffold_6	790138	840138
Aspergillus_fumigatus_CM6458	17	16	1	0	scaffold_3	1489459	1539459
Aspergillus_fumigatus_CM6458	25	21	4	0	scaffold_3	657527	707527
Aspergillus_fumigatus_CM6458	18	17	1	0	scaffold_2	1425279	1475279
Aspergillus_fumigatus_CM6458	22	21	1	0	scaffold_6	1618157	1668157
Aspergillus_fumigatus_CM6458	17	15	2	0	scaffold_4	1797576	1847576
Aspergillus_fumigatus_CM6458	17	15	2	0	scaffold_7	6996	56996
Aspergillus_fumigatus_CM6458	18	14	4	0	scaffold_1	3473456	3523456
Aspergillus_fumigatus_CM6458	20	19	1	0	scaffold_1	3742144	3792144
Aspergillus_fumigatus_CM6458	21	20	1	0	scaffold_8	1638203	1688203
Aspergillus_fumigatus_CM6458	21	19	2	0	scaffold_8	1648403	1698403
Aspergillus_fumigatus_CM6458	18	16	2	0	scaffold_2	2817629	2867629
Aspergillus_fumigatus_CM6458	20	19	1	0	scaffold_5	2988409	3038409
Aspergillus_fumigatus_CM6458	20	19	1	0	scaffold_1	316440	366440
Aspergillus_fumigatus_CM6458	8	8	0	0	scaffold_1	1747515	1797515
Aspergillus_fumigatus_CM6458	20	16	4	0	scaffold_4	78283	128283
Aspergillus_fumigatus_CM6458	15	14	1	0	scaffold_5	1100871	1150871
Aspergillus_fumigatus_CM6458	25	24	1	0	scaffold_6	720668	770668
Aspergillus_fumigatus_CM6458	20	20	0	0	scaffold_4	3218875	3268875
Aspergillus_fumigatus_CM6458	20	16	4	0	scaffold_3	2003736	2053736
Aspergillus_fumigatus_CM6458	20	17	3	0	scaffold_1	3179413	3229413
Aspergillus_fumigatus_CM6458	23	22	1	0	scaffold_3	3931663	3981663
Aspergillus_fumigatus_CM6458	23	20	3	0	scaffold_3	2418943	2468943
Aspergillus_fumigatus_CM6458	16	15	1	0	scaffold_3	1449843	1499843
Aspergillus_fumigatus_CM6458	20	20	0	0	scaffold_5	3550497	3600497
Aspergillus_fumigatus_CM6458	20	19	1	0	scaffold_6	851313	901313
Aspergillus_fumigatus_CM6458	18	16	2	0	scaffold_1	2412330	2462330
Aspergillus_fumigatus_CM6458	12	4	8	0	scaffold_6	3521362	3571362
Aspergillus_fumigatus_CM6458	19	18	1	0	scaffold_6	661240	711240
Aspergillus_fumigatus_CM6458	23	21	2	0	scaffold_5	3501676	3551676
Aspergillus_fumigatus_CM6458	18	16	2	0	scaffold_7	1318868	1368868
Aspergillus_fumigatus_CM6458	12	12	0	0	scaffold_2	2490082	2540082
Aspergillus_fumigatus_CM6458	19	18	1	0	scaffold_4	892812	942812
Aspergillus_fumigatus_CM6458	18	18	0	0	scaffold_5	1677972	1727972
Aspergillus_fumigatus_CM6458	11	10	1	0	scaffold_6	3456522	3506522
Aspergillus_fumigatus_CM6458	20	18	2	0	scaffold_3	3559923	3609923
Aspergillus_fumigatus_CM6458	27	18	9	0	scaffold_1	85560	135560
Aspergillus_fumigatus_CM6458	28	23	5	0	scaffold_3	4059192	4109192
Aspergillus_fumigatus_CM6458	4	2	2	0	scaffold_6	3489653	3539653
Aspergillus_fumigatus_CM6458	19	16	3	0	scaffold_2	1810931	1860931
Aspergillus_fumigatus_CM6458	22	19	3	0	scaffold_5	3357202	3407202
Aspergillus_fumigatus_CM6458	16	14	2	0	scaffold_7	377273	427273
Aspergillus_fumigatus_CM6458	15	14	1	0	scaffold_8	1686559	1736559
Aspergillus_fumigatus_CM6458	14	13	1	0	scaffold_6	388697	438697
Aspergillus_fumigatus_CM6458	22	21	1	0	scaffold_6	1001363	1051363
Aspergillus_fumigatus_CM6458	12	12	0	0	scaffold_1	2731903	2781903
Aspergillus_fumigatus_CM6458	21	21	0	0	scaffold_5	2404663	2454663
Aspergillus_fumigatus_CM6458	17	17	0	0	scaffold_4	662667	712667
Aspergillus_fumigatus_CM6458	12	6	6	0	scaffold_3	1788450	1838450
Aspergillus_fumigatus_CM6458	12	11	1	0	scaffold_2	3463724	3513724
Aspergillus_fumigatus_CM6458	18	2	16	0	scaffold_7	1958472	2008472
Aspergillus_fumigatus_CM6458	16	16	0	0	scaffold_6	2687118	2737118
Aspergillus_fumigatus_CM6458	18	18	0	0	scaffold_5	743060	793060
Aspergillus_fumigatus_CM6458	23	19	4	0	scaffold_3	3672170	3722170
Aspergillus_fumigatus_CM6458	21	20	1	0	scaffold_2	1306208	1356208
Aspergillus_fumigatus_CM6458	19	17	2	0	scaffold_1	3400597	3450597
Aspergillus_fumigatus_CM6458	19	19	0	0	scaffold_3	1913771	1963771
Aspergillus_fumigatus_CM6458	25	20	5	0	scaffold_8	1376777	1426777
Aspergillus_fumigatus_CM6458	16	16	0	0	scaffold_1	3648833	3698833
Aspergillus_fumigatus_CM6458	15	15	0	0	scaffold_2	3852530	3902530
Aspergillus_fumigatus_CM6458	3	3	0	0	scaffold_2	4614613	4664613
Aspergillus_fumigatus_CM6458	20	20	0	0	scaffold_5	640023	690023
Aspergillus_fumigatus_CM6458	20	18	2	0	scaffold_3	1175897	1225897
Aspergillus_fumigatus_CM6458	19	19	0	0	scaffold_4	2285909	2335909
Aspergillus_fumigatus_CM6458	14	14	0	0	scaffold_5	378411	428411
Aspergillus_fumigatus_CM6458	17	0	17	0	scaffold_1	4329564	4379564
Aspergillus_fumigatus_CM6458	14	14	0	0	scaffold_5	1451611	1501611
Aspergillus_fumigatus_CM6458	17	15	2	0	scaffold_2	3841365	3891365
Aspergillus_fumigatus_CM6458	26	21	5	0	scaffold_1	4035744	4085744
Aspergillus_fumigatus_CM6458	18	16	2	0	scaffold_3	2114678	2164678
Aspergillus_fumigatus_CM6458	20	17	3	0	scaffold_3	928758	978758
Aspergillus_fumigatus_CM6458	18	15	3	0	scaffold_1	2917086	2967086
Aspergillus_fumigatus_CM6458	21	21	0	0	scaffold_2	1651370	1701370
Aspergillus_fumigatus_CM6458	16	15	1	0	scaffold_7	621605	671605
Aspergillus_fumigatus_CM6458	23	19	4	0	scaffold_3	634320	684320
Aspergillus_fumigatus_CM6458	20	20	0	0	scaffold_6	1513557	1563557
Aspergillus_fumigatus_CM6458	17	0	17	0	scaffold_1	4238654	4288654
Aspergillus_fumigatus_CM6458	13	11	2	0	scaffold_8	1289320	1339320
Aspergillus_fumigatus_CM6458	17	15	1	1	scaffold_3	3418262	3468262
Aspergillus_fumigatus_CM6458	24	22	2	0	scaffold_4	2535350	2585350
Aspergillus_fumigatus_CM6458	18	18	0	0	scaffold_4	3413411	3463411
Aspergillus_fumigatus_CM6458	16	16	0	0	scaffold_4	1369562	1419562
Aspergillus_fumigatus_CM6458	16	15	1	0	scaffold_1	924596	974596
Aspergillus_fumigatus_CM6458	21	17	4	0	scaffold_2	4482088	4532088
Aspergillus_fumigatus_CM6458	21	18	3	0	scaffold_5	3432792	3482792
Aspergillus_fumigatus_CM6458	14	14	0	0	scaffold_4	1380805	1430805
Aspergillus_fumigatus_CM6458	22	21	1	0	scaffold_1	2159179	2209179
Aspergillus_fumigatus_CM6458	22	17	5	0	scaffold_8	1399571	1449571
Aspergillus_fumigatus_CM6458	20	18	2	0	scaffold_3	342439	392439
Aspergillus_fumigatus_CM6458	24	21	3	0	scaffold_4	3641433	3691433
Aspergillus_fumigatus_CM6458	12	12	0	0	scaffold_2	1192155	1242155
Aspergillus_fumigatus_CM6458	23	20	3	0	scaffold_4	503450	553450
Aspergillus_fumigatus_CM6458	17	15	2	0	scaffold_6	2370318	2420318
Aspergillus_fumigatus_CM6458	21	20	1	0	scaffold_7	1450951	1500951
Aspergillus_fumigatus_CM6458	24	23	1	0	scaffold_2	4403982	4453982
Aspergillus_fumigatus_CM6458	20	17	3	0	scaffold_2	3707728	3757728
Aspergillus_fumigatus_CM6458	12	8	4	0	scaffold_5	207261	257261
Aspergillus_fumigatus_CM6458	15	13	2	0	scaffold_7	594349	644349
Aspergillus_fumigatus_CM6458	21	19	2	0	scaffold_4	3396131	3446131
Aspergillus_fumigatus_CM6458	0	0	0	0	scaffold_7	1744202	1794202
Aspergillus_fumigatus_CM6458	22	19	3	0	scaffold_8	103173	153173
Aspergillus_fumigatus_CM6458	14	14	0	0	scaffold_1	3830656	3880656
Aspergillus_fumigatus_CM6458	19	19	0	0	scaffold_5	613958	663958
Aspergillus_fumigatus_CM6458	18	18	0	0	scaffold_4	1109475	1159475
Aspergillus_fumigatus_CM6458	16	15	1	0	scaffold_4	834309	884309
Aspergillus_fumigatus_CM6458	16	16	0	0	scaffold_6	2145	52145
Aspergillus_fumigatus_CM6458	17	17	0	0	scaffold_2	3205661	3255661
Aspergillus_fumigatus_CM6458	18	18	0	0	scaffold_1	584313	634313
Aspergillus_fumigatus_CM6458	20	18	2	0	scaffold_4	3497024	3547024
Aspergillus_fumigatus_CM6458	18	16	2	0	scaffold_2	3299703	3349703
Aspergillus_fumigatus_CM6458	21	19	2	0	scaffold_6	328384	378384
Aspergillus_fumigatus_CM6458	23	18	5	0	scaffold_6	283183	333183
Aspergillus_fumigatus_CM6458	18	18	0	0	scaffold_1	2663622	2713622
Aspergillus_fumigatus_CM6458	17	16	1	0	scaffold_3	708263	758263
Aspergillus_fumigatus_CM6458	24	21	3	0	scaffold_5	435721	485721
Aspergillus_fumigatus_CM6458	21	19	2	0	scaffold_6	3384158	3434158
Aspergillus_fumigatus_CM6458	26	22	4	0	scaffold_4	3729322	3779322
Aspergillus_fumigatus_CM6458	20	19	1	0	scaffold_2	292863	342863
Aspergillus_fumigatus_CM6458	11	11	0	0	scaffold_5	2139542	2189542
Aspergillus_fumigatus_CM6458	17	16	1	0	scaffold_4	528908	578908
Aspergillus_fumigatus_CM6458	20	18	2	0	scaffold_5	1350752	1400752
Aspergillus_fumigatus_CM6458	12	12	0	0	scaffold_5	2156558	2206558
Aspergillus_fumigatus_CM6458	21	19	2	0	scaffold_5	1902853	1952853
Aspergillus_fumigatus_CM6458	22	20	2	0	scaffold_4	121863	171863
Aspergillus_fumigatus_CM6458	18	17	1	0	scaffold_4	2945502	2995502
Aspergillus_fumigatus_CM6458	23	23	0	0	scaffold_3	1634814	1684814
Aspergillus_fumigatus_CM6458	21	19	2	0	scaffold_2	2318538	2368538
Aspergillus_fumigatus_CM6458	20	19	0	1	scaffold_5	734348	784348
Aspergillus_fumigatus_CM6458	25	22	3	0	scaffold_1	4603318	4653318
Aspergillus_fumigatus_CM6458	26	25	1	0	scaffold_5	2090941	2140941
Aspergillus_fumigatus_CM6458	21	19	2	0	scaffold_6	1655439	1705439
Aspergillus_fumigatus_CM6458	18	17	1	0	scaffold_5	1161675	1211675
Aspergillus_fumigatus_CM6458	29	21	8	0	scaffold_4	266565	316565
Aspergillus_fumigatus_CM6458	22	18	4	0	scaffold_1	4060537	4110537
Aspergillus_fumigatus_CM6458	17	17	0	0	scaffold_4	2344108	2394108
Aspergillus_fumigatus_CM6458	21	18	3	0	scaffold_5	2516108	2566108
Aspergillus_fumigatus_CM6458	16	15	1	0	scaffold_1	1051114	1101114
Aspergillus_fumigatus_CM6458	22	20	2	0	scaffold_1	2951111	3001111
Aspergillus_fumigatus_CM6458	22	19	3	0	scaffold_4	3341899	3391899
Aspergillus_fumigatus_CM6458	13	12	1	0	scaffold_4	1979777	2029777
Aspergillus_fumigatus_CM6458	21	19	2	0	scaffold_8	236886	286886
Aspergillus_fumigatus_CM6458	17	16	1	0	scaffold_4	1561908	1611908
Aspergillus_fumigatus_CM6458	18	17	1	0	scaffold_6	550499	600499
Aspergillus_fumigatus_CM6458	22	22	0	0	scaffold_2	2245931	2295931
Aspergillus_fumigatus_CM6458	26	20	6	0	scaffold_7	241264	291264
Aspergillus_fumigatus_CM6458	15	13	2	0	scaffold_1	1027435	1077435
Aspergillus_fumigatus_CM6458	22	21	1	0	scaffold_6	968336	1018336
Aspergillus_fumigatus_CM6458	20	18	2	0	scaffold_6	2208509	2258509
Aspergillus_fumigatus_CM6458	13	12	1	0	scaffold_2	1270809	1320809
Aspergillus_fumigatus_CM6458	21	17	4	0	scaffold_4	462096	512096
Aspergillus_fumigatus_CM6458	15	15	0	0	scaffold_1	1966194	2016194
Aspergillus_fumigatus_CM6458	22	22	0	0	scaffold_4	2902662	2952662
Aspergillus_fumigatus_CM6458	20	18	2	0	scaffold_2	2895839	2945839
Aspergillus_fumigatus_CM6458	22	21	1	0	scaffold_1	328284	378284
Aspergillus_fumigatus_CM6458	2	1	1	0	scaffold_5	2226038	2276038
Aspergillus_fumigatus_CM6458	19	18	1	0	scaffold_3	1571983	1621983
Aspergillus_fumigatus_CM6458	19	18	1	0	scaffold_4	731106	781106
Aspergillus_fumigatus_CM6458	16	16	0	0	scaffold_8	685867	735867
Aspergillus_fumigatus_CM6458	22	21	1	0	scaffold_8	1091797	1141797
Aspergillus_fumigatus_CM6458	16	14	2	0	scaffold_6	3275829	3325829
Aspergillus_fumigatus_CM6458	21	21	0	0	scaffold_5	3114090	3164090
Aspergillus_fumigatus_CM6458	25	24	1	0	scaffold_3	3938449	3988449
Aspergillus_fumigatus_CM6458	20	18	2	0	scaffold_3	1023590	1073590
Aspergillus_fumigatus_CM6458	27	22	5	0	scaffold_1	4019100	4069100
Aspergillus_fumigatus_CM6458	11	10	1	0	scaffold_5	282647	332647
Aspergillus_fumigatus_CM6458	18	17	1	0	scaffold_4	1763496	1813496
Aspergillus_fumigatus_CM6458	23	20	3	0	scaffold_2	3680534	3730534
Aspergillus_fumigatus_CM6458	17	17	0	0	scaffold_2	3265443	3315443
Aspergillus_fumigatus_CM6458	22	20	2	0	scaffold_3	2062430	2112430
Aspergillus_fumigatus_CM6458	22	22	0	0	scaffold_1	3735153	3785153
Aspergillus_fumigatus_CM6458	15	13	2	0	scaffold_5	1838709	1888709
Aspergillus_fumigatus_CM6458	15	13	2	0	scaffold_5	3022188	3072188
Aspergillus_fumigatus_CM6458	20	20	0	0	scaffold_4	3058210	3108210
Aspergillus_fumigatus_CM6458	16	16	0	0	scaffold_1	603397	653397
Aspergillus_fumigatus_CM6458	23	19	4	0	scaffold_7	339146	389146
Aspergillus_fumigatus_CM6458	18	18	0	0	scaffold_1	2381066	2431066
Aspergillus_fumigatus_CM6458	16	13	3	0	scaffold_2	3446547	3496547
Aspergillus_fumigatus_CM6458	16	15	1	0	scaffold_5	3323917	3373917
Aspergillus_fumigatus_CM6458	23	21	2	0	scaffold_3	2433640	2483640
Aspergillus_fumigatus_CM6458	23	21	2	0	scaffold_5	3519359	3569359
Aspergillus_fumigatus_CM6458	19	17	2	0	scaffold_6	3403517	3453517
Aspergillus_fumigatus_CM6458	11	10	1	0	scaffold_5	264557	314557
Aspergillus_fumigatus_CM6458	12	10	2	0	scaffold_5	251637	301637
Aspergillus_fumigatus_CM6458	22	22	0	0	scaffold_2	406537	456537
Aspergillus_fumigatus_CM6458	22	22	0	0	scaffold_4	1029628	1079628
Aspergillus_fumigatus_CM6458	21	19	2	0	scaffold_1	3243740	3293740
Aspergillus_fumigatus_CM6458	19	18	1	0	scaffold_1	1917506	1967506
Aspergillus_fumigatus_CM6458	19	19	0	0	scaffold_6	1029834	1079834
Aspergillus_fumigatus_CM6458	16	16	0	0	scaffold_3	1897189	1947189
Aspergillus_fumigatus_CM6458	22	21	1	0	scaffold_8	1105687	1155687
Aspergillus_fumigatus_CM6458	17	17	0	0	scaffold_4	2320863	2370863
Aspergillus_fumigatus_CM6458	20	18	2	0	scaffold_6	1551986	1601986
Aspergillus_fumigatus_CM6458	24	23	1	0	scaffold_6	715889	765889
Aspergillus_fumigatus_CM6458	17	14	3	0	scaffold_1	1387094	1437094
Aspergillus_fumigatus_CM6458	17	17	0	0	scaffold_3	3111473	3161473
Aspergillus_fumigatus_CM6458	19	19	0	0	scaffold_5	1407248	1457248
Aspergillus_fumigatus_CM6458	19	19	0	0	scaffold_2	1130308	1180308
Aspergillus_fumigatus_CM6458	8	7	1	0	scaffold_6	1179692	1229692
Aspergillus_fumigatus_CM6458	19	16	3	0	scaffold_6	269455	319455
Aspergillus_fumigatus_CM6458	16	15	1	0	scaffold_6	2657344	2707344
Aspergillus_fumigatus_CM6458	16	15	1	0	scaffold_3	1753535	1803535
Aspergillus_fumigatus_CM6458	19	18	1	0	scaffold_6	124652	174652
Aspergillus_fumigatus_CM6458	24	23	1	0	scaffold_8	1436796	1486796
Aspergillus_fumigatus_CM6458	19	18	1	0	scaffold_1	521353	571353
Aspergillus_fumigatus_CM6458	18	17	1	0	scaffold_2	1295631	1345631
Aspergillus_fumigatus_CM6458	12	11	1	0	scaffold_7	608947	658947
Aspergillus_fumigatus_CM6458	16	15	1	0	scaffold_2	2639338	2689338
Aspergillus_fumigatus_CM6458	21	18	3	0	scaffold_7	1144921	1194921
Aspergillus_fumigatus_CM6458	27	22	5	0	scaffold_8	1418872	1468872
Aspergillus_fumigatus_CM6458	20	18	2	0	scaffold_5	512869	562869
Aspergillus_fumigatus_CM6458	21	19	2	0	scaffold_2	2832745	2882745
Aspergillus_fumigatus_CM6458	11	11	0	0	scaffold_5	2180545	2230545
Aspergillus_fumigatus_CM6458	19	17	2	0	scaffold_5	1971333	2021333
Aspergillus_fumigatus_CM6458	16	13	3	0	scaffold_6	2338049	2388049
Aspergillus_fumigatus_CM6458	18	15	3	0	scaffold_4	3330793	3380793
Aspergillus_fumigatus_CM6458	15	15	0	0	scaffold_3	1547224	1597224
Aspergillus_fumigatus_CM6458	24	19	5	0	scaffold_1	4050599	4100599
Aspergillus_fumigatus_CM6458	20	18	2	0	scaffold_2	2830968	2880968
Aspergillus_fumigatus_CM6458	19	18	1	0	scaffold_6	3111344	3161344
Aspergillus_fumigatus_CM6458	18	18	0	0	scaffold_4	2301168	2351168
Aspergillus_fumigatus_CM6458	18	18	0	0	scaffold_6	3023084	3073084
Aspergillus_fumigatus_CM6458	19	19	0	0	scaffold_4	3405397	3455397
Aspergillus_fumigatus_CM6458	20	20	0	0	scaffold_6	1017918	1067918
Aspergillus_fumigatus_CM6458	13	11	2	0	scaffold_8	1313414	1363414
Aspergillus_fumigatus_CM6458	21	19	2	0	scaffold_3	2203798	2253798
Aspergillus_fumigatus_CM6458	14	13	1	0	scaffold_7	791217	841217
Aspergillus_fumigatus_CM6458	15	14	1	0	scaffold_4	769443	819443
Aspergillus_fumigatus_CM6458	2	1	1	0	scaffold_7	722329	772329
Aspergillus_fumigatus_CM6458	19	16	3	0	scaffold_3	936239	986239
Aspergillus_fumigatus_CM6458	18	18	0	0	scaffold_4	3169021	3219021
Aspergillus_fumigatus_CM6458	15	13	2	0	scaffold_5	2297424	2347424
Aspergillus_fumigatus_CM6458	23	18	5	0	scaffold_3	454376	504376
Aspergillus_fumigatus_CM6458	17	16	1	0	scaffold_1	875141	925141
Aspergillus_fumigatus_CM6458	21	21	0	0	scaffold_8	624972	674972
Aspergillus_fumigatus_CM6458	19	17	2	0	scaffold_2	2768206	2818206
Aspergillus_fumigatus_CM6458	16	15	1	0	scaffold_5	821889	871889
Aspergillus_fumigatus_CM6458	22	20	2	0	scaffold_3	2180373	2230373
Aspergillus_fumigatus_CM6458	20	19	1	0	scaffold_3	3868534	3918534
Aspergillus_fumigatus_CM6458	9	9	0	0	scaffold_3	1308448	1358448
Aspergillus_fumigatus_CM6458	24	19	5	0	scaffold_6	3593236	3643236
Aspergillus_fumigatus_CM6458	17	16	1	0	scaffold_2	1296579	1346579
Aspergillus_fumigatus_CM6458	22	22	0	0	scaffold_3	1647741	1697741
Aspergillus_fumigatus_CM6458	7	4	3	0	scaffold_4	28644	78644
Aspergillus_fumigatus_CM6458	21	20	1	0	scaffold_2	3543384	3593384
Aspergillus_fumigatus_CM6458	21	19	2	0	scaffold_1	238736	288736
Aspergillus_fumigatus_CM6458	17	17	0	0	scaffold_4	2775877	2825877
Aspergillus_fumigatus_CM6458	4	4	0	0	scaffold_5	2206965	2256965
Aspergillus_fumigatus_CM6458	18	14	4	0	scaffold_1	4063815	4113815
Aspergillus_fumigatus_CM6458	16	13	3	0	scaffold_1	1397780	1447780
Aspergillus_fumigatus_CM6458	20	19	1	0	scaffold_6	1672070	1722070
Aspergillus_fumigatus_CM6458	17	17	0	0	scaffold_3	1898292	1948292
Aspergillus_fumigatus_CM6458	20	20	0	0	scaffold_2	1712965	1762965
Aspergillus_fumigatus_CM6458	18	17	1	0	scaffold_7	851877	901877
Aspergillus_fumigatus_CM6458	16	15	0	1	scaffold_3	3472535	3522535
Aspergillus_fumigatus_CM6458	16	16	0	0	scaffold_1	2696173	2746173
Aspergillus_fumigatus_CM6458	17	17	0	0	scaffold_2	250398	300398
Aspergillus_fumigatus_CM6458	16	16	0	0	scaffold_8	1125166	1175166
Aspergillus_fumigatus_CM6458	16	14	2	0	scaffold_1	1187826	1237826
Aspergillus_fumigatus_CM6458	20	17	3	0	scaffold_5	442104	492104
Aspergillus_fumigatus_CM6458	7	6	1	0	scaffold_5	2239278	2289278
Aspergillus_fumigatus_CM6458	19	15	4	0	scaffold_1	4488160	4538160
Aspergillus_fumigatus_CM6458	27	22	5	0	scaffold_1	4018667	4068667
Aspergillus_fumigatus_CM6458	14	14	0	0	scaffold_4	1401284	1451284
Aspergillus_fumigatus_CM6458	23	18	5	0	scaffold_3	642345	692345
Aspergillus_fumigatus_CM6458	13	12	1	0	scaffold_1	1564215	1614215
Aspergillus_fumigatus_CM6458	14	12	2	0	scaffold_4	3266087	3316087
Aspergillus_fumigatus_CM6458	5	5	0	0	scaffold_5	190274	240274
Aspergillus_fumigatus_CM6458	26	24	2	0	scaffold_6	2490720	2540720
Aspergillus_fumigatus_CM6458	19	17	1	1	scaffold_3	3503839	3553839
Aspergillus_fumigatus_CM6458	17	15	2	0	scaffold_5	3004240	3054240
Aspergillus_fumigatus_CM6458	24	23	1	0	scaffold_4	923521	973521
Aspergillus_fumigatus_CM6458	20	17	3	0	scaffold_3	1172843	1222843
Aspergillus_fumigatus_CM6458	20	20	0	0	scaffold_8	1063028	1113028
Aspergillus_fumigatus_CM6458	21	18	3	0	scaffold_5	3433001	3483001
Aspergillus_fumigatus_CM6458	16	14	2	0	scaffold_5	134839	184839
Aspergillus_fumigatus_CM6458	18	18	0	0	scaffold_1	1920634	1970634
Aspergillus_fumigatus_CM6458	18	18	0	0	scaffold_4	393342	443342
Aspergillus_fumigatus_CM6458	19	17	2	0	scaffold_3	893257	943257
Aspergillus_fumigatus_CM6458	14	12	2	0	scaffold_3	1822103	1872103
Aspergillus_fumigatus_CM6458	20	16	4	0	scaffold_3	4088881	4138881
Aspergillus_fumigatus_CM6458	20	18	2	0	scaffold_5	1981454	2031454
Aspergillus_fumigatus_CM6458	17	15	2	0	scaffold_5	3386124	3436124
Aspergillus_fumigatus_CM6458	22	22	0	0	scaffold_5	1383001	1433001
Aspergillus_fumigatus_CM6458	18	18	0	0	scaffold_5	3174571	3224571
Aspergillus_fumigatus_CM6458	23	15	8	0	scaffold_6	2157040	2207040
Aspergillus_fumigatus_CM6458	23	17	6	0	scaffold_5	2273211	2323211
Aspergillus_fumigatus_CM6458	23	21	2	0	scaffold_2	2158621	2208621
Aspergillus_fumigatus_CM6458	19	16	3	0	scaffold_3	402470	452470
Aspergillus_fumigatus_CM6458	18	18	0	0	scaffold_4	1824353	1874353
Aspergillus_fumigatus_CM6458	14	14	0	0	scaffold_6	212179	262179
Aspergillus_fumigatus_CM6458	13	12	1	0	scaffold_2	565800	615800
Aspergillus_fumigatus_CM6458	16	15	1	0	scaffold_2	1387327	1437327
Aspergillus_fumigatus_CM6458	24	19	5	0	scaffold_1	3786776	3836776
Aspergillus_fumigatus_CM6458	0	0	0	0	scaffold_2	1999970	2049970
Aspergillus_fumigatus_CM6458	19	16	3	0	scaffold_1	202773	252773
Aspergillus_fumigatus_CM6458	19	18	1	0	scaffold_6	2817600	2867600
Aspergillus_fumigatus_CM6458	18	14	4	0	scaffold_7	114294	164294
Aspergillus_fumigatus_CM6458	26	17	9	0	scaffold_1	82898	132898
Aspergillus_fumigatus_CM6458	17	17	0	0	scaffold_5	3202448	3252448
Aspergillus_fumigatus_CM6458	20	18	2	0	scaffold_3	1955463	2005463
Aspergillus_fumigatus_CM6458	21	17	4	0	scaffold_8	448274	498274
Aspergillus_fumigatus_CM6458	15	1	14	0	scaffold_7	1834627	1884627
Aspergillus_fumigatus_CM6458	0	0	0	0	scaffold_7	1743558	1793558
Aspergillus_fumigatus_CM6458	10	7	3	0	scaffold_4	3287746	3337746
Aspergillus_fumigatus_CM6458	15	15	0	0	scaffold_6	986	50986
Aspergillus_fumigatus_CM6458	6	4	2	0	scaffold_4	1176926	1226926
Aspergillus_fumigatus_CM6458	18	18	0	0	scaffold_4	2325417	2375417
Aspergillus_fumigatus_CM6458	20	19	1	0	scaffold_6	679747	729747
Aspergillus_fumigatus_CM6458	15	15	0	0	scaffold_1	2205317	2255317
Aspergillus_fumigatus_CM6458	16	16	0	0	scaffold_4	624959	674959
Aspergillus_fumigatus_CM6458	17	16	1	0	scaffold_6	913502	963502
Aspergillus_fumigatus_CM6458	16	14	2	0	scaffold_1	3574695	3624695
Aspergillus_fumigatus_CM6458	17	15	2	0	scaffold_3	2578341	2628341
Aspergillus_fumigatus_CM6458	16	13	3	0	scaffold_8	1503126	1553126
Aspergillus_fumigatus_CM6458	20	19	1	0	scaffold_5	1637260	1687260
Aspergillus_fumigatus_CM6458	18	17	1	0	scaffold_4	2256229	2306229
Aspergillus_fumigatus_CM6458	22	19	3	0	scaffold_4	1310664	1360664
Aspergillus_fumigatus_CM6458	18	16	2	0	scaffold_2	2310911	2360911
Aspergillus_fumigatus_CM6458	11	0	11	0	scaffold_7	1901440	1951440
Aspergillus_fumigatus_CM6458	16	16	0	0	scaffold_8	944344	994344
Aspergillus_fumigatus_CM6458	0	0	0	0	scaffold_7	1738016	1788016
Aspergillus_fumigatus_CM6458	22	20	2	0	scaffold_4	2525836	2575836
Aspergillus_fumigatus_CM6458	21	19	2	0	scaffold_3	2330570	2380570
Aspergillus_fumigatus_CM6458	22	20	2	0	scaffold_3	2318949	2368949
Aspergillus_fumigatus_CM6458	29	24	5	0	scaffold_3	4048987	4098987
Aspergillus_fumigatus_CM6458	16	11	5	0	scaffold_5	2914926	2964926
Aspergillus_fumigatus_CM6458	19	17	2	0	scaffold_4	1790181	1840181
Aspergillus_fumigatus_CM6458	18	2	16	0	scaffold_7	1947972	1997972
Aspergillus_fumigatus_CM6458	19	17	2	0	scaffold_2	3650826	3700826
Aspergillus_fumigatus_CM6458	17	16	1	0	scaffold_2	1388542	1438542
Aspergillus_fumigatus_CM6458	19	17	2	0	scaffold_6	3110323	3160323
Aspergillus_fumigatus_CM6458	18	18	0	0	scaffold_6	1530033	1580033
Aspergillus_fumigatus_CM6458	19	19	0	0	scaffold_5	980503	1030503
Aspergillus_fumigatus_CM6458	17	17	0	0	scaffold_1	677293	727293
Aspergillus_fumigatus_CM6458	25	23	2	0	scaffold_3	3626017	3676017
Aspergillus_fumigatus_CM6458	21	18	3	0	scaffold_1	2774640	2824640
Aspergillus_fumigatus_CM6458	21	18	3	0	scaffold_5	108188	158188
Aspergillus_fumigatus_CM6458	17	15	2	0	scaffold_1	998715	1048715
Aspergillus_fumigatus_CM6458	19	16	3	0	scaffold_4	3554893	3604893
Aspergillus_fumigatus_CM6458	19	19	0	0	scaffold_1	2471496	2521496
Aspergillus_fumigatus_CM6458	17	15	2	0	scaffold_2	4571425	4621425
Aspergillus_fumigatus_CM6458	22	19	3	0	scaffold_3	2774921	2824921
Aspergillus_fumigatus_CM6458	14	12	2	0	scaffold_6	172720	222720
Aspergillus_fumigatus_CM6458	13	12	1	0	scaffold_1	1254940	1304940
Aspergillus_fumigatus_CM6458	18	18	0	0	scaffold_4	2728728	2778728
Aspergillus_fumigatus_CM6458	21	20	1	0	scaffold_6	966098	1016098
Aspergillus_fumigatus_CM6458	19	18	1	0	scaffold_3	1571653	1621653
Aspergillus_fumigatus_CM6458	19	17	2	0	scaffold_1	217211	267211
Aspergillus_fumigatus_CM6458	9	7	2	0	scaffold_1	2028540	2078540
Aspergillus_fumigatus_CM6458	17	16	1	0	scaffold_7	1004812	1054812
Aspergillus_fumigatus_CM6458	18	16	1	1	scaffold_3	3496023	3546023
Aspergillus_fumigatus_CM6458	14	11	3	0	scaffold_4	3272698	3322698
Aspergillus_fumigatus_CM6458	20	18	2	0	scaffold_8	263856	313856
Aspergillus_fumigatus_CM6458	20	18	2	0	scaffold_4	3513251	3563251
Aspergillus_fumigatus_CM6458	10	9	1	0	scaffold_5	1244249	1294249
Aspergillus_fumigatus_CM6458	11	2	9	0	scaffold_3	740819	790819
Aspergillus_fumigatus_CM6458	13	12	1	0	scaffold_7	755790	805790
Aspergillus_fumigatus_CM6458	21	18	3	0	scaffold_5	116775	166775
Aspergillus_fumigatus_CM6458	17	12	5	0	scaffold_1	3421177	3471177
Aspergillus_fumigatus_CM6458	7	7	0	0	scaffold_1	1844286	1894286
Aspergillus_fumigatus_CM6458	17	15	2	0	scaffold_4	1509274	1559274
Aspergillus_fumigatus_CM6458	16	15	1	0	scaffold_4	863845	913845
Aspergillus_fumigatus_CM6458	17	16	1	0	scaffold_1	3611797	3661797
Aspergillus_fumigatus_CM6458	19	18	1	0	scaffold_6	2829453	2879453
Aspergillus_fumigatus_CM6458	19	17	2	0	scaffold_6	1237852	1287852
Aspergillus_fumigatus_CM6458	19	19	0	0	scaffold_4	2924027	2974027
Aspergillus_fumigatus_CM6458	10	10	0	0	scaffold_2	4591555	4641555
Aspergillus_fumigatus_CM6458	12	12	0	0	scaffold_1	1863616	1913616
Aspergillus_fumigatus_CM6458	16	14	2	0	scaffold_1	1419312	1469312
Aspergillus_fumigatus_CM6458	16	13	3	0	scaffold_1	1396636	1446636
Aspergillus_fumigatus_CM6458	18	18	0	0	scaffold_1	412990	462990
Aspergillus_fumigatus_CM6458	18	18	0	0	scaffold_6	3034672	3084672
Aspergillus_fumigatus_CM6458	16	15	1	0	scaffold_5	823003	873003
Aspergillus_fumigatus_CM6458	17	15	2	0	scaffold_2	4551135	4601135
Aspergillus_fumigatus_CM6458	19	17	2	0	scaffold_3	2599477	2649477
Aspergillus_fumigatus_CM6458	7	6	1	0	scaffold_7	741415	791415
Aspergillus_fumigatus_CM6458	21	21	0	0	scaffold_6	1343060	1393060
Aspergillus_fumigatus_CM6458	16	16	0	0	scaffold_4	1490350	1540350
Aspergillus_fumigatus_CM6458	16	16	0	0	scaffold_2	4420280	4470280
Aspergillus_fumigatus_CM6458	20	18	2	0	scaffold_2	148806	198806
Aspergillus_fumigatus_CM6458	18	17	1	0	scaffold_1	1168878	1218878
Aspergillus_fumigatus_CM6458	16	13	3	0	scaffold_2	3442722	3492722
Aspergillus_fumigatus_CM6458	13	13	0	0	scaffold_6	2739743	2789743
Aspergillus_fumigatus_CM6458	25	20	5	0	scaffold_1	115099	165099
Aspergillus_fumigatus_CM6458	16	14	2	0	scaffold_2	3751628	3801628
Aspergillus_fumigatus_CM6458	23	22	1	0	scaffold_2	2368585	2418585
Aspergillus_fumigatus_CM6458	20	18	2	0	scaffold_5	1892259	1942259
Aspergillus_fumigatus_CM6458	15	14	1	0	scaffold_1	3931056	3981056
Aspergillus_fumigatus_CM6458	17	16	1	0	scaffold_5	1098567	1148567
Aspergillus_fumigatus_CM6458	23	23	0	0	scaffold_3	1633311	1683311
Aspergillus_fumigatus_CM6458	15	15	0	0	scaffold_8	1132782	1182782
Aspergillus_fumigatus_CM6458	18	17	1	0	scaffold_3	3861913	3911913
Aspergillus_fumigatus_CM6458	17	14	3	0	scaffold_3	103719	153719
Aspergillus_fumigatus_CM6458	20	19	1	0	scaffold_3	290982	340982
Aspergillus_fumigatus_CM6458	13	12	1	0	scaffold_2	3464386	3514386
Aspergillus_fumigatus_CM6458	12	11	1	0	scaffold_1	1766257	1816257
Aspergillus_fumigatus_CM6458	17	16	1	0	scaffold_4	1429009	1479009
Aspergillus_fumigatus_CM6458	16	12	4	0	scaffold_2	721335	771335
Aspergillus_fumigatus_CM6458	15	14	1	0	scaffold_1	2758134	2808134
Aspergillus_fumigatus_CM6458	19	16	3	0	scaffold_1	1389867	1439867
Aspergillus_fumigatus_CM6458	19	16	3	0	scaffold_2	1514008	1564008
Aspergillus_fumigatus_CM6458	16	14	2	0	scaffold_4	1803413	1853413
Aspergillus_fumigatus_CM6458	16	14	2	0	scaffold_3	2103903	2153903
Aspergillus_fumigatus_CM6458	18	18	0	0	scaffold_6	1808292	1858292
Aspergillus_fumigatus_CM6458	19	17	2	0	scaffold_6	1575967	1625967
Aspergillus_fumigatus_CM6458	20	20	0	0	scaffold_1	645775	695775
Aspergillus_fumigatus_CM6458	17	14	3	0	scaffold_5	2637582	2687582
Aspergillus_fumigatus_CM6458	20	14	6	0	scaffold_2	2744346	2794346
Aspergillus_fumigatus_CM6458	16	15	1	0	scaffold_6	1688354	1738354
Aspergillus_fumigatus_CM6458	15	6	9	0	scaffold_3	861585	911585
Aspergillus_fumigatus_CM6458	12	8	4	0	scaffold_5	204232	254232
Aspergillus_fumigatus_CM6458	9	9	0	0	scaffold_4	1225585	1275585
Aspergillus_fumigatus_CM6458	20	19	1	0	scaffold_1	713280	763280
Aspergillus_fumigatus_CM6458	17	17	0	0	scaffold_1	587521	637521
Aspergillus_fumigatus_CM6458	23	19	4	0	scaffold_2	4504582	4554582
Aspergillus_fumigatus_CM6458	22	20	2	0	scaffold_8	1602725	1652725
Aspergillus_fumigatus_CM6458	18	15	3	0	scaffold_3	918725	968725
Aspergillus_fumigatus_CM6458	21	18	3	0	scaffold_8	344938	394938
Aspergillus_fumigatus_CM6458	16	16	0	0	scaffold_7	1209530	1259530
Aspergillus_fumigatus_CM6458	4	2	2	0	scaffold_6	3492930	3542930
Aspergillus_fumigatus_CM6458	20	18	2	0	scaffold_5	95722	145722
Aspergillus_fumigatus_CM6458	23	20	3	0	scaffold_5	1557161	1607161
Aspergillus_fumigatus_CM6458	22	20	2	0	scaffold_2	2153998	2203998
Aspergillus_fumigatus_CM6458	19	3	16	0	scaffold_2	11578	61578
Aspergillus_fumigatus_CM6458	21	19	2	0	scaffold_1	2565494	2615494
Aspergillus_fumigatus_CM6458	12	12	0	0	scaffold_1	2062328	2112328
Aspergillus_fumigatus_CM6458	18	15	3	0	scaffold_6	590079	640079
Aspergillus_fumigatus_CM6458	17	16	1	0	scaffold_3	2975402	3025402
Aspergillus_fumigatus_CM6458	22	20	2	0	scaffold_5	599298	649298
Aspergillus_fumigatus_CM6458	9	3	6	0	scaffold_2	39558	89558
Aspergillus_fumigatus_CM6458	23	21	2	0	scaffold_3	3615305	3665305
Aspergillus_fumigatus_CM6458	20	18	2	0	scaffold_1	2535807	2585807
Aspergillus_fumigatus_CM6458	24	21	3	0	scaffold_3	2453337	2503337
Aspergillus_fumigatus_CM6458	16	16	0	0	scaffold_8	646443	696443
Aspergillus_fumigatus_CM6458	14	14	0	0	scaffold_5	1450874	1500874
Aspergillus_fumigatus_CM6458	19	18	1	0	scaffold_2	3219583	3269583
Aspergillus_fumigatus_CM6458	17	17	0	0	scaffold_2	2534735	2584735
Aspergillus_fumigatus_CM6458	17	16	1	0	scaffold_6	1690759	1740759
Aspergillus_fumigatus_CM6458	26	22	4	0	scaffold_3	654057	704057
Aspergillus_fumigatus_CM6458	21	21	0	0	scaffold_2	1689701	1739701
Aspergillus_fumigatus_CM6458	31	29	2	0	scaffold_2	168105	218105
Aspergillus_fumigatus_CM6458	18	16	1	1	scaffold_3	3499587	3549587
Aspergillus_fumigatus_CM6458	16	7	9	0	scaffold_2	91916	141916
