STRAIN	TOTAL	CORE	ACCESSORY	SINGLETON	CHROM	START	END
Aspergillus_fumigatus_AF100-12_35	21	19	2	0	scaffold_1	2840635	2890635
Aspergillus_fumigatus_AF100-12_35	15	15	0	0	scaffold_2	3958451	4008451
Aspergillus_fumigatus_AF100-12_35	8	8	0	0	scaffold_6	1200774	1250774
Aspergillus_fumigatus_AF100-12_35	18	18	0	0	scaffold_2	4287068	4337068
Aspergillus_fumigatus_AF100-12_35	13	11	2	0	scaffold_2	1244788	1294788
Aspergillus_fumigatus_AF100-12_35	12	12	0	0	scaffold_5	1840024	1890024
Aspergillus_fumigatus_AF100-12_35	19	18	1	0	scaffold_6	271267	321267
Aspergillus_fumigatus_AF100-12_35	18	18	0	0	scaffold_3	2818270	2868270
Aspergillus_fumigatus_AF100-12_35	17	0	17	0	scaffold_1	4279504	4329504
Aspergillus_fumigatus_AF100-12_35	15	14	1	0	scaffold_6	1720205	1770205
Aspergillus_fumigatus_AF100-12_35	9	9	0	0	scaffold_2	2531237	2581237
Aspergillus_fumigatus_AF100-12_35	19	18	1	0	scaffold_6	2481699	2531699
Aspergillus_fumigatus_AF100-12_35	20	18	2	0	scaffold_1	1958558	2008558
Aspergillus_fumigatus_AF100-12_35	9	9	0	0	scaffold_3	1179502	1229502
Aspergillus_fumigatus_AF100-12_35	20	18	2	0	scaffold_8	507713	557713
Aspergillus_fumigatus_AF100-12_35	18	8	10	0	scaffold_5	2250786	2300786
Aspergillus_fumigatus_AF100-12_35	20	18	2	0	scaffold_2	2872226	2922226
Aspergillus_fumigatus_AF100-12_35	17	17	0	0	scaffold_8	20488	70488
Aspergillus_fumigatus_AF100-12_35	14	14	0	0	scaffold_2	3542391	3592391
Aspergillus_fumigatus_AF100-12_35	18	17	1	0	scaffold_4	2186865	2236865
Aspergillus_fumigatus_AF100-12_35	20	20	0	0	scaffold_8	1108180	1158180
Aspergillus_fumigatus_AF100-12_35	0	0	0	0	scaffold_1	1872899	1922899
Aspergillus_fumigatus_AF100-12_35	9	9	0	0	scaffold_3	1185123	1235123
Aspergillus_fumigatus_AF100-12_35	16	15	1	0	scaffold_6	654046	704046
Aspergillus_fumigatus_AF100-12_35	18	18	0	0	scaffold_5	1154297	1204297
Aspergillus_fumigatus_AF100-12_35	16	0	16	0	scaffold_1	4278926	4328926
Aspergillus_fumigatus_AF100-12_35	16	15	1	0	scaffold_8	592383	642383
Aspergillus_fumigatus_AF100-12_35	20	19	1	0	scaffold_5	911274	961274
Aspergillus_fumigatus_AF100-12_35	14	14	0	0	scaffold_3	2924036	2974036
Aspergillus_fumigatus_AF100-12_35	14	14	0	0	scaffold_2	4500416	4550416
Aspergillus_fumigatus_AF100-12_35	20	19	1	0	scaffold_3	3464705	3514705
Aspergillus_fumigatus_AF100-12_35	6	6	0	0	scaffold_1	2082595	2132595
Aspergillus_fumigatus_AF100-12_35	20	20	0	0	scaffold_3	181995	231995
Aspergillus_fumigatus_AF100-12_35	18	18	0	0	scaffold_5	1052137	1102137
Aspergillus_fumigatus_AF100-12_35	16	15	1	0	scaffold_6	3327610	3377610
Aspergillus_fumigatus_AF100-12_35	6	6	0	0	scaffold_1	2083100	2133100
Aspergillus_fumigatus_AF100-12_35	24	21	3	0	scaffold_7	1541670	1591670
Aspergillus_fumigatus_AF100-12_35	18	17	1	0	scaffold_3	3508905	3558905
Aspergillus_fumigatus_AF100-12_35	16	16	0	0	scaffold_3	3743096	3793096
Aspergillus_fumigatus_AF100-12_35	13	8	5	0	scaffold_7	1635348	1685348
Aspergillus_fumigatus_AF100-12_35	9	9	0	0	scaffold_5	605267	655267
Aspergillus_fumigatus_AF100-12_35	15	14	1	0	scaffold_4	1844533	1894533
Aspergillus_fumigatus_AF100-12_35	9	8	1	0	scaffold_5	1314373	1364373
Aspergillus_fumigatus_AF100-12_35	18	18	0	0	scaffold_2	1147358	1197358
Aspergillus_fumigatus_AF100-12_35	18	18	0	0	scaffold_6	1318080	1368080
Aspergillus_fumigatus_AF100-12_35	22	21	1	0	scaffold_4	3010379	3060379
Aspergillus_fumigatus_AF100-12_35	18	18	0	0	scaffold_7	870508	920508
Aspergillus_fumigatus_AF100-12_35	14	14	0	0	scaffold_5	1724849	1774849
Aspergillus_fumigatus_AF100-12_35	20	19	1	0	scaffold_8	137355	187355
Aspergillus_fumigatus_AF100-12_35	19	19	0	0	scaffold_5	3588890	3638890
Aspergillus_fumigatus_AF100-12_35	22	22	0	0	scaffold_4	1676892	1726892
Aspergillus_fumigatus_AF100-12_35	17	17	0	0	scaffold_1	3843879	3893879
Aspergillus_fumigatus_AF100-12_35	17	15	2	0	scaffold_1	3255757	3305757
Aspergillus_fumigatus_AF100-12_35	14	12	2	0	scaffold_2	716098	766098
Aspergillus_fumigatus_AF100-12_35	16	13	3	0	scaffold_6	612834	662834
Aspergillus_fumigatus_AF100-12_35	20	20	0	0	scaffold_8	164916	214916
Aspergillus_fumigatus_AF100-12_35	17	16	1	0	scaffold_5	1102169	1152169
Aspergillus_fumigatus_AF100-12_35	12	5	7	0	scaffold_5	2534278	2584278
Aspergillus_fumigatus_AF100-12_35	9	7	2	0	scaffold_4	3375225	3425225
Aspergillus_fumigatus_AF100-12_35	14	13	1	0	scaffold_2	3820153	3870153
Aspergillus_fumigatus_AF100-12_35	16	15	1	0	scaffold_6	1485356	1535356
Aspergillus_fumigatus_AF100-12_35	19	18	1	0	scaffold_1	2451271	2501271
Aspergillus_fumigatus_AF100-12_35	16	15	1	0	scaffold_5	3408598	3458598
Aspergillus_fumigatus_AF100-12_35	18	15	3	0	scaffold_3	91011	141011
Aspergillus_fumigatus_AF100-12_35	17	17	0	0	scaffold_4	1217080	1267080
Aspergillus_fumigatus_AF100-12_35	17	17	0	0	scaffold_1	2620936	2670936
Aspergillus_fumigatus_AF100-12_35	17	17	0	0	scaffold_1	850319	900319
Aspergillus_fumigatus_AF100-12_35	21	21	0	0	scaffold_4	2128015	2178015
Aspergillus_fumigatus_AF100-12_35	14	14	0	0	scaffold_3	2735162	2785162
Aspergillus_fumigatus_AF100-12_35	16	15	1	0	scaffold_4	2013645	2063645
Aspergillus_fumigatus_AF100-12_35	17	17	0	0	scaffold_1	3546353	3596353
Aspergillus_fumigatus_AF100-12_35	21	21	0	0	scaffold_4	1097062	1147062
Aspergillus_fumigatus_AF100-12_35	25	24	1	0	scaffold_6	729949	779949
Aspergillus_fumigatus_AF100-12_35	20	19	1	0	scaffold_2	660160	710160
Aspergillus_fumigatus_AF100-12_35	18	17	1	0	scaffold_6	1594705	1644705
Aspergillus_fumigatus_AF100-12_35	14	13	1	0	scaffold_8	363448	413448
Aspergillus_fumigatus_AF100-12_35	19	18	1	0	scaffold_2	1914084	1964084
Aspergillus_fumigatus_AF100-12_35	17	16	1	0	scaffold_3	2483401	2533401
Aspergillus_fumigatus_AF100-12_35	17	17	0	0	scaffold_2	921152	971152
Aspergillus_fumigatus_AF100-12_35	10	10	0	0	scaffold_4	2949910	2999910
Aspergillus_fumigatus_AF100-12_35	8	6	2	0	scaffold_2	2752240	2802240
Aspergillus_fumigatus_AF100-12_35	22	22	0	0	scaffold_1	460167	510167
Aspergillus_fumigatus_AF100-12_35	15	15	0	0	scaffold_3	1966279	2016279
Aspergillus_fumigatus_AF100-12_35	18	18	0	0	scaffold_6	1972421	2022421
Aspergillus_fumigatus_AF100-12_35	19	19	0	0	scaffold_1	25609	75609
Aspergillus_fumigatus_AF100-12_35	18	17	1	0	scaffold_1	3668551	3718551
Aspergillus_fumigatus_AF100-12_35	21	20	1	0	scaffold_4	1740571	1790571
Aspergillus_fumigatus_AF100-12_35	16	1	15	0	scaffold_3	650317	700317
Aspergillus_fumigatus_AF100-12_35	12	12	0	0	scaffold_1	1119665	1169665
Aspergillus_fumigatus_AF100-12_35	14	14	0	0	scaffold_6	2569744	2619744
Aspergillus_fumigatus_AF100-12_35	17	17	0	0	scaffold_4	835237	885237
Aspergillus_fumigatus_AF100-12_35	14	14	0	0	scaffold_2	2348132	2398132
Aspergillus_fumigatus_AF100-12_35	19	19	0	0	scaffold_3	3859459	3909459
Aspergillus_fumigatus_AF100-12_35	17	15	2	0	scaffold_6	3024069	3074069
Aspergillus_fumigatus_AF100-12_35	19	19	0	0	scaffold_4	576755	626755
Aspergillus_fumigatus_AF100-12_35	23	22	1	0	scaffold_1	4752300	4802300
Aspergillus_fumigatus_AF100-12_35	17	16	1	0	scaffold_6	30044	80044
Aspergillus_fumigatus_AF100-12_35	11	11	0	0	scaffold_3	1166586	1216586
Aspergillus_fumigatus_AF100-12_35	18	16	2	0	scaffold_2	3214037	3264037
Aspergillus_fumigatus_AF100-12_35	16	15	1	0	scaffold_4	3582209	3632209
Aspergillus_fumigatus_AF100-12_35	20	20	0	0	scaffold_5	3102403	3152403
Aspergillus_fumigatus_AF100-12_35	20	20	0	0	scaffold_3	2195313	2245313
Aspergillus_fumigatus_AF100-12_35	18	17	1	0	scaffold_1	2466700	2516700
Aspergillus_fumigatus_AF100-12_35	20	20	0	0	scaffold_6	1223936	1273936
Aspergillus_fumigatus_AF100-12_35	11	10	1	0	scaffold_6	1084206	1134206
Aspergillus_fumigatus_AF100-12_35	6	5	1	0	scaffold_2	4658439	4708439
Aspergillus_fumigatus_AF100-12_35	19	17	2	0	scaffold_6	2022104	2072104
Aspergillus_fumigatus_AF100-12_35	21	20	1	0	scaffold_2	2261181	2311181
Aspergillus_fumigatus_AF100-12_35	17	17	0	0	scaffold_5	3164590	3214590
Aspergillus_fumigatus_AF100-12_35	19	19	0	0	scaffold_3	1814125	1864125
Aspergillus_fumigatus_AF100-12_35	18	17	1	0	scaffold_4	2186401	2236401
Aspergillus_fumigatus_AF100-12_35	18	18	0	0	scaffold_3	3434687	3484687
Aspergillus_fumigatus_AF100-12_35	15	12	3	0	scaffold_1	3493772	3543772
Aspergillus_fumigatus_AF100-12_35	20	18	2	0	scaffold_4	360956	410956
Aspergillus_fumigatus_AF100-12_35	19	15	4	0	scaffold_3	992526	1042526
Aspergillus_fumigatus_AF100-12_35	14	13	1	0	scaffold_6	1446756	1496756
Aspergillus_fumigatus_AF100-12_35	20	20	0	0	scaffold_3	3441085	3491085
Aspergillus_fumigatus_AF100-12_35	24	23	1	0	scaffold_3	3921558	3971558
Aspergillus_fumigatus_AF100-12_35	13	13	0	0	scaffold_6	2113459	2163459
Aspergillus_fumigatus_AF100-12_35	17	16	1	0	scaffold_5	2457000	2507000
Aspergillus_fumigatus_AF100-12_35	20	19	1	0	scaffold_2	659074	709074
Aspergillus_fumigatus_AF100-12_35	17	17	0	0	scaffold_3	3111048	3161048
Aspergillus_fumigatus_AF100-12_35	16	15	1	0	scaffold_3	3185458	3235458
Aspergillus_fumigatus_AF100-12_35	15	15	0	0	scaffold_3	2752205	2802205
Aspergillus_fumigatus_AF100-12_35	21	20	1	0	scaffold_7	1457001	1507001
Aspergillus_fumigatus_AF100-12_35	18	18	0	0	scaffold_2	1819362	1869362
Aspergillus_fumigatus_AF100-12_35	19	18	1	0	scaffold_8	616573	666573
Aspergillus_fumigatus_AF100-12_35	19	18	1	0	scaffold_8	1640024	1690024
Aspergillus_fumigatus_AF100-12_35	23	22	1	0	scaffold_5	2633048	2683048
Aspergillus_fumigatus_AF100-12_35	26	25	1	0	scaffold_2	124336	174336
Aspergillus_fumigatus_AF100-12_35	20	20	0	0	scaffold_5	875615	925615
Aspergillus_fumigatus_AF100-12_35	18	16	2	0	scaffold_8	418908	468908
Aspergillus_fumigatus_AF100-12_35	16	15	1	0	scaffold_6	374835	424835
Aspergillus_fumigatus_AF100-12_35	18	18	0	0	scaffold_4	2836920	2886920
Aspergillus_fumigatus_AF100-12_35	23	22	1	0	scaffold_3	430489	480489
Aspergillus_fumigatus_AF100-12_35	16	16	0	0	scaffold_2	3291637	3341637
Aspergillus_fumigatus_AF100-12_35	19	19	0	0	scaffold_4	1669731	1719731
Aspergillus_fumigatus_AF100-12_35	5	5	0	0	scaffold_2	2023598	2073598
Aspergillus_fumigatus_AF100-12_35	17	15	2	0	scaffold_2	3631231	3681231
Aspergillus_fumigatus_AF100-12_35	16	11	5	0	scaffold_5	2238292	2288292
Aspergillus_fumigatus_AF100-12_35	17	17	0	0	scaffold_2	802544	852544
Aspergillus_fumigatus_AF100-12_35	18	18	0	0	scaffold_1	3671099	3721099
Aspergillus_fumigatus_AF100-12_35	19	18	1	0	scaffold_6	2040321	2090321
Aspergillus_fumigatus_AF100-12_35	23	20	3	0	scaffold_7	1526057	1576057
Aspergillus_fumigatus_AF100-12_35	6	6	0	0	scaffold_7	681150	731150
Aspergillus_fumigatus_AF100-12_35	21	20	1	0	scaffold_4	1005284	1055284
Aspergillus_fumigatus_AF100-12_35	11	11	0	0	scaffold_6	1402792	1452792
Aspergillus_fumigatus_AF100-12_35	1	1	0	0	scaffold_1	1862489	1912489
Aspergillus_fumigatus_AF100-12_35	14	12	2	0	scaffold_7	775674	825674
Aspergillus_fumigatus_AF100-12_35	14	13	1	0	scaffold_5	1812658	1862658
Aspergillus_fumigatus_AF100-12_35	13	7	6	0	scaffold_5	2543384	2593384
Aspergillus_fumigatus_AF100-12_35	11	11	0	0	scaffold_8	732879	782879
Aspergillus_fumigatus_AF100-12_35	20	19	1	0	scaffold_7	964317	1014317
Aspergillus_fumigatus_AF100-12_35	19	19	0	0	scaffold_2	2660708	2710708
Aspergillus_fumigatus_AF100-12_35	18	18	0	0	scaffold_8	1493587	1543587
Aspergillus_fumigatus_AF100-12_35	15	15	0	0	scaffold_1	938033	988033
Aspergillus_fumigatus_AF100-12_35	19	15	4	0	scaffold_2	100709	150709
Aspergillus_fumigatus_AF100-12_35	19	19	0	0	scaffold_5	1032873	1082873
Aspergillus_fumigatus_AF100-12_35	13	13	0	0	scaffold_4	2746303	2796303
Aspergillus_fumigatus_AF100-12_35	12	11	1	0	scaffold_4	2091062	2141062
Aspergillus_fumigatus_AF100-12_35	17	16	1	0	scaffold_3	348536	398536
Aspergillus_fumigatus_AF100-12_35	3	3	0	0	scaffold_7	689132	739132
Aspergillus_fumigatus_AF100-12_35	18	16	2	0	scaffold_2	3199882	3249882
Aspergillus_fumigatus_AF100-12_35	13	13	0	0	scaffold_5	1831664	1881664
Aspergillus_fumigatus_AF100-12_35	9	9	0	0	scaffold_1	1841575	1891575
Aspergillus_fumigatus_AF100-12_35	21	19	2	0	scaffold_7	184130	234130
Aspergillus_fumigatus_AF100-12_35	16	16	0	0	scaffold_1	844024	894024
Aspergillus_fumigatus_AF100-12_35	25	24	1	0	scaffold_2	152011	202011
Aspergillus_fumigatus_AF100-12_35	18	16	2	0	scaffold_7	446950	496950
Aspergillus_fumigatus_AF100-12_35	16	16	0	0	scaffold_5	3413122	3463122
Aspergillus_fumigatus_AF100-12_35	15	15	0	0	scaffold_6	547495	597495
Aspergillus_fumigatus_AF100-12_35	17	16	1	0	scaffold_3	805674	855674
Aspergillus_fumigatus_AF100-12_35	15	14	1	0	scaffold_2	3781156	3831156
Aspergillus_fumigatus_AF100-12_35	5	1	4	0	scaffold_3	4105025	4155025
Aspergillus_fumigatus_AF100-12_35	17	15	2	0	scaffold_5	1226644	1276644
Aspergillus_fumigatus_AF100-12_35	20	14	6	0	scaffold_5	3004196	3054196
Aspergillus_fumigatus_AF100-12_35	15	14	1	0	scaffold_1	3041279	3091279
Aspergillus_fumigatus_AF100-12_35	20	18	2	0	scaffold_1	1957998	2007998
Aspergillus_fumigatus_AF100-12_35	19	19	0	0	scaffold_1	640925	690925
Aspergillus_fumigatus_AF100-12_35	18	18	0	0	scaffold_5	571887	621887
Aspergillus_fumigatus_AF100-12_35	19	19	0	0	scaffold_1	969331	1019331
Aspergillus_fumigatus_AF100-12_35	20	15	5	0	scaffold_5	2561393	2611393
Aspergillus_fumigatus_AF100-12_35	14	14	0	0	scaffold_7	591933	641933
Aspergillus_fumigatus_AF100-12_35	14	14	0	0	scaffold_1	1276251	1326251
Aspergillus_fumigatus_AF100-12_35	19	17	2	0	scaffold_2	1294365	1344365
Aspergillus_fumigatus_AF100-12_35	17	17	0	0	scaffold_4	3157895	3207895
Aspergillus_fumigatus_AF100-12_35	19	18	1	0	scaffold_8	222022	272022
Aspergillus_fumigatus_AF100-12_35	18	18	0	0	scaffold_4	661050	711050
Aspergillus_fumigatus_AF100-12_35	18	18	0	0	scaffold_4	770321	820321
Aspergillus_fumigatus_AF100-12_35	13	11	2	0	scaffold_7	809325	859325
Aspergillus_fumigatus_AF100-12_35	22	22	0	0	scaffold_7	509364	559364
Aspergillus_fumigatus_AF100-12_35	17	16	1	0	scaffold_2	1286729	1336729
Aspergillus_fumigatus_AF100-12_35	21	20	1	0	scaffold_3	1097083	1147083
Aspergillus_fumigatus_AF100-12_35	6	6	0	0	scaffold_1	1850636	1900636
Aspergillus_fumigatus_AF100-12_35	15	15	0	0	scaffold_1	2566475	2616475
Aspergillus_fumigatus_AF100-12_35	8	8	0	0	scaffold_4	2862808	2912808
Aspergillus_fumigatus_AF100-12_35	19	19	0	0	scaffold_1	2639808	2689808
Aspergillus_fumigatus_AF100-12_35	14	14	0	0	scaffold_5	1762995	1812995
Aspergillus_fumigatus_AF100-12_35	4	4	0	0	scaffold_8	767959	817959
Aspergillus_fumigatus_AF100-12_35	16	16	0	0	scaffold_1	1679875	1729875
Aspergillus_fumigatus_AF100-12_35	18	17	1	0	scaffold_6	2979052	3029052
Aspergillus_fumigatus_AF100-12_35	21	21	0	0	scaffold_6	2948886	2998886
Aspergillus_fumigatus_AF100-12_35	13	13	0	0	scaffold_2	1553834	1603834
Aspergillus_fumigatus_AF100-12_35	20	17	3	0	scaffold_1	47401	97401
Aspergillus_fumigatus_AF100-12_35	13	12	1	0	scaffold_5	1878121	1928121
Aspergillus_fumigatus_AF100-12_35	20	18	2	0	scaffold_1	3296422	3346422
Aspergillus_fumigatus_AF100-12_35	24	20	4	0	scaffold_4	2706340	2756340
Aspergillus_fumigatus_AF100-12_35	19	19	0	0	scaffold_2	4375924	4425924
Aspergillus_fumigatus_AF100-12_35	23	22	1	0	scaffold_6	2493181	2543181
Aspergillus_fumigatus_AF100-12_35	23	22	1	0	scaffold_2	2896545	2946545
Aspergillus_fumigatus_AF100-12_35	18	18	0	0	scaffold_2	999855	1049855
Aspergillus_fumigatus_AF100-12_35	17	16	0	1	scaffold_3	3399026	3449026
Aspergillus_fumigatus_AF100-12_35	19	19	0	0	scaffold_4	413943	463943
Aspergillus_fumigatus_AF100-12_35	17	16	1	0	scaffold_4	3143260	3193260
Aspergillus_fumigatus_AF100-12_35	21	21	0	0	scaffold_6	1848018	1898018
Aspergillus_fumigatus_AF100-12_35	18	17	1	0	scaffold_1	2659343	2709343
Aspergillus_fumigatus_AF100-12_35	22	21	1	0	scaffold_3	3907883	3957883
Aspergillus_fumigatus_AF100-12_35	16	16	0	0	scaffold_6	2584893	2634893
Aspergillus_fumigatus_AF100-12_35	11	11	0	0	scaffold_2	2094594	2144594
Aspergillus_fumigatus_AF100-12_35	20	17	3	0	scaffold_7	1515744	1565744
Aspergillus_fumigatus_AF100-12_35	3	2	1	0	scaffold_4	1282584	1332584
Aspergillus_fumigatus_AF100-12_35	19	18	1	0	scaffold_5	532989	582989
Aspergillus_fumigatus_AF100-12_35	11	11	0	0	scaffold_2	1231191	1281191
Aspergillus_fumigatus_AF100-12_35	16	16	0	0	scaffold_2	911132	961132
Aspergillus_fumigatus_AF100-12_35	26	23	3	0	scaffold_5	49008	99008
Aspergillus_fumigatus_AF100-12_35	18	18	0	0	scaffold_4	395718	445718
Aspergillus_fumigatus_AF100-12_35	15	15	0	0	scaffold_4	929427	979427
Aspergillus_fumigatus_AF100-12_35	18	17	1	0	scaffold_2	3098312	3148312
Aspergillus_fumigatus_AF100-12_35	19	18	1	0	scaffold_6	3466098	3516098
Aspergillus_fumigatus_AF100-12_35	18	15	3	0	scaffold_6	480982	530982
Aspergillus_fumigatus_AF100-12_35	14	13	1	0	scaffold_1	1629537	1679537
Aspergillus_fumigatus_AF100-12_35	19	19	0	0	scaffold_5	1161483	1211483
Aspergillus_fumigatus_AF100-12_35	18	17	1	0	scaffold_5	2926705	2976705
Aspergillus_fumigatus_AF100-12_35	16	16	0	0	scaffold_1	846053	896053
Aspergillus_fumigatus_AF100-12_35	14	14	0	0	scaffold_2	4545124	4595124
Aspergillus_fumigatus_AF100-12_35	21	15	6	0	scaffold_3	3605992	3655992
Aspergillus_fumigatus_AF100-12_35	13	11	2	0	scaffold_7	749941	799941
Aspergillus_fumigatus_AF100-12_35	20	20	0	0	scaffold_3	3861897	3911897
Aspergillus_fumigatus_AF100-12_35	15	13	2	0	scaffold_6	2418221	2468221
Aspergillus_fumigatus_AF100-12_35	13	10	3	0	scaffold_5	289024	339024
Aspergillus_fumigatus_AF100-12_35	13	13	0	0	scaffold_6	934349	984349
Aspergillus_fumigatus_AF100-12_35	21	19	2	0	scaffold_5	84567	134567
Aspergillus_fumigatus_AF100-12_35	19	19	0	0	scaffold_5	1020364	1070364
Aspergillus_fumigatus_AF100-12_35	17	15	2	0	scaffold_7	217137	267137
Aspergillus_fumigatus_AF100-12_35	22	22	0	0	scaffold_4	605778	655778
Aspergillus_fumigatus_AF100-12_35	7	7	0	0	scaffold_5	609885	659885
Aspergillus_fumigatus_AF100-12_35	16	15	1	0	scaffold_4	2031297	2081297
Aspergillus_fumigatus_AF100-12_35	20	19	1	0	scaffold_8	1636749	1686749
Aspergillus_fumigatus_AF100-12_35	16	16	0	0	scaffold_2	3923562	3973562
Aspergillus_fumigatus_AF100-12_35	16	16	0	0	scaffold_3	2782359	2832359
Aspergillus_fumigatus_AF100-12_35	22	18	4	0	scaffold_3	49053	99053
Aspergillus_fumigatus_AF100-12_35	18	18	0	0	scaffold_2	340830	390830
Aspergillus_fumigatus_AF100-12_35	14	1	13	0	scaffold_3	4065068	4115068
Aspergillus_fumigatus_AF100-12_35	18	18	0	0	scaffold_2	906196	956196
Aspergillus_fumigatus_AF100-12_35	22	22	0	0	scaffold_7	893150	943150
Aspergillus_fumigatus_AF100-12_35	22	22	0	0	scaffold_3	2692913	2742913
Aspergillus_fumigatus_AF100-12_35	12	10	2	0	scaffold_2	719206	769206
Aspergillus_fumigatus_AF100-12_35	18	18	0	0	scaffold_1	711711	761711
Aspergillus_fumigatus_AF100-12_35	17	16	1	0	scaffold_1	351538	401538
Aspergillus_fumigatus_AF100-12_35	21	20	1	0	scaffold_5	2630682	2680682
Aspergillus_fumigatus_AF100-12_35	12	12	0	0	scaffold_2	2490812	2540812
Aspergillus_fumigatus_AF100-12_35	17	16	1	0	scaffold_1	3215495	3265495
Aspergillus_fumigatus_AF100-12_35	20	20	0	0	scaffold_3	1614903	1664903
Aspergillus_fumigatus_AF100-12_35	21	18	3	0	scaffold_4	341176	391176
Aspergillus_fumigatus_AF100-12_35	14	12	2	0	scaffold_3	120407	170407
Aspergillus_fumigatus_AF100-12_35	18	18	0	0	scaffold_2	859606	909606
Aspergillus_fumigatus_AF100-12_35	8	8	0	0	scaffold_4	1318612	1368612
Aspergillus_fumigatus_AF100-12_35	12	12	0	0	scaffold_6	2767873	2817873
Aspergillus_fumigatus_AF100-12_35	18	17	1	0	scaffold_2	3215906	3265906
Aspergillus_fumigatus_AF100-12_35	17	17	0	0	scaffold_7	471588	521588
Aspergillus_fumigatus_AF100-12_35	21	19	2	0	scaffold_6	3041067	3091067
Aspergillus_fumigatus_AF100-12_35	15	14	1	0	scaffold_1	2932306	2982306
Aspergillus_fumigatus_AF100-12_35	17	3	14	0	scaffold_1	4260565	4310565
Aspergillus_fumigatus_AF100-12_35	15	15	0	0	scaffold_4	3343430	3393430
Aspergillus_fumigatus_AF100-12_35	19	19	0	0	scaffold_2	4378238	4428238
Aspergillus_fumigatus_AF100-12_35	19	16	2	1	scaffold_7	1425297	1475297
Aspergillus_fumigatus_AF100-12_35	18	17	1	0	scaffold_4	1895641	1945641
Aspergillus_fumigatus_AF100-12_35	17	16	1	0	scaffold_2	4470607	4520607
Aspergillus_fumigatus_AF100-12_35	17	16	1	0	scaffold_6	806625	856625
Aspergillus_fumigatus_AF100-12_35	18	16	2	0	scaffold_4	3466451	3516451
Aspergillus_fumigatus_AF100-12_35	20	19	1	0	scaffold_4	477017	527017
Aspergillus_fumigatus_AF100-12_35	17	17	0	0	scaffold_2	3743105	3793105
Aspergillus_fumigatus_AF100-12_35	11	10	1	0	scaffold_4	1423307	1473307
Aspergillus_fumigatus_AF100-12_35	9	8	1	0	scaffold_6	410643	460643
Aspergillus_fumigatus_AF100-12_35	15	15	0	0	scaffold_4	2845655	2895655
Aspergillus_fumigatus_AF100-12_35	17	14	3	0	scaffold_8	249053	299053
Aspergillus_fumigatus_AF100-12_35	19	18	1	0	scaffold_4	1037027	1087027
Aspergillus_fumigatus_AF100-12_35	21	20	1	0	scaffold_3	2214383	2264383
Aspergillus_fumigatus_AF100-12_35	20	13	7	0	scaffold_4	3673402	3723402
Aspergillus_fumigatus_AF100-12_35	16	14	2	0	scaffold_8	275640	325640
Aspergillus_fumigatus_AF100-12_35	13	13	0	0	scaffold_1	1288780	1338780
Aspergillus_fumigatus_AF100-12_35	19	18	1	0	scaffold_3	3506583	3556583
Aspergillus_fumigatus_AF100-12_35	18	18	0	0	scaffold_5	1388945	1438945
Aspergillus_fumigatus_AF100-12_35	13	11	2	0	scaffold_3	3309910	3359910
Aspergillus_fumigatus_AF100-12_35	18	18	0	0	scaffold_3	2793594	2843594
Aspergillus_fumigatus_AF100-12_35	13	13	0	0	scaffold_3	739546	789546
Aspergillus_fumigatus_AF100-12_35	12	11	1	0	scaffold_1	3898277	3948277
Aspergillus_fumigatus_AF100-12_35	18	15	3	0	scaffold_1	197201	247201
Aspergillus_fumigatus_AF100-12_35	19	18	1	0	scaffold_2	1078491	1128491
Aspergillus_fumigatus_AF100-12_35	14	14	0	0	scaffold_3	2740568	2790568
Aspergillus_fumigatus_AF100-12_35	19	18	1	0	scaffold_4	3082344	3132344
Aspergillus_fumigatus_AF100-12_35	17	17	0	0	scaffold_4	1176882	1226882
Aspergillus_fumigatus_AF100-12_35	19	18	1	0	scaffold_1	3329468	3379468
Aspergillus_fumigatus_AF100-12_35	17	17	0	0	scaffold_2	4573214	4623214
Aspergillus_fumigatus_AF100-12_35	17	17	0	0	scaffold_1	1460389	1510389
Aspergillus_fumigatus_AF100-12_35	15	15	0	0	scaffold_4	1363690	1413690
Aspergillus_fumigatus_AF100-12_35	15	15	0	0	scaffold_6	1380926	1430926
Aspergillus_fumigatus_AF100-12_35	19	18	1	0	scaffold_4	3263045	3313045
Aspergillus_fumigatus_AF100-12_35	19	18	1	0	scaffold_7	956198	1006198
Aspergillus_fumigatus_AF100-12_35	23	22	1	0	scaffold_5	2693189	2743189
Aspergillus_fumigatus_AF100-12_35	16	15	1	0	scaffold_8	1338355	1388355
Aspergillus_fumigatus_AF100-12_35	18	16	2	0	scaffold_4	2988483	3038483
Aspergillus_fumigatus_AF100-12_35	8	8	0	0	scaffold_2	2014877	2064877
Aspergillus_fumigatus_AF100-12_35	11	10	1	0	scaffold_8	398244	448244
Aspergillus_fumigatus_AF100-12_35	5	5	0	0	scaffold_8	758586	808586
Aspergillus_fumigatus_AF100-12_35	12	10	2	0	scaffold_7	24049	74049
Aspergillus_fumigatus_AF100-12_35	17	17	0	0	scaffold_1	2179759	2229759
Aspergillus_fumigatus_AF100-12_35	20	19	1	0	scaffold_1	2856504	2906504
Aspergillus_fumigatus_AF100-12_35	13	11	2	0	scaffold_1	2796352	2846352
Aspergillus_fumigatus_AF100-12_35	21	21	0	0	scaffold_5	3580792	3630792
Aspergillus_fumigatus_AF100-12_35	18	17	1	0	scaffold_5	926468	976468
Aspergillus_fumigatus_AF100-12_35	16	15	1	0	scaffold_2	3805333	3855333
Aspergillus_fumigatus_AF100-12_35	14	14	0	0	scaffold_6	571401	621401
Aspergillus_fumigatus_AF100-12_35	22	22	0	0	scaffold_5	2671352	2721352
Aspergillus_fumigatus_AF100-12_35	16	16	0	0	scaffold_4	3520111	3570111
Aspergillus_fumigatus_AF100-12_35	16	16	0	0	scaffold_7	1617752	1667752
Aspergillus_fumigatus_AF100-12_35	18	18	0	0	scaffold_1	3132463	3182463
Aspergillus_fumigatus_AF100-12_35	17	17	0	0	scaffold_5	1083397	1133397
Aspergillus_fumigatus_AF100-12_35	17	17	0	0	scaffold_8	86004	136004
Aspergillus_fumigatus_AF100-12_35	0	0	0	0	scaffold_7	1683871	1733871
Aspergillus_fumigatus_AF100-12_35	21	20	1	0	scaffold_2	2270006	2320006
Aspergillus_fumigatus_AF100-12_35	21	20	1	0	scaffold_8	151755	201755
Aspergillus_fumigatus_AF100-12_35	12	11	1	0	scaffold_1	3599364	3649364
Aspergillus_fumigatus_AF100-12_35	19	18	1	0	scaffold_6	1902958	1952958
Aspergillus_fumigatus_AF100-12_35	17	16	1	0	scaffold_6	3525971	3575971
Aspergillus_fumigatus_AF100-12_35	18	17	1	0	scaffold_2	537487	587487
Aspergillus_fumigatus_AF100-12_35	17	17	0	0	scaffold_5	3697720	3747720
Aspergillus_fumigatus_AF100-12_35	14	14	0	0	scaffold_6	571943	621943
Aspergillus_fumigatus_AF100-12_35	17	17	0	0	scaffold_1	2632299	2682299
Aspergillus_fumigatus_AF100-12_35	20	20	0	0	scaffold_4	2398263	2448263
Aspergillus_fumigatus_AF100-12_35	20	20	0	0	scaffold_2	4293531	4343531
Aspergillus_fumigatus_AF100-12_35	17	14	3	0	scaffold_2	2780471	2830471
Aspergillus_fumigatus_AF100-12_35	20	19	1	0	scaffold_1	3956466	4006466
Aspergillus_fumigatus_AF100-12_35	18	18	0	0	scaffold_4	3171086	3221086
Aspergillus_fumigatus_AF100-12_35	20	20	0	0	scaffold_4	1082745	1132745
Aspergillus_fumigatus_AF100-12_35	20	19	1	0	scaffold_1	15440	65440
Aspergillus_fumigatus_AF100-12_35	20	18	2	0	scaffold_4	3471248	3521248
Aspergillus_fumigatus_AF100-12_35	14	14	0	0	scaffold_3	2528872	2578872
Aspergillus_fumigatus_AF100-12_35	14	14	0	0	scaffold_2	2540011	2590011
Aspergillus_fumigatus_AF100-12_35	10	9	1	0	scaffold_5	1321342	1371342
Aspergillus_fumigatus_AF100-12_35	18	16	2	0	scaffold_7	451434	501434
Aspergillus_fumigatus_AF100-12_35	15	12	3	0	scaffold_6	616822	666822
Aspergillus_fumigatus_AF100-12_35	15	15	0	0	scaffold_6	924871	974871
Aspergillus_fumigatus_AF100-12_35	23	20	3	0	scaffold_5	434088	484088
Aspergillus_fumigatus_AF100-12_35	14	13	1	0	scaffold_6	3480966	3530966
Aspergillus_fumigatus_AF100-12_35	19	18	1	0	scaffold_2	966196	1016196
Aspergillus_fumigatus_AF100-12_35	15	15	0	0	scaffold_4	1516472	1566472
Aspergillus_fumigatus_AF100-12_35	18	18	0	0	scaffold_6	3090040	3140040
Aspergillus_fumigatus_AF100-12_35	24	23	1	0	scaffold_6	2505845	2555845
Aspergillus_fumigatus_AF100-12_35	0	0	0	0	scaffold_4	2913154	2963154
Aspergillus_fumigatus_AF100-12_35	15	14	1	0	scaffold_2	3883359	3933359
Aspergillus_fumigatus_AF100-12_35	18	18	0	0	scaffold_4	1589546	1639546
Aspergillus_fumigatus_AF100-12_35	17	16	1	0	scaffold_4	3151303	3201303
Aspergillus_fumigatus_AF100-12_35	17	17	0	0	scaffold_1	539702	589702
Aspergillus_fumigatus_AF100-12_35	14	13	1	0	scaffold_3	3196881	3246881
Aspergillus_fumigatus_AF100-12_35	19	18	1	0	scaffold_4	2149417	2199417
Aspergillus_fumigatus_AF100-12_35	9	9	0	0	scaffold_3	3690503	3740503
Aspergillus_fumigatus_AF100-12_35	21	21	0	0	scaffold_1	3759845	3809845
Aspergillus_fumigatus_AF100-12_35	16	15	1	0	scaffold_1	382047	432047
Aspergillus_fumigatus_AF100-12_35	23	22	1	0	scaffold_1	4645180	4695180
Aspergillus_fumigatus_AF100-12_35	16	16	0	0	scaffold_5	1971609	2021609
Aspergillus_fumigatus_AF100-12_35	17	16	1	0	scaffold_2	1977483	2027483
Aspergillus_fumigatus_AF100-12_35	16	16	0	0	scaffold_5	2003548	2053548
Aspergillus_fumigatus_AF100-12_35	21	20	1	0	scaffold_6	2858005	2908005
Aspergillus_fumigatus_AF100-12_35	11	10	1	0	scaffold_3	3292683	3342683
Aspergillus_fumigatus_AF100-12_35	18	16	2	0	scaffold_8	330479	380479
Aspergillus_fumigatus_AF100-12_35	13	10	3	0	scaffold_5	290037	340037
Aspergillus_fumigatus_AF100-12_35	18	17	1	0	scaffold_5	1784293	1834293
Aspergillus_fumigatus_AF100-12_35	13	13	0	0	scaffold_5	484853	534853
Aspergillus_fumigatus_AF100-12_35	18	17	1	0	scaffold_2	3136918	3186918
Aspergillus_fumigatus_AF100-12_35	19	18	1	0	scaffold_1	3019451	3069451
Aspergillus_fumigatus_AF100-12_35	20	20	0	0	scaffold_6	1808207	1858207
Aspergillus_fumigatus_AF100-12_35	18	17	1	0	scaffold_8	959511	1009511
Aspergillus_fumigatus_AF100-12_35	3	2	1	0	scaffold_8	786915	836915
Aspergillus_fumigatus_AF100-12_35	19	19	0	0	scaffold_1	437938	487938
Aspergillus_fumigatus_AF100-12_35	20	20	0	0	scaffold_2	3722499	3772499
Aspergillus_fumigatus_AF100-12_35	1	1	0	0	scaffold_1	1877201	1927201
Aspergillus_fumigatus_AF100-12_35	18	18	0	0	scaffold_3	3132848	3182848
Aspergillus_fumigatus_AF100-12_35	16	16	0	0	scaffold_3	1434360	1484360
Aspergillus_fumigatus_AF100-12_35	13	12	1	0	scaffold_1	1497705	1547705
Aspergillus_fumigatus_AF100-12_35	12	12	0	0	scaffold_6	397680	447680
Aspergillus_fumigatus_AF100-12_35	16	15	1	0	scaffold_6	3324532	3374532
Aspergillus_fumigatus_AF100-12_35	20	20	0	0	scaffold_3	3449391	3499391
Aspergillus_fumigatus_AF100-12_35	16	16	0	0	scaffold_1	517320	567320
Aspergillus_fumigatus_AF100-12_35	20	18	2	0	scaffold_7	1510300	1560300
Aspergillus_fumigatus_AF100-12_35	19	19	0	0	scaffold_3	945408	995408
Aspergillus_fumigatus_AF100-12_35	22	21	1	0	scaffold_5	895699	945699
Aspergillus_fumigatus_AF100-12_35	19	18	1	0	scaffold_1	122286	172286
Aspergillus_fumigatus_AF100-12_35	14	13	1	0	scaffold_4	2334921	2384921
Aspergillus_fumigatus_AF100-12_35	18	17	1	0	scaffold_6	345937	395937
Aspergillus_fumigatus_AF100-12_35	17	17	0	0	scaffold_4	1919424	1969424
Aspergillus_fumigatus_AF100-12_35	20	17	3	0	scaffold_2	513823	563823
Aspergillus_fumigatus_AF100-12_35	15	15	0	0	scaffold_6	2813991	2863991
Aspergillus_fumigatus_AF100-12_35	20	18	2	0	scaffold_7	335964	385964
Aspergillus_fumigatus_AF100-12_35	15	15	0	0	scaffold_5	1845854	1895854
Aspergillus_fumigatus_AF100-12_35	15	15	0	0	scaffold_7	614983	664983
Aspergillus_fumigatus_AF100-12_35	20	17	3	0	scaffold_1	4166503	4216503
Aspergillus_fumigatus_AF100-12_35	20	17	2	1	scaffold_7	1439067	1489067
Aspergillus_fumigatus_AF100-12_35	18	16	2	0	scaffold_5	1223854	1273854
Aspergillus_fumigatus_AF100-12_35	1	1	0	0	scaffold_4	3927805	3977805
Aspergillus_fumigatus_AF100-12_35	16	16	0	0	scaffold_2	3301450	3351450
Aspergillus_fumigatus_AF100-12_35	21	18	3	0	scaffold_1	2827957	2877957
Aspergillus_fumigatus_AF100-12_35	13	13	0	0	scaffold_3	2893151	2943151
Aspergillus_fumigatus_AF100-12_35	16	16	0	0	scaffold_2	813785	863785
Aspergillus_fumigatus_AF100-12_35	16	16	0	0	scaffold_2	1054589	1104589
Aspergillus_fumigatus_AF100-12_35	16	15	1	0	scaffold_1	1077900	1127900
Aspergillus_fumigatus_AF100-12_35	19	17	2	0	scaffold_3	1514119	1564119
Aspergillus_fumigatus_AF100-12_35	17	0	17	0	scaffold_1	4282539	4332539
Aspergillus_fumigatus_AF100-12_35	21	20	1	0	scaffold_5	2909920	2959920
Aspergillus_fumigatus_AF100-12_35	7	0	7	0	scaffold_7	1752950	1802950
Aspergillus_fumigatus_AF100-12_35	23	21	2	0	scaffold_4	1029390	1079390
Aspergillus_fumigatus_AF100-12_35	21	21	0	0	scaffold_4	3020169	3070169
Aspergillus_fumigatus_AF100-12_35	19	18	1	0	scaffold_5	2714206	2764206
Aspergillus_fumigatus_AF100-12_35	19	19	0	0	scaffold_2	3027275	3077275
Aspergillus_fumigatus_AF100-12_35	16	16	0	0	scaffold_4	3331826	3381826
Aspergillus_fumigatus_AF100-12_35	16	16	0	0	scaffold_7	854255	904255
Aspergillus_fumigatus_AF100-12_35	19	17	2	0	scaffold_8	1593929	1643929
Aspergillus_fumigatus_AF100-12_35	0	0	0	0	scaffold_5	179801	229801
Aspergillus_fumigatus_AF100-12_35	19	18	1	0	scaffold_2	591510	641510
Aspergillus_fumigatus_AF100-12_35	20	20	0	0	scaffold_4	679413	729413
Aspergillus_fumigatus_AF100-12_35	20	19	1	0	scaffold_6	47892	97892
Aspergillus_fumigatus_AF100-12_35	15	15	0	0	scaffold_3	3065440	3115440
Aspergillus_fumigatus_AF100-12_35	13	12	1	0	scaffold_3	1041546	1091546
Aspergillus_fumigatus_AF100-12_35	17	16	1	0	scaffold_1	3024018	3074018
Aspergillus_fumigatus_AF100-12_35	4	0	4	0	scaffold_7	1847839	1897839
Aspergillus_fumigatus_AF100-12_35	19	19	0	0	scaffold_5	1672889	1722889
Aspergillus_fumigatus_AF100-12_35	18	18	0	0	scaffold_3	231455	281455
Aspergillus_fumigatus_AF100-12_35	15	15	0	0	scaffold_1	2762578	2812578
Aspergillus_fumigatus_AF100-12_35	20	19	1	0	scaffold_1	2856499	2906499
Aspergillus_fumigatus_AF100-12_35	17	16	1	0	scaffold_1	2952094	3002094
Aspergillus_fumigatus_AF100-12_35	15	15	0	0	scaffold_7	995220	1045220
Aspergillus_fumigatus_AF100-12_35	21	20	1	0	scaffold_3	1100795	1150795
Aspergillus_fumigatus_AF100-12_35	15	15	0	0	scaffold_2	3975451	4025451
Aspergillus_fumigatus_AF100-12_35	19	18	1	0	scaffold_3	3883833	3933833
Aspergillus_fumigatus_AF100-12_35	20	18	2	0	scaffold_1	4702622	4752622
Aspergillus_fumigatus_AF100-12_35	14	10	4	0	scaffold_5	3038062	3088062
Aspergillus_fumigatus_AF100-12_35	21	17	4	0	scaffold_6	170857	220857
Aspergillus_fumigatus_AF100-12_35	10	10	0	0	scaffold_4	2756248	2806248
Aspergillus_fumigatus_AF100-12_35	23	22	1	0	scaffold_1	4648607	4698607
Aspergillus_fumigatus_AF100-12_35	20	20	0	0	scaffold_3	3861574	3911574
Aspergillus_fumigatus_AF100-12_35	15	15	0	0	scaffold_7	1240574	1290574
Aspergillus_fumigatus_AF100-12_35	17	17	0	0	scaffold_2	3687373	3737373
Aspergillus_fumigatus_AF100-12_35	18	18	0	0	scaffold_2	3336922	3386922
Aspergillus_fumigatus_AF100-12_35	17	17	0	0	scaffold_1	1238980	1288980
Aspergillus_fumigatus_AF100-12_35	20	19	1	0	scaffold_3	144005	194005
Aspergillus_fumigatus_AF100-12_35	18	17	1	0	scaffold_1	340730	390730
Aspergillus_fumigatus_AF100-12_35	18	17	1	0	scaffold_4	1726813	1776813
Aspergillus_fumigatus_AF100-12_35	19	19	0	0	scaffold_2	358691	408691
Aspergillus_fumigatus_AF100-12_35	15	15	0	0	scaffold_6	546733	596733
Aspergillus_fumigatus_AF100-12_35	17	17	0	0	scaffold_3	1713246	1763246
Aspergillus_fumigatus_AF100-12_35	20	18	2	0	scaffold_2	2446209	2496209
Aspergillus_fumigatus_AF100-12_35	15	14	1	0	scaffold_1	3720769	3770769
Aspergillus_fumigatus_AF100-12_35	23	19	4	0	scaffold_4	3786688	3836688
Aspergillus_fumigatus_AF100-12_35	19	17	2	0	scaffold_4	3438395	3488395
Aspergillus_fumigatus_AF100-12_35	18	17	1	0	scaffold_5	919575	969575
Aspergillus_fumigatus_AF100-12_35	21	20	1	0	scaffold_3	3775266	3825266
Aspergillus_fumigatus_AF100-12_35	22	22	0	0	scaffold_1	2148633	2198633
Aspergillus_fumigatus_AF100-12_35	21	21	0	0	scaffold_5	783472	833472
Aspergillus_fumigatus_AF100-12_35	17	16	1	0	scaffold_8	1001720	1051720
Aspergillus_fumigatus_AF100-12_35	21	5	16	0	scaffold_5	2264660	2314660
Aspergillus_fumigatus_AF100-12_35	17	14	3	0	scaffold_4	2001064	2051064
Aspergillus_fumigatus_AF100-12_35	16	16	0	0	scaffold_4	3519267	3569267
Aspergillus_fumigatus_AF100-12_35	22	22	0	0	scaffold_2	1696018	1746018
Aspergillus_fumigatus_AF100-12_35	20	19	1	0	scaffold_8	1187948	1237948
Aspergillus_fumigatus_AF100-12_35	16	16	0	0	scaffold_1	837585	887585
Aspergillus_fumigatus_AF100-12_35	17	15	2	0	scaffold_5	2417676	2467676
Aspergillus_fumigatus_AF100-12_35	17	17	0	0	scaffold_3	2509358	2559358
Aspergillus_fumigatus_AF100-12_35	24	20	4	0	scaffold_4	2703754	2753754
Aspergillus_fumigatus_AF100-12_35	17	16	1	0	scaffold_1	1928754	1978754
Aspergillus_fumigatus_AF100-12_35	14	13	1	0	scaffold_4	3135234	3185234
Aspergillus_fumigatus_AF100-12_35	13	0	13	0	scaffold_1	4323793	4373793
Aspergillus_fumigatus_AF100-12_35	13	11	2	0	scaffold_1	2043381	2093381
Aspergillus_fumigatus_AF100-12_35	20	19	1	0	scaffold_6	2528124	2578124
Aspergillus_fumigatus_AF100-12_35	18	18	0	0	scaffold_1	561712	611712
Aspergillus_fumigatus_AF100-12_35	15	15	0	0	scaffold_6	1738909	1788909
Aspergillus_fumigatus_AF100-12_35	17	15	2	0	scaffold_1	3648116	3698116
Aspergillus_fumigatus_AF100-12_35	18	18	0	0	scaffold_1	640167	690167
Aspergillus_fumigatus_AF100-12_35	20	15	5	0	scaffold_5	2991805	3041805
Aspergillus_fumigatus_AF100-12_35	19	19	0	0	scaffold_8	15173	65173
Aspergillus_fumigatus_AF100-12_35	20	20	0	0	scaffold_1	2506365	2556365
Aspergillus_fumigatus_AF100-12_35	13	12	1	0	scaffold_1	1489763	1539763
Aspergillus_fumigatus_AF100-12_35	19	17	2	0	scaffold_5	1216436	1266436
Aspergillus_fumigatus_AF100-12_35	19	19	0	0	scaffold_5	1034113	1084113
Aspergillus_fumigatus_AF100-12_35	17	17	0	0	scaffold_3	2495329	2545329
Aspergillus_fumigatus_AF100-12_35	12	12	0	0	scaffold_1	1123402	1173402
Aspergillus_fumigatus_AF100-12_35	15	15	0	0	scaffold_3	2505382	2555382
Aspergillus_fumigatus_AF100-12_35	23	22	1	0	scaffold_3	2293870	2343870
Aspergillus_fumigatus_AF100-12_35	10	10	0	0	scaffold_6	1403392	1453392
Aspergillus_fumigatus_AF100-12_35	21	21	0	0	scaffold_8	1430554	1480554
Aspergillus_fumigatus_AF100-12_35	17	17	0	0	scaffold_3	1719322	1769322
