STRAIN	TOTAL	CORE	ACCESSORY	SINGLETON	CHROM	START	END
Aspergillus_fumigatus_AFUG_082015-1200	38	30	8	0	scaffold_1	2939432	3039432
Aspergillus_fumigatus_AFUG_082015-1200	51	46	5	0	scaffold_3	3930822	4030822
Aspergillus_fumigatus_AFUG_082015-1200	32	31	1	0	scaffold_1	2707202	2807202
Aspergillus_fumigatus_AFUG_082015-1200	32	30	2	0	scaffold_4	2532624	2632624
Aspergillus_fumigatus_AFUG_082015-1200	37	32	5	0	scaffold_2	3382408	3482408
Aspergillus_fumigatus_AFUG_082015-1200	38	34	4	0	scaffold_5	816736	916736
Aspergillus_fumigatus_AFUG_082015-1200	32	29	3	0	scaffold_1	2615564	2715564
Aspergillus_fumigatus_AFUG_082015-1200	41	37	4	0	scaffold_4	2432991	2532991
Aspergillus_fumigatus_AFUG_082015-1200	49	37	12	0	scaffold_2	32537	132537
Aspergillus_fumigatus_AFUG_082015-1200	38	33	5	0	scaffold_2	3476514	3576514
Aspergillus_fumigatus_AFUG_082015-1200	43	38	5	0	scaffold_2	3628535	3728535
Aspergillus_fumigatus_AFUG_082015-1200	27	25	2	0	scaffold_2	1553318	1653318
Aspergillus_fumigatus_AFUG_082015-1200	31	28	3	0	scaffold_2	781507	881507
Aspergillus_fumigatus_AFUG_082015-1200	12	11	1	0	scaffold_2	1295658	1395658
Aspergillus_fumigatus_AFUG_082015-1200	22	22	0	0	scaffold_8	624253	724253
Aspergillus_fumigatus_AFUG_082015-1200	40	39	1	0	scaffold_1	1603030	1703030
Aspergillus_fumigatus_AFUG_082015-1200	31	27	4	0	scaffold_5	1757729	1857729
Aspergillus_fumigatus_AFUG_082015-1200	42	32	10	0	scaffold_4	146896	246896
Aspergillus_fumigatus_AFUG_082015-1200	43	43	0	0	scaffold_4	1737816	1837816
Aspergillus_fumigatus_AFUG_082015-1200	45	44	1	0	scaffold_3	1399548	1499548
Aspergillus_fumigatus_AFUG_082015-1200	37	34	3	0	scaffold_1	3128675	3228675
Aspergillus_fumigatus_AFUG_082015-1200	34	31	3	0	scaffold_5	1411783	1511783
Aspergillus_fumigatus_AFUG_082015-1200	39	35	4	0	scaffold_6	1450739	1550739
Aspergillus_fumigatus_AFUG_082015-1200	44	35	9	0	scaffold_5	1184483	1284483
Aspergillus_fumigatus_AFUG_082015-1200	36	32	4	0	scaffold_7	1585569	1685569
Aspergillus_fumigatus_AFUG_082015-1200	38	31	7	0	scaffold_2	2721051	2821051
Aspergillus_fumigatus_AFUG_082015-1200	42	33	9	0	scaffold_7	1521550	1621550
Aspergillus_fumigatus_AFUG_082015-1200	39	36	3	0	scaffold_5	1874370	1974370
Aspergillus_fumigatus_AFUG_082015-1200	39	34	5	0	scaffold_2	362645	462645
Aspergillus_fumigatus_AFUG_082015-1200	24	23	1	0	scaffold_4	1161817	1261817
Aspergillus_fumigatus_AFUG_082015-1200	37	34	3	0	scaffold_4	820366	920366
Aspergillus_fumigatus_AFUG_082015-1200	20	10	10	0	scaffold_3	967699	1067699
Aspergillus_fumigatus_AFUG_082015-1200	35	32	3	0	scaffold_5	3449814	3549814
Aspergillus_fumigatus_AFUG_082015-1200	37	32	5	0	scaffold_3	2424743	2524743
Aspergillus_fumigatus_AFUG_082015-1200	31	30	1	0	scaffold_4	3133641	3233641
Aspergillus_fumigatus_AFUG_082015-1200	38	36	2	0	scaffold_1	2728193	2828193
Aspergillus_fumigatus_AFUG_082015-1200	35	31	4	0	scaffold_1	3319141	3419141
Aspergillus_fumigatus_AFUG_082015-1200	34	31	3	0	scaffold_1	683401	783401
Aspergillus_fumigatus_AFUG_082015-1200	29	26	3	0	scaffold_4	2862743	2962743
Aspergillus_fumigatus_AFUG_082015-1200	31	26	5	0	scaffold_5	3236317	3336317
Aspergillus_fumigatus_AFUG_082015-1200	29	28	1	0	scaffold_4	1364548	1464548
Aspergillus_fumigatus_AFUG_082015-1200	42	36	6	0	scaffold_1	3576374	3676374
Aspergillus_fumigatus_AFUG_082015-1200	29	27	2	0	scaffold_4	1395195	1495195
Aspergillus_fumigatus_AFUG_082015-1200	40	17	23	0	scaffold_2	4033257	4133257
Aspergillus_fumigatus_AFUG_082015-1200	39	33	6	0	scaffold_2	212790	312790
Aspergillus_fumigatus_AFUG_082015-1200	34	32	2	0	scaffold_4	2505737	2605737
Aspergillus_fumigatus_AFUG_082015-1200	42	39	3	0	scaffold_7	1076936	1176936
Aspergillus_fumigatus_AFUG_082015-1200	37	34	3	0	scaffold_8	1361790	1461790
Aspergillus_fumigatus_AFUG_082015-1200	42	31	11	0	scaffold_6	2576728	2676728
Aspergillus_fumigatus_AFUG_082015-1200	29	28	1	0	scaffold_8	593656	693656
Aspergillus_fumigatus_AFUG_082015-1200	40	38	2	0	scaffold_6	932557	1032557
Aspergillus_fumigatus_AFUG_082015-1200	26	23	3	0	scaffold_6	1215498	1315498
Aspergillus_fumigatus_AFUG_082015-1200	46	42	4	0	scaffold_1	2146325	2246325
Aspergillus_fumigatus_AFUG_082015-1200	36	34	2	0	scaffold_7	1182900	1282900
Aspergillus_fumigatus_AFUG_082015-1200	22	19	3	0	scaffold_6	210731	310731
Aspergillus_fumigatus_AFUG_082015-1200	39	34	5	0	scaffold_7	1356509	1456509
Aspergillus_fumigatus_AFUG_082015-1200	38	31	7	0	scaffold_3	3714538	3814538
Aspergillus_fumigatus_AFUG_082015-1200	38	33	5	0	scaffold_2	2892574	2992574
Aspergillus_fumigatus_AFUG_082015-1200	42	37	5	0	scaffold_3	1652800	1752800
Aspergillus_fumigatus_AFUG_082015-1200	40	36	4	0	scaffold_6	1280100	1380100
Aspergillus_fumigatus_AFUG_082015-1200	32	32	0	0	scaffold_5	2265508	2365508
Aspergillus_fumigatus_AFUG_082015-1200	35	33	2	0	scaffold_5	2414759	2514759
Aspergillus_fumigatus_AFUG_082015-1200	32	26	6	0	scaffold_1	2864293	2964293
Aspergillus_fumigatus_AFUG_082015-1200	45	44	1	0	scaffold_4	3468958	3568958
Aspergillus_fumigatus_AFUG_082015-1200	40	32	8	0	scaffold_5	1248664	1348664
Aspergillus_fumigatus_AFUG_082015-1200	35	31	4	0	scaffold_2	883297	983297
Aspergillus_fumigatus_AFUG_082015-1200	42	31	11	0	scaffold_6	2568114	2668114
Aspergillus_fumigatus_AFUG_082015-1200	30	29	1	0	scaffold_2	2512945	2612945
Aspergillus_fumigatus_AFUG_082015-1200	42	38	4	0	scaffold_1	3747515	3847515
Aspergillus_fumigatus_AFUG_082015-1200	45	40	5	0	scaffold_1	2508568	2608568
Aspergillus_fumigatus_AFUG_082015-1200	40	28	12	0	scaffold_4	2602384	2702384
Aspergillus_fumigatus_AFUG_082015-1200	37	30	7	0	scaffold_8	339083	439083
Aspergillus_fumigatus_AFUG_082015-1200	49	46	3	0	scaffold_3	3922930	4022930
Aspergillus_fumigatus_AFUG_082015-1200	41	36	5	0	scaffold_4	263178	363178
Aspergillus_fumigatus_AFUG_082015-1200	40	31	9	0	scaffold_5	1229754	1329754
Aspergillus_fumigatus_AFUG_082015-1200	29	28	1	0	scaffold_3	905207	1005207
Aspergillus_fumigatus_AFUG_082015-1200	33	32	1	0	scaffold_2	1687284	1787284
Aspergillus_fumigatus_AFUG_082015-1200	37	34	3	0	scaffold_2	1118141	1218141
Aspergillus_fumigatus_AFUG_082015-1200	33	26	7	0	scaffold_1	2877227	2977227
Aspergillus_fumigatus_AFUG_082015-1200	32	31	1	0	scaffold_1	726001	826001
Aspergillus_fumigatus_AFUG_082015-1200	32	31	1	0	scaffold_3	3494500	3594500
Aspergillus_fumigatus_AFUG_082015-1200	45	36	9	0	scaffold_6	2536936	2636936
Aspergillus_fumigatus_AFUG_082015-1200	40	34	6	0	scaffold_3	2206277	2306277
Aspergillus_fumigatus_AFUG_082015-1200	33	26	7	0	scaffold_1	575729	675729
Aspergillus_fumigatus_AFUG_082015-1200	36	29	7	0	scaffold_8	1071367	1171367
Aspergillus_fumigatus_AFUG_082015-1200	42	38	4	0	scaffold_3	2057069	2157069
Aspergillus_fumigatus_AFUG_082015-1200	38	33	5	0	scaffold_2	3003600	3103600
Aspergillus_fumigatus_AFUG_082015-1200	38	35	3	0	scaffold_6	1516082	1616082
Aspergillus_fumigatus_AFUG_082015-1200	34	32	2	0	scaffold_1	503288	603288
Aspergillus_fumigatus_AFUG_082015-1200	39	37	2	0	scaffold_4	982484	1082484
Aspergillus_fumigatus_AFUG_082015-1200	38	35	3	0	scaffold_3	3277681	3377681
Aspergillus_fumigatus_AFUG_082015-1200	36	36	0	0	scaffold_1	4440419	4540419
Aspergillus_fumigatus_AFUG_082015-1200	39	35	4	0	scaffold_3	557210	657210
Aspergillus_fumigatus_AFUG_082015-1200	34	30	4	0	scaffold_5	2996981	3096981
Aspergillus_fumigatus_AFUG_082015-1200	33	30	3	0	scaffold_6	2065781	2165781
Aspergillus_fumigatus_AFUG_082015-1200	32	29	3	0	scaffold_4	2789000	2889000
Aspergillus_fumigatus_AFUG_082015-1200	32	31	1	0	scaffold_5	1037503	1137503
Aspergillus_fumigatus_AFUG_082015-1200	45	40	5	0	scaffold_8	154852	254852
Aspergillus_fumigatus_AFUG_082015-1200	33	31	2	0	scaffold_2	1581625	1681625
Aspergillus_fumigatus_AFUG_082015-1200	36	33	3	0	scaffold_5	1546477	1646477
Aspergillus_fumigatus_AFUG_082015-1200	37	34	3	0	scaffold_6	1589389	1689389
Aspergillus_fumigatus_AFUG_082015-1200	37	34	3	0	scaffold_7	1035419	1135419
Aspergillus_fumigatus_AFUG_082015-1200	45	37	7	1	scaffold_5	102160	202160
Aspergillus_fumigatus_AFUG_082015-1200	39	38	1	0	scaffold_4	1283237	1383237
Aspergillus_fumigatus_AFUG_082015-1200	38	36	2	0	scaffold_6	473199	573199
Aspergillus_fumigatus_AFUG_082015-1200	41	38	3	0	scaffold_4	1871697	1971697
Aspergillus_fumigatus_AFUG_082015-1200	36	31	5	0	scaffold_4	538942	638942
Aspergillus_fumigatus_AFUG_082015-1200	49	43	6	0	scaffold_6	2290057	2390057
Aspergillus_fumigatus_AFUG_082015-1200	28	27	1	0	scaffold_3	2706165	2806165
Aspergillus_fumigatus_AFUG_082015-1200	38	31	7	0	scaffold_2	3335989	3435989
Aspergillus_fumigatus_AFUG_082015-1200	36	36	0	0	scaffold_5	2291807	2391807
Aspergillus_fumigatus_AFUG_082015-1200	36	36	0	0	scaffold_5	2221445	2321445
Aspergillus_fumigatus_AFUG_082015-1200	47	44	3	0	scaffold_3	192462	292462
Aspergillus_fumigatus_AFUG_082015-1200	42	38	4	0	scaffold_6	1463903	1563903
Aspergillus_fumigatus_AFUG_082015-1200	29	26	3	0	scaffold_2	1567747	1667747
Aspergillus_fumigatus_AFUG_082015-1200	28	23	5	0	scaffold_4	403930	503930
Aspergillus_fumigatus_AFUG_082015-1200	39	34	5	0	scaffold_5	1353775	1453775
Aspergillus_fumigatus_AFUG_082015-1200	35	34	1	0	scaffold_5	3526300	3626300
Aspergillus_fumigatus_AFUG_082015-1200	8	8	0	0	scaffold_3	1030493	1130493
Aspergillus_fumigatus_AFUG_082015-1200	40	34	6	0	scaffold_6	2333093	2433093
Aspergillus_fumigatus_AFUG_082015-1200	31	25	6	0	scaffold_4	2093146	2193146
Aspergillus_fumigatus_AFUG_082015-1200	37	33	4	0	scaffold_5	2726544	2826544
Aspergillus_fumigatus_AFUG_082015-1200	32	28	4	0	scaffold_1	3609441	3709441
Aspergillus_fumigatus_AFUG_082015-1200	41	35	6	0	scaffold_3	1729085	1829085
Aspergillus_fumigatus_AFUG_082015-1200	43	39	4	0	scaffold_2	4416027	4516027
Aspergillus_fumigatus_AFUG_082015-1200	17	14	3	0	scaffold_6	171671	271671
Aspergillus_fumigatus_AFUG_082015-1200	35	34	1	0	scaffold_2	1699309	1799309
Aspergillus_fumigatus_AFUG_082015-1200	32	30	2	0	scaffold_4	1421193	1521193
Aspergillus_fumigatus_AFUG_082015-1200	15	14	1	0	scaffold_8	671078	771078
Aspergillus_fumigatus_AFUG_082015-1200	37	31	6	0	scaffold_6	1097738	1197738
Aspergillus_fumigatus_AFUG_082015-1200	42	39	3	0	scaffold_6	1497254	1597254
Aspergillus_fumigatus_AFUG_082015-1200	38	13	25	0	scaffold_2	4046267	4146267
Aspergillus_fumigatus_AFUG_082015-1200	36	23	13	0	scaffold_3	436308	536308
Aspergillus_fumigatus_AFUG_082015-1200	36	36	0	0	scaffold_1	4192718	4292718
Aspergillus_fumigatus_AFUG_082015-1200	39	34	5	0	scaffold_2	4386330	4486330
Aspergillus_fumigatus_AFUG_082015-1200	44	41	3	0	scaffold_7	162042	262042
Aspergillus_fumigatus_AFUG_082015-1200	46	42	4	0	scaffold_2	1905516	2005516
Aspergillus_fumigatus_AFUG_082015-1200	39	0	39	0	scaffold_2	4202006	4302006
Aspergillus_fumigatus_AFUG_082015-1200	39	32	7	0	scaffold_2	1145814	1245814
Aspergillus_fumigatus_AFUG_082015-1200	37	34	2	1	scaffold_3	3226177	3326177
Aspergillus_fumigatus_AFUG_082015-1200	36	36	0	0	scaffold_1	4196340	4296340
Aspergillus_fumigatus_AFUG_082015-1200	37	29	8	0	scaffold_3	3706756	3806756
Aspergillus_fumigatus_AFUG_082015-1200	34	32	2	0	scaffold_1	486626	586626
Aspergillus_fumigatus_AFUG_082015-1200	38	34	4	0	scaffold_3	2434817	2534817
Aspergillus_fumigatus_AFUG_082015-1200	41	38	3	0	scaffold_4	2959107	3059107
Aspergillus_fumigatus_AFUG_082015-1200	28	26	2	0	scaffold_1	661066	761066
Aspergillus_fumigatus_AFUG_082015-1200	47	41	6	0	scaffold_2	1843797	1943797
Aspergillus_fumigatus_AFUG_082015-1200	34	0	34	0	scaffold_2	4126930	4226930
Aspergillus_fumigatus_AFUG_082015-1200	41	36	5	0	scaffold_4	3882170	3982170
Aspergillus_fumigatus_AFUG_082015-1200	37	31	6	0	scaffold_8	1265445	1365445
Aspergillus_fumigatus_AFUG_082015-1200	32	30	2	0	scaffold_3	1172896	1272896
Aspergillus_fumigatus_AFUG_082015-1200	30	28	2	0	scaffold_5	879795	979795
Aspergillus_fumigatus_AFUG_082015-1200	37	36	1	0	scaffold_1	256498	356498
Aspergillus_fumigatus_AFUG_082015-1200	35	33	2	0	scaffold_8	1356069	1456069
Aspergillus_fumigatus_AFUG_082015-1200	35	35	0	0	scaffold_2	613203	713203
Aspergillus_fumigatus_AFUG_082015-1200	35	30	5	0	scaffold_6	1762787	1862787
Aspergillus_fumigatus_AFUG_082015-1200	12	11	1	0	scaffold_4	1137310	1237310
Aspergillus_fumigatus_AFUG_082015-1200	38	35	3	0	scaffold_8	954818	1054818
Aspergillus_fumigatus_AFUG_082015-1200	38	34	4	0	scaffold_2	2873890	2973890
Aspergillus_fumigatus_AFUG_082015-1200	40	39	1	0	scaffold_4	1702298	1802298
Aspergillus_fumigatus_AFUG_082015-1200	33	31	2	0	scaffold_5	3629343	3729343
Aspergillus_fumigatus_AFUG_082015-1200	38	37	1	0	scaffold_3	3532130	3632130
Aspergillus_fumigatus_AFUG_082015-1200	31	29	2	0	scaffold_5	646697	746697
Aspergillus_fumigatus_AFUG_082015-1200	36	32	4	0	scaffold_3	2973834	3073834
Aspergillus_fumigatus_AFUG_082015-1200	39	35	4	0	scaffold_2	1761460	1861460
Aspergillus_fumigatus_AFUG_082015-1200	30	27	3	0	scaffold_1	2265405	2365405
Aspergillus_fumigatus_AFUG_082015-1200	41	37	4	0	scaffold_6	685913	785913
Aspergillus_fumigatus_AFUG_082015-1200	36	36	0	0	scaffold_2	596983	696983
Aspergillus_fumigatus_AFUG_082015-1200	34	34	0	0	scaffold_1	4156311	4256311
Aspergillus_fumigatus_AFUG_082015-1200	36	27	9	0	scaffold_6	2602258	2702258
Aspergillus_fumigatus_AFUG_082015-1200	39	36	3	0	scaffold_3	576361	676361
Aspergillus_fumigatus_AFUG_082015-1200	43	40	3	0	scaffold_7	1104671	1204671
Aspergillus_fumigatus_AFUG_082015-1200	43	41	2	0	scaffold_8	1398541	1498541
Aspergillus_fumigatus_AFUG_082015-1200	38	36	2	0	scaffold_4	1535163	1635163
Aspergillus_fumigatus_AFUG_082015-1200	33	29	4	0	scaffold_1	4639512	4739512
Aspergillus_fumigatus_AFUG_082015-1200	44	38	6	0	scaffold_6	2494217	2594217
Aspergillus_fumigatus_AFUG_082015-1200	32	26	6	0	scaffold_6	251607	351607
Aspergillus_fumigatus_AFUG_082015-1200	40	37	3	0	scaffold_6	2151881	2251881
Aspergillus_fumigatus_AFUG_082015-1200	43	34	9	0	scaffold_5	1209555	1309555
Aspergillus_fumigatus_AFUG_082015-1200	34	30	4	0	scaffold_4	2310777	2410777
Aspergillus_fumigatus_AFUG_082015-1200	35	34	1	0	scaffold_1	784241	884241
Aspergillus_fumigatus_AFUG_082015-1200	37	34	3	0	scaffold_5	1899746	1999746
Aspergillus_fumigatus_AFUG_082015-1200	34	32	2	0	scaffold_1	1353614	1453614
Aspergillus_fumigatus_AFUG_082015-1200	41	37	4	0	scaffold_1	154277	254277
Aspergillus_fumigatus_AFUG_082015-1200	39	34	5	0	scaffold_8	1197080	1297080
Aspergillus_fumigatus_AFUG_082015-1200	32	29	3	0	scaffold_6	1643061	1743061
Aspergillus_fumigatus_AFUG_082015-1200	34	31	3	0	scaffold_5	3426077	3526077
Aspergillus_fumigatus_AFUG_082015-1200	42	38	4	0	scaffold_3	229477	329477
Aspergillus_fumigatus_AFUG_082015-1200	33	28	5	0	scaffold_3	3469790	3569790
Aspergillus_fumigatus_AFUG_082015-1200	35	31	4	0	scaffold_3	1887682	1987682
Aspergillus_fumigatus_AFUG_082015-1200	45	41	4	0	scaffold_3	2114708	2214708
Aspergillus_fumigatus_AFUG_082015-1200	38	36	2	0	scaffold_5	1619382	1719382
Aspergillus_fumigatus_AFUG_082015-1200	34	34	0	0	scaffold_5	417351	517351
Aspergillus_fumigatus_AFUG_082015-1200	40	34	6	0	scaffold_6	2348574	2448574
Aspergillus_fumigatus_AFUG_082015-1200	36	32	4	0	scaffold_1	1199428	1299428
Aspergillus_fumigatus_AFUG_082015-1200	36	31	5	0	scaffold_3	2304089	2404089
Aspergillus_fumigatus_AFUG_082015-1200	36	34	1	1	scaffold_3	3213911	3313911
Aspergillus_fumigatus_AFUG_082015-1200	38	32	6	0	scaffold_2	3826077	3926077
Aspergillus_fumigatus_AFUG_082015-1200	44	40	4	0	scaffold_3	850202	950202
Aspergillus_fumigatus_AFUG_082015-1200	35	29	6	0	scaffold_3	3673701	3773701
Aspergillus_fumigatus_AFUG_082015-1200	41	6	35	0	scaffold_2	4247828	4347828
Aspergillus_fumigatus_AFUG_082015-1200	32	31	1	0	scaffold_5	970913	1070913
Aspergillus_fumigatus_AFUG_082015-1200	36	35	1	0	scaffold_3	2526538	2626538
Aspergillus_fumigatus_AFUG_082015-1200	41	38	3	0	scaffold_6	456817	556817
Aspergillus_fumigatus_AFUG_082015-1200	40	34	6	0	scaffold_7	262009	362009
Aspergillus_fumigatus_AFUG_082015-1200	37	32	5	0	scaffold_2	250663	350663
Aspergillus_fumigatus_AFUG_082015-1200	42	39	3	0	scaffold_6	531175	631175
Aspergillus_fumigatus_AFUG_082015-1200	35	30	5	0	scaffold_2	3370585	3470585
Aspergillus_fumigatus_AFUG_082015-1200	36	30	6	0	scaffold_6	2657339	2757339
Aspergillus_fumigatus_AFUG_082015-1200	37	34	3	0	scaffold_4	2487312	2587312
Aspergillus_fumigatus_AFUG_082015-1200	33	28	5	0	scaffold_1	1148975	1248975
Aspergillus_fumigatus_AFUG_082015-1200	6	6	0	0	scaffold_3	1021748	1121748
Aspergillus_fumigatus_AFUG_082015-1200	33	32	1	0	scaffold_5	987299	1087299
Aspergillus_fumigatus_AFUG_082015-1200	39	37	2	0	scaffold_5	2884956	2984956
Aspergillus_fumigatus_AFUG_082015-1200	42	35	7	0	scaffold_4	2675205	2775205
Aspergillus_fumigatus_AFUG_082015-1200	45	40	5	0	scaffold_1	2423494	2523494
Aspergillus_fumigatus_AFUG_082015-1200	31	29	2	0	scaffold_1	4253978	4353978
Aspergillus_fumigatus_AFUG_082015-1200	39	38	1	0	scaffold_1	324860	424860
Aspergillus_fumigatus_AFUG_082015-1200	32	29	3	0	scaffold_8	1299288	1399288
Aspergillus_fumigatus_AFUG_082015-1200	39	35	4	0	scaffold_4	1902358	2002358
Aspergillus_fumigatus_AFUG_082015-1200	37	32	5	0	scaffold_1	441920	541920
Aspergillus_fumigatus_AFUG_082015-1200	34	27	7	0	scaffold_2	3287930	3387930
Aspergillus_fumigatus_AFUG_082015-1200	36	32	4	0	scaffold_1	3290670	3390670
Aspergillus_fumigatus_AFUG_082015-1200	27	24	3	0	scaffold_2	1556290	1656290
Aspergillus_fumigatus_AFUG_082015-1200	45	37	7	1	scaffold_5	99150	199150
Aspergillus_fumigatus_AFUG_082015-1200	40	39	1	0	scaffold_1	315987	415987
Aspergillus_fumigatus_AFUG_082015-1200	35	34	1	0	scaffold_1	988260	1088260
Aspergillus_fumigatus_AFUG_082015-1200	37	33	4	0	scaffold_4	1978394	2078394
Aspergillus_fumigatus_AFUG_082015-1200	36	32	4	0	scaffold_2	2573994	2673994
Aspergillus_fumigatus_AFUG_082015-1200	35	34	1	0	scaffold_6	984634	1084634
Aspergillus_fumigatus_AFUG_082015-1200	52	47	5	0	scaffold_3	3934256	4034256
Aspergillus_fumigatus_AFUG_082015-1200	29	28	1	0	scaffold_4	3162787	3262787
Aspergillus_fumigatus_AFUG_082015-1200	46	41	5	0	scaffold_1	2174748	2274748
Aspergillus_fumigatus_AFUG_082015-1200	41	35	6	0	scaffold_2	3152810	3252810
Aspergillus_fumigatus_AFUG_082015-1200	27	25	2	0	scaffold_6	1125068	1225068
Aspergillus_fumigatus_AFUG_082015-1200	36	34	2	0	scaffold_5	2575196	2675196
Aspergillus_fumigatus_AFUG_082015-1200	44	41	3	0	scaffold_6	2750212	2850212
Aspergillus_fumigatus_AFUG_082015-1200	38	36	2	0	scaffold_2	2274280	2374280
Aspergillus_fumigatus_AFUG_082015-1200	40	34	6	0	scaffold_6	305262	405262
Aspergillus_fumigatus_AFUG_082015-1200	51	41	10	0	scaffold_7	1450471	1550471
Aspergillus_fumigatus_AFUG_082015-1200	41	36	5	0	scaffold_8	309366	409366
Aspergillus_fumigatus_AFUG_082015-1200	33	33	0	0	scaffold_5	629847	729847
Aspergillus_fumigatus_AFUG_082015-1200	37	37	0	0	scaffold_2	670543	770543
Aspergillus_fumigatus_AFUG_082015-1200	41	40	1	0	scaffold_1	1524729	1624729
Aspergillus_fumigatus_AFUG_082015-1200	43	39	4	0	scaffold_1	2526849	2626849
Aspergillus_fumigatus_AFUG_082015-1200	36	33	3	0	scaffold_6	412084	512084
Aspergillus_fumigatus_AFUG_082015-1200	37	30	7	0	scaffold_4	3893301	3993301
Aspergillus_fumigatus_AFUG_082015-1200	49	46	3	0	scaffold_4	676252	776252
Aspergillus_fumigatus_AFUG_082015-1200	27	25	2	0	scaffold_5	661005	761005
Aspergillus_fumigatus_AFUG_082015-1200	35	33	2	0	scaffold_6	2842340	2942340
Aspergillus_fumigatus_AFUG_082015-1200	43	38	5	0	scaffold_1	133104	233104
Aspergillus_fumigatus_AFUG_082015-1200	37	30	7	0	scaffold_8	334080	434080
Aspergillus_fumigatus_AFUG_082015-1200	41	37	4	0	scaffold_6	1264502	1364502
Aspergillus_fumigatus_AFUG_082015-1200	34	28	6	0	scaffold_2	3254011	3354011
Aspergillus_fumigatus_AFUG_082015-1200	44	40	4	0	scaffold_4	227665	327665
Aspergillus_fumigatus_AFUG_082015-1200	34	33	1	0	scaffold_5	3561394	3661394
Aspergillus_fumigatus_AFUG_082015-1200	33	32	1	0	scaffold_5	974772	1074772
Aspergillus_fumigatus_AFUG_082015-1200	39	36	3	0	scaffold_4	1210661	1310661
Aspergillus_fumigatus_AFUG_082015-1200	33	31	2	0	scaffold_1	519537	619537
Aspergillus_fumigatus_AFUG_082015-1200	37	34	3	0	scaffold_7	1117315	1217315
Aspergillus_fumigatus_AFUG_082015-1200	37	31	6	0	scaffold_5	1273130	1373130
Aspergillus_fumigatus_AFUG_082015-1200	37	35	2	0	scaffold_5	2853494	2953494
Aspergillus_fumigatus_AFUG_082015-1200	41	37	4	0	scaffold_3	226066	326066
Aspergillus_fumigatus_AFUG_082015-1200	36	32	4	0	scaffold_1	1343487	1443487
Aspergillus_fumigatus_AFUG_082015-1200	42	36	6	0	scaffold_2	327495	427495
Aspergillus_fumigatus_AFUG_082015-1200	30	24	6	0	scaffold_7	873437	973437
Aspergillus_fumigatus_AFUG_082015-1200	41	37	4	0	scaffold_4	1887077	1987077
Aspergillus_fumigatus_AFUG_082015-1200	22	20	2	0	scaffold_3	1076054	1176054
Aspergillus_fumigatus_AFUG_082015-1200	32	32	0	0	scaffold_4	3582420	3682420
Aspergillus_fumigatus_AFUG_082015-1200	35	31	4	0	scaffold_1	3257492	3357492
Aspergillus_fumigatus_AFUG_082015-1200	52	34	18	0	scaffold_6	19832	119832
Aspergillus_fumigatus_AFUG_082015-1200	29	28	1	0	scaffold_8	604511	704511
Aspergillus_fumigatus_AFUG_082015-1200	37	36	1	0	scaffold_4	3516417	3616417
Aspergillus_fumigatus_AFUG_082015-1200	35	35	0	0	scaffold_1	4208681	4308681
Aspergillus_fumigatus_AFUG_082015-1200	42	37	5	0	scaffold_1	2560718	2660718
Aspergillus_fumigatus_AFUG_082015-1200	38	35	3	0	scaffold_5	3478412	3578412
Aspergillus_fumigatus_AFUG_082015-1200	20	17	3	0	scaffold_8	724997	824997
Aspergillus_fumigatus_AFUG_082015-1200	30	22	8	0	scaffold_5	3289296	3389296
Aspergillus_fumigatus_AFUG_082015-1200	36	35	1	0	scaffold_3	3564724	3664724
Aspergillus_fumigatus_AFUG_082015-1200	33	31	2	0	scaffold_2	2296999	2396999
Aspergillus_fumigatus_AFUG_082015-1200	40	38	2	0	scaffold_6	675579	775579
Aspergillus_fumigatus_AFUG_082015-1200	40	35	5	0	scaffold_5	3348670	3448670
Aspergillus_fumigatus_AFUG_082015-1200	35	35	0	0	scaffold_5	2293847	2393847
Aspergillus_fumigatus_AFUG_082015-1200	34	32	2	0	scaffold_2	1583942	1683942
Aspergillus_fumigatus_AFUG_082015-1200	40	36	4	0	scaffold_1	3527015	3627015
Aspergillus_fumigatus_AFUG_082015-1200	37	32	5	0	scaffold_1	449478	549478
Aspergillus_fumigatus_AFUG_082015-1200	43	34	9	0	scaffold_5	1194641	1294641
Aspergillus_fumigatus_AFUG_082015-1200	39	33	6	0	scaffold_3	3729638	3829638
Aspergillus_fumigatus_AFUG_082015-1200	43	38	5	0	scaffold_1	2564223	2664223
Aspergillus_fumigatus_AFUG_082015-1200	40	31	9	0	scaffold_2	3984131	4084131
Aspergillus_fumigatus_AFUG_082015-1200	44	39	5	0	scaffold_6	2311096	2411096
Aspergillus_fumigatus_AFUG_082015-1200	33	32	1	0	scaffold_2	712620	812620
Aspergillus_fumigatus_AFUG_082015-1200	21	11	10	0	scaffold_3	962925	1062925
Aspergillus_fumigatus_AFUG_082015-1200	39	34	5	0	scaffold_4	3886208	3986208
Aspergillus_fumigatus_AFUG_082015-1200	32	27	5	0	scaffold_1	2860972	2960972
Aspergillus_fumigatus_AFUG_082015-1200	29	25	4	0	scaffold_7	726194	826194
Aspergillus_fumigatus_AFUG_082015-1200	38	36	2	0	scaffold_1	2738589	2838589
Aspergillus_fumigatus_AFUG_082015-1200	36	35	1	0	scaffold_6	1342814	1442814
Aspergillus_fumigatus_AFUG_082015-1200	39	37	2	0	scaffold_5	3499874	3599874
Aspergillus_fumigatus_AFUG_082015-1200	39	32	7	0	scaffold_4	196708	296708
Aspergillus_fumigatus_AFUG_082015-1200	34	32	2	0	scaffold_3	3505044	3605044
Aspergillus_fumigatus_AFUG_082015-1200	39	32	7	0	scaffold_1	2932908	3032908
Aspergillus_fumigatus_AFUG_082015-1200	40	33	7	0	scaffold_2	209305	309305
Aspergillus_fumigatus_AFUG_082015-1200	34	30	4	0	scaffold_2	1451516	1551516
Aspergillus_fumigatus_AFUG_082015-1200	39	31	8	0	scaffold_2	1171346	1271346
Aspergillus_fumigatus_AFUG_082015-1200	35	30	5	0	scaffold_5	1300426	1400426
Aspergillus_fumigatus_AFUG_082015-1200	38	35	3	0	scaffold_7	1147135	1247135
Aspergillus_fumigatus_AFUG_082015-1200	33	33	0	0	scaffold_2	655974	755974
Aspergillus_fumigatus_AFUG_082015-1200	34	30	4	0	scaffold_7	1321151	1421151
Aspergillus_fumigatus_AFUG_082015-1200	43	34	9	0	scaffold_5	3787632	3887632
Aspergillus_fumigatus_AFUG_082015-1200	35	29	6	0	scaffold_7	1534666	1634666
Aspergillus_fumigatus_AFUG_082015-1200	30	28	2	0	scaffold_5	904446	1004446
Aspergillus_fumigatus_AFUG_082015-1200	39	29	10	0	scaffold_4	141255	241255
Aspergillus_fumigatus_AFUG_082015-1200	37	36	1	0	scaffold_2	559729	659729
Aspergillus_fumigatus_AFUG_082015-1200	41	37	4	0	scaffold_1	1451499	1551499
Aspergillus_fumigatus_AFUG_082015-1200	43	37	6	0	scaffold_1	4530478	4630478
Aspergillus_fumigatus_AFUG_082015-1200	42	37	5	0	scaffold_1	4512294	4612294
Aspergillus_fumigatus_AFUG_082015-1200	27	26	1	0	scaffold_1	2690496	2790496
Aspergillus_fumigatus_AFUG_082015-1200	44	34	10	0	scaffold_5	3771420	3871420
Aspergillus_fumigatus_AFUG_082015-1200	36	31	5	0	scaffold_5	1289094	1389094
Aspergillus_fumigatus_AFUG_082015-1200	30	27	3	0	scaffold_4	1378225	1478225
Aspergillus_fumigatus_AFUG_082015-1200	44	35	9	0	scaffold_2	3886257	3986257
Aspergillus_fumigatus_AFUG_082015-1200	33	30	3	0	scaffold_4	2283487	2383487
Aspergillus_fumigatus_AFUG_082015-1200	37	31	6	0	scaffold_2	3824589	3924589
Aspergillus_fumigatus_AFUG_082015-1200	46	37	9	0	scaffold_8	1107617	1207617
Aspergillus_fumigatus_AFUG_082015-1200	37	35	2	0	scaffold_4	3722965	3822965
Aspergillus_fumigatus_AFUG_082015-1200	7	7	0	0	scaffold_1	1898324	1998324
Aspergillus_fumigatus_AFUG_082015-1200	46	39	7	0	scaffold_8	1457657	1557657
Aspergillus_fumigatus_AFUG_082015-1200	36	34	2	0	scaffold_6	1563609	1663609
Aspergillus_fumigatus_AFUG_082015-1200	33	29	4	0	scaffold_1	3612631	3712631
Aspergillus_fumigatus_AFUG_082015-1200	34	33	1	0	scaffold_1	772903	872903
Aspergillus_fumigatus_AFUG_082015-1200	43	36	7	0	scaffold_5	2039285	2139285
Aspergillus_fumigatus_AFUG_082015-1200	38	36	2	0	scaffold_2	2174037	2274037
Aspergillus_fumigatus_AFUG_082015-1200	31	30	1	0	scaffold_5	3607111	3707111
Aspergillus_fumigatus_AFUG_082015-1200	37	31	6	0	scaffold_2	164946	264946
Aspergillus_fumigatus_AFUG_082015-1200	40	38	2	0	scaffold_6	800821	900821
Aspergillus_fumigatus_AFUG_082015-1200	39	33	6	0	scaffold_3	3983554	4083554
Aspergillus_fumigatus_AFUG_082015-1200	37	36	1	0	scaffold_3	3570977	3670977
Aspergillus_fumigatus_AFUG_082015-1200	36	30	6	0	scaffold_7	469907	569907
Aspergillus_fumigatus_AFUG_082015-1200	32	27	5	0	scaffold_4	2074278	2174278
Aspergillus_fumigatus_AFUG_082015-1200	40	35	5	0	scaffold_2	1930326	2030326
Aspergillus_fumigatus_AFUG_082015-1200	37	36	1	0	scaffold_6	2690981	2790981
Aspergillus_fumigatus_AFUG_082015-1200	40	29	11	0	scaffold_2	4002052	4102052
Aspergillus_fumigatus_AFUG_082015-1200	38	37	1	0	scaffold_3	600638	700638
Aspergillus_fumigatus_AFUG_082015-1200	31	25	6	0	scaffold_4	2815232	2915232
Aspergillus_fumigatus_AFUG_082015-1200	40	36	4	0	scaffold_4	2753556	2853556
Aspergillus_fumigatus_AFUG_082015-1200	34	31	3	0	scaffold_6	2061494	2161494
Aspergillus_fumigatus_AFUG_082015-1200	44	35	9	0	scaffold_2	3907347	4007347
Aspergillus_fumigatus_AFUG_082015-1200	45	39	6	0	scaffold_1	2166886	2266886
Aspergillus_fumigatus_AFUG_082015-1200	31	25	6	0	scaffold_1	4738866	4838866
Aspergillus_fumigatus_AFUG_082015-1200	39	31	8	0	scaffold_4	205034	305034
Aspergillus_fumigatus_AFUG_082015-1200	39	37	2	0	scaffold_8	479369	579369
Aspergillus_fumigatus_AFUG_082015-1200	44	38	6	0	scaffold_3	3333757	3433757
Aspergillus_fumigatus_AFUG_082015-1200	41	35	6	0	scaffold_1	4663070	4763070
Aspergillus_fumigatus_AFUG_082015-1200	33	32	1	0	scaffold_5	1520912	1620912
Aspergillus_fumigatus_AFUG_082015-1200	37	36	1	0	scaffold_1	3690162	3790162
Aspergillus_fumigatus_AFUG_082015-1200	36	32	4	0	scaffold_1	3239109	3339109
Aspergillus_fumigatus_AFUG_082015-1200	44	39	5	0	scaffold_3	137531	237531
Aspergillus_fumigatus_AFUG_082015-1200	33	30	3	0	scaffold_8	1306946	1406946
Aspergillus_fumigatus_AFUG_082015-1200	36	35	1	0	scaffold_2	1099450	1199450
Aspergillus_fumigatus_AFUG_082015-1200	25	23	2	0	scaffold_2	1244059	1344059
Aspergillus_fumigatus_AFUG_082015-1200	35	29	6	0	scaffold_8	1243125	1343125
Aspergillus_fumigatus_AFUG_082015-1200	33	30	3	0	scaffold_1	3984431	4084431
Aspergillus_fumigatus_AFUG_082015-1200	44	41	3	0	scaffold_3	261551	361551
Aspergillus_fumigatus_AFUG_082015-1200	38	37	1	0	scaffold_2	448763	548763
Aspergillus_fumigatus_AFUG_082015-1200	36	34	2	0	scaffold_6	2448084	2548084
Aspergillus_fumigatus_AFUG_082015-1200	38	36	2	0	scaffold_4	1323353	1423353
Aspergillus_fumigatus_AFUG_082015-1200	25	23	2	0	scaffold_2	1244007	1344007
Aspergillus_fumigatus_AFUG_082015-1200	1	1	0	0	scaffold_4	1115348	1215348
Aspergillus_fumigatus_AFUG_082015-1200	36	32	4	0	scaffold_1	3900104	4000104
Aspergillus_fumigatus_AFUG_082015-1200	31	31	0	0	scaffold_5	1005630	1105630
Aspergillus_fumigatus_AFUG_082015-1200	41	37	4	0	scaffold_5	1918027	2018027
Aspergillus_fumigatus_AFUG_082015-1200	33	30	3	0	scaffold_6	1670454	1770454
Aspergillus_fumigatus_AFUG_082015-1200	28	25	3	0	scaffold_1	2278205	2378205
Aspergillus_fumigatus_AFUG_082015-1200	32	30	2	0	scaffold_3	1167739	1267739
Aspergillus_fumigatus_AFUG_082015-1200	33	30	3	0	scaffold_6	1677708	1777708
Aspergillus_fumigatus_AFUG_082015-1200	37	30	7	0	scaffold_2	3463110	3563110
Aspergillus_fumigatus_AFUG_082015-1200	33	30	3	0	scaffold_3	1807318	1907318
Aspergillus_fumigatus_AFUG_082015-1200	40	38	2	0	scaffold_8	927052	1027052
Aspergillus_fumigatus_AFUG_082015-1200	32	32	0	0	scaffold_4	2514607	2614607
Aspergillus_fumigatus_AFUG_082015-1200	33	29	4	0	scaffold_4	2564621	2664621
Aspergillus_fumigatus_AFUG_082015-1200	33	28	5	0	scaffold_2	3241494	3341494
Aspergillus_fumigatus_AFUG_082015-1200	44	38	6	0	scaffold_7	217862	317862
Aspergillus_fumigatus_AFUG_082015-1200	29	28	1	0	scaffold_4	3179604	3279604
Aspergillus_fumigatus_AFUG_082015-1200	39	32	7	0	scaffold_1	2934566	3034566
Aspergillus_fumigatus_AFUG_082015-1200	19	17	2	0	scaffold_6	1178553	1278553
Aspergillus_fumigatus_AFUG_082015-1200	43	40	3	0	scaffold_4	2736543	2836543
Aspergillus_fumigatus_AFUG_082015-1200	45	35	10	0	scaffold_5	3797262	3897262
Aspergillus_fumigatus_AFUG_082015-1200	44	38	6	0	scaffold_3	3331693	3431693
Aspergillus_fumigatus_AFUG_082015-1200	38	33	5	0	scaffold_3	1694420	1794420
Aspergillus_fumigatus_AFUG_082015-1200	29	25	4	0	scaffold_1	1972017	2072017
Aspergillus_fumigatus_AFUG_082015-1200	31	29	2	0	scaffold_3	2756001	2856001
Aspergillus_fumigatus_AFUG_082015-1200	40	37	3	0	scaffold_6	1253666	1353666
Aspergillus_fumigatus_AFUG_082015-1200	35	31	4	0	scaffold_3	3054821	3154821
Aspergillus_fumigatus_AFUG_082015-1200	31	29	2	0	scaffold_4	2529284	2629284
Aspergillus_fumigatus_AFUG_082015-1200	27	27	0	0	scaffold_4	3227034	3327034
Aspergillus_fumigatus_AFUG_082015-1200	34	32	2	0	scaffold_5	1052971	1152971
Aspergillus_fumigatus_AFUG_082015-1200	37	33	4	0	scaffold_2	3752219	3852219
Aspergillus_fumigatus_AFUG_082015-1200	39	30	9	0	scaffold_1	4686923	4786923
Aspergillus_fumigatus_AFUG_082015-1200	31	30	1	0	scaffold_4	3259036	3359036
Aspergillus_fumigatus_AFUG_082015-1200	37	37	0	0	scaffold_2	594479	694479
Aspergillus_fumigatus_AFUG_082015-1200	44	35	9	0	scaffold_4	512464	612464
Aspergillus_fumigatus_AFUG_082015-1200	33	26	7	0	scaffold_4	2034916	2134916
Aspergillus_fumigatus_AFUG_082015-1200	32	32	0	0	scaffold_1	4453925	4553925
Aspergillus_fumigatus_AFUG_082015-1200	38	36	2	0	scaffold_5	1120126	1220126
Aspergillus_fumigatus_AFUG_082015-1200	33	31	2	0	scaffold_2	2289575	2389575
Aspergillus_fumigatus_AFUG_082015-1200	37	35	2	0	scaffold_6	479378	579378
Aspergillus_fumigatus_AFUG_082015-1200	38	27	11	0	scaffold_6	2017529	2117529
Aspergillus_fumigatus_AFUG_082015-1200	31	30	1	0	scaffold_1	1090509	1190509
Aspergillus_fumigatus_AFUG_082015-1200	36	33	3	0	scaffold_4	3678225	3778225
Aspergillus_fumigatus_AFUG_082015-1200	35	31	4	0	scaffold_2	2745775	2845775
Aspergillus_fumigatus_AFUG_082015-1200	41	37	4	0	scaffold_6	779045	879045
Aspergillus_fumigatus_AFUG_082015-1200	36	30	6	0	scaffold_8	416129	516129
Aspergillus_fumigatus_AFUG_082015-1200	35	30	5	0	scaffold_1	1984550	2084550
Aspergillus_fumigatus_AFUG_082015-1200	37	18	19	0	scaffold_2	4297789	4397789
Aspergillus_fumigatus_AFUG_082015-1200	33	31	2	0	scaffold_8	978217	1078217
Aspergillus_fumigatus_AFUG_082015-1200	19	17	2	0	scaffold_6	1192147	1292147
Aspergillus_fumigatus_AFUG_082015-1200	40	4	36	0	scaffold_2	4239309	4339309
Aspergillus_fumigatus_AFUG_082015-1200	46	39	7	0	scaffold_3	650355	750355
Aspergillus_fumigatus_AFUG_082015-1200	46	37	9	0	scaffold_3	3369028	3469028
Aspergillus_fumigatus_AFUG_082015-1200	41	33	8	0	scaffold_4	468853	568853
Aspergillus_fumigatus_AFUG_082015-1200	41	36	5	0	scaffold_2	3159852	3259852
Aspergillus_fumigatus_AFUG_082015-1200	41	6	35	0	scaffold_2	4250425	4350425
Aspergillus_fumigatus_AFUG_082015-1200	37	33	4	0	scaffold_1	4571191	4671191
Aspergillus_fumigatus_AFUG_082015-1200	32	28	4	0	scaffold_1	1127798	1227798
Aspergillus_fumigatus_AFUG_082015-1200	42	36	6	0	scaffold_1	1751226	1851226
Aspergillus_fumigatus_AFUG_082015-1200	38	36	2	0	scaffold_3	1627465	1727465
Aspergillus_fumigatus_AFUG_082015-1200	42	34	8	0	scaffold_8	1099085	1199085
Aspergillus_fumigatus_AFUG_082015-1200	44	39	5	0	scaffold_3	126825	226825
Aspergillus_fumigatus_AFUG_082015-1200	18	8	10	0	scaffold_3	977826	1077826
Aspergillus_fumigatus_AFUG_082015-1200	41	34	7	0	scaffold_4	518488	618488
Aspergillus_fumigatus_AFUG_082015-1200	45	37	8	0	scaffold_8	1137854	1237854
Aspergillus_fumigatus_AFUG_082015-1200	36	33	3	0	scaffold_6	2088411	2188411
Aspergillus_fumigatus_AFUG_082015-1200	43	38	5	0	scaffold_4	237993	337993
Aspergillus_fumigatus_AFUG_082015-1200	25	20	5	0	scaffold_2	1214831	1314831
Aspergillus_fumigatus_AFUG_082015-1200	37	34	3	0	scaffold_6	1525063	1625063
Aspergillus_fumigatus_AFUG_082015-1200	31	28	3	0	scaffold_4	59462	159462
Aspergillus_fumigatus_AFUG_082015-1200	46	43	3	0	scaffold_1	4350161	4450161
Aspergillus_fumigatus_AFUG_082015-1200	44	38	6	0	scaffold_2	1945790	2045790
Aspergillus_fumigatus_AFUG_082015-1200	38	35	3	0	scaffold_5	3058176	3158176
Aspergillus_fumigatus_AFUG_082015-1200	7	6	1	0	scaffold_1	1923631	2023631
Aspergillus_fumigatus_AFUG_082015-1200	29	27	2	0	scaffold_7	601697	701697
Aspergillus_fumigatus_AFUG_082015-1200	29	27	2	0	scaffold_4	2539014	2639014
Aspergillus_fumigatus_AFUG_082015-1200	40	38	2	0	scaffold_3	1426618	1526618
Aspergillus_fumigatus_AFUG_082015-1200	29	21	8	0	scaffold_1	620809	720809
Aspergillus_fumigatus_AFUG_082015-1200	32	32	0	0	scaffold_5	406789	506789
Aspergillus_fumigatus_AFUG_082015-1200	42	37	5	0	scaffold_3	3009576	3109576
Aspergillus_fumigatus_AFUG_082015-1200	39	35	4	0	scaffold_1	908561	1008561
Aspergillus_fumigatus_AFUG_082015-1200	41	37	4	0	scaffold_8	510923	610923
Aspergillus_fumigatus_AFUG_082015-1200	21	18	3	0	scaffold_6	191257	291257
Aspergillus_fumigatus_AFUG_082015-1200	38	35	3	0	scaffold_7	1142900	1242900
Aspergillus_fumigatus_AFUG_082015-1200	26	15	11	0	scaffold_3	722518	822518
Aspergillus_fumigatus_AFUG_082015-1200	41	38	3	0	scaffold_4	1602453	1702453
Aspergillus_fumigatus_AFUG_082015-1200	38	28	10	0	scaffold_4	138034	238034
Aspergillus_fumigatus_AFUG_082015-1200	38	35	3	0	scaffold_7	666885	766885
Aspergillus_fumigatus_AFUG_082015-1200	36	32	4	0	scaffold_5	2728552	2828552
Aspergillus_fumigatus_AFUG_082015-1200	31	24	7	0	scaffold_1	583063	683063
Aspergillus_fumigatus_AFUG_082015-1200	34	31	3	0	scaffold_4	3834783	3934783
Aspergillus_fumigatus_AFUG_082015-1200	31	28	3	0	scaffold_6	2076240	2176240
Aspergillus_fumigatus_AFUG_082015-1200	45	41	4	0	scaffold_8	275307	375307
Aspergillus_fumigatus_AFUG_082015-1200	40	36	4	0	scaffold_5	1912004	2012004
Aspergillus_fumigatus_AFUG_082015-1200	46	41	5	0	scaffold_1	2502096	2602096
Aspergillus_fumigatus_AFUG_082015-1200	41	36	5	0	scaffold_2	327065	427065
Aspergillus_fumigatus_AFUG_082015-1200	37	30	7	0	scaffold_3	2224019	2324019
Aspergillus_fumigatus_AFUG_082015-1200	42	39	3	0	scaffold_1	2070558	2170558
Aspergillus_fumigatus_AFUG_082015-1200	36	35	1	0	scaffold_6	2683954	2783954
Aspergillus_fumigatus_AFUG_082015-1200	41	31	10	0	scaffold_3	3395424	3495424
Aspergillus_fumigatus_AFUG_082015-1200	30	30	0	0	scaffold_1	4121546	4221546
Aspergillus_fumigatus_AFUG_082015-1200	50	37	13	0	scaffold_5	154175	254175
Aspergillus_fumigatus_AFUG_082015-1200	37	30	7	0	scaffold_3	525412	625412
Aspergillus_fumigatus_AFUG_082015-1200	42	32	10	0	scaffold_4	160362	260362
Aspergillus_fumigatus_AFUG_082015-1200	37	32	5	0	scaffold_1	1331300	1431300
Aspergillus_fumigatus_AFUG_082015-1200	36	35	1	0	scaffold_6	1343210	1443210
Aspergillus_fumigatus_AFUG_082015-1200	40	37	3	0	scaffold_4	778583	878583
Aspergillus_fumigatus_AFUG_082015-1200	30	30	0	0	scaffold_4	3074297	3174297
Aspergillus_fumigatus_AFUG_082015-1200	34	32	2	0	scaffold_3	1137726	1237726
Aspergillus_fumigatus_AFUG_082015-1200	33	28	5	0	scaffold_1	478210	578210
Aspergillus_fumigatus_AFUG_082015-1200	35	34	1	0	scaffold_1	3400480	3500480
Aspergillus_fumigatus_AFUG_082015-1200	36	32	4	0	scaffold_1	1323452	1423452
Aspergillus_fumigatus_AFUG_082015-1200	31	23	8	0	scaffold_3	4002529	4102529
Aspergillus_fumigatus_AFUG_082015-1200	39	33	6	0	scaffold_6	2203132	2303132
Aspergillus_fumigatus_AFUG_082015-1200	44	38	6	0	scaffold_4	3870218	3970218
Aspergillus_fumigatus_AFUG_082015-1200	47	39	8	0	scaffold_5	123206	223206
Aspergillus_fumigatus_AFUG_082015-1200	41	35	6	0	scaffold_7	253437	353437
Aspergillus_fumigatus_AFUG_082015-1200	48	42	6	0	scaffold_6	2286115	2386115
Aspergillus_fumigatus_AFUG_082015-1200	42	34	8	0	scaffold_4	450502	550502
Aspergillus_fumigatus_AFUG_082015-1200	35	34	1	0	scaffold_5	1843670	1943670
Aspergillus_fumigatus_AFUG_082015-1200	49	37	12	0	scaffold_8	183603	283603
Aspergillus_fumigatus_AFUG_082015-1200	40	39	1	0	scaffold_4	3499002	3599002
Aspergillus_fumigatus_AFUG_082015-1200	50	42	8	0	scaffold_6	61361	161361
Aspergillus_fumigatus_AFUG_082015-1200	40	38	2	0	scaffold_3	1969091	2069091
Aspergillus_fumigatus_AFUG_082015-1200	40	34	6	0	scaffold_2	3059054	3159054
Aspergillus_fumigatus_AFUG_082015-1200	35	33	2	0	scaffold_4	1336749	1436749
Aspergillus_fumigatus_AFUG_082015-1200	34	30	4	0	scaffold_8	1311528	1411528
Aspergillus_fumigatus_AFUG_082015-1200	32	30	2	0	scaffold_3	1496473	1596473
Aspergillus_fumigatus_AFUG_082015-1200	28	26	2	0	scaffold_3	2727534	2827534
Aspergillus_fumigatus_AFUG_082015-1200	26	23	3	0	scaffold_6	1215770	1315770
Aspergillus_fumigatus_AFUG_082015-1200	30	26	4	0	scaffold_6	1117356	1217356
Aspergillus_fumigatus_AFUG_082015-1200	39	39	0	0	scaffold_5	2468240	2568240
Aspergillus_fumigatus_AFUG_082015-1200	35	33	2	0	scaffold_1	1355438	1455438
