STRAIN	TOTAL	CORE	ACCESSORY	SINGLETON	CHROM	START	END
Aspergillus_fumigatus_F16134	39	33	6	0	scaffold_5	2992830	3092830
Aspergillus_fumigatus_F16134	39	34	5	0	scaffold_2	257541	357541
Aspergillus_fumigatus_F16134	41	38	3	0	scaffold_3	2250604	2350604
Aspergillus_fumigatus_F16134	41	38	3	0	scaffold_1	3851115	3951115
Aspergillus_fumigatus_F16134	38	36	2	0	scaffold_3	3011254	3111254
Aspergillus_fumigatus_F16134	38	34	4	0	scaffold_2	3195815	3295815
Aspergillus_fumigatus_F16134	34	30	4	0	scaffold_2	4134268	4234268
Aspergillus_fumigatus_F16134	32	32	0	0	scaffold_2	706360	806360
Aspergillus_fumigatus_F16134	34	30	4	0	scaffold_8	1286238	1386238
Aspergillus_fumigatus_F16134	35	31	4	0	scaffold_1	1508031	1608031
Aspergillus_fumigatus_F16134	32	27	5	0	scaffold_3	2423375	2523375
Aspergillus_fumigatus_F16134	38	34	4	0	scaffold_2	3193596	3293596
Aspergillus_fumigatus_F16134	16	12	4	0	scaffold_5	26532	126532
Aspergillus_fumigatus_F16134	38	35	3	0	scaffold_3	2732523	2832523
Aspergillus_fumigatus_F16134	32	29	3	0	scaffold_4	1293284	1393284
Aspergillus_fumigatus_F16134	29	25	4	0	scaffold_6	457870	557870
Aspergillus_fumigatus_F16134	33	31	2	0	scaffold_6	1232510	1332510
Aspergillus_fumigatus_F16134	40	37	3	0	scaffold_3	3084586	3184586
Aspergillus_fumigatus_F16134	29	28	1	0	scaffold_7	735169	835169
Aspergillus_fumigatus_F16134	37	35	2	0	scaffold_4	3291451	3391451
Aspergillus_fumigatus_F16134	34	32	2	0	scaffold_5	1561699	1661699
Aspergillus_fumigatus_F16134	38	36	2	0	scaffold_5	689978	789978
Aspergillus_fumigatus_F16134	33	32	1	0	scaffold_8	896420	996420
Aspergillus_fumigatus_F16134	35	34	1	0	scaffold_5	245581	345581
Aspergillus_fumigatus_F16134	24	19	5	0	scaffold_6	283068	383068
Aspergillus_fumigatus_F16134	42	42	0	0	scaffold_1	1829370	1929370
Aspergillus_fumigatus_F16134	29	20	9	0	scaffold_5	112458	212458
Aspergillus_fumigatus_F16134	37	36	1	0	scaffold_2	501078	601078
Aspergillus_fumigatus_F16134	5	4	1	0	scaffold_5	2166261	2266261
Aspergillus_fumigatus_F16134	48	41	7	0	scaffold_3	3563417	3663417
Aspergillus_fumigatus_F16134	40	38	2	0	scaffold_1	4206986	4306986
Aspergillus_fumigatus_F16134	41	36	5	0	scaffold_2	312226	412226
Aspergillus_fumigatus_F16134	49	41	8	0	scaffold_6	3109748	3209748
Aspergillus_fumigatus_F16134	36	35	1	0	scaffold_8	638060	738060
Aspergillus_fumigatus_F16134	21	20	1	0	scaffold_6	300316	400316
Aspergillus_fumigatus_F16134	38	35	3	0	scaffold_5	3404117	3504117
Aspergillus_fumigatus_F16134	5	4	1	0	scaffold_5	2166706	2266706
Aspergillus_fumigatus_F16134	39	36	3	0	scaffold_5	458779	558779
Aspergillus_fumigatus_F16134	36	34	2	0	scaffold_4	3272062	3372062
Aspergillus_fumigatus_F16134	39	38	1	0	scaffold_2	563867	663867
Aspergillus_fumigatus_F16134	36	31	5	0	scaffold_5	1292595	1392595
Aspergillus_fumigatus_F16134	34	30	4	0	scaffold_1	1396996	1496996
Aspergillus_fumigatus_F16134	37	34	3	0	scaffold_8	1151769	1251769
Aspergillus_fumigatus_F16134	37	35	2	0	scaffold_3	1662630	1762630
Aspergillus_fumigatus_F16134	32	31	1	0	scaffold_6	1515544	1615544
Aspergillus_fumigatus_F16134	39	33	6	0	scaffold_2	3255284	3355284
Aspergillus_fumigatus_F16134	40	37	3	0	scaffold_1	3844095	3944095
Aspergillus_fumigatus_F16134	17	16	1	0	scaffold_2	3889975	3989975
Aspergillus_fumigatus_F16134	11	11	0	0	scaffold_7	834351	934351
Aspergillus_fumigatus_F16134	42	38	4	0	scaffold_4	735511	835511
Aspergillus_fumigatus_F16134	45	39	6	0	scaffold_3	953759	1053759
Aspergillus_fumigatus_F16134	31	16	15	0	scaffold_1	190799	290799
Aspergillus_fumigatus_F16134	6	4	2	0	scaffold_6	3291932	3391932
Aspergillus_fumigatus_F16134	35	31	4	0	scaffold_2	3096893	3196893
Aspergillus_fumigatus_F16134	40	38	2	0	scaffold_2	3399273	3499273
Aspergillus_fumigatus_F16134	35	34	1	0	scaffold_5	3159111	3259111
Aspergillus_fumigatus_F16134	42	12	30	0	scaffold_4	371570	471570
Aspergillus_fumigatus_F16134	33	32	1	0	scaffold_4	3316765	3416765
Aspergillus_fumigatus_F16134	40	39	1	0	scaffold_2	426459	526459
Aspergillus_fumigatus_F16134	38	35	3	0	scaffold_1	1461533	1561533
Aspergillus_fumigatus_F16134	42	40	2	0	scaffold_7	1628736	1728736
Aspergillus_fumigatus_F16134	34	29	5	0	scaffold_5	3571291	3671291
Aspergillus_fumigatus_F16134	40	39	1	0	scaffold_8	1028375	1128375
Aspergillus_fumigatus_F16134	33	30	3	0	scaffold_5	3192107	3292107
Aspergillus_fumigatus_F16134	39	34	5	0	scaffold_8	452724	552724
Aspergillus_fumigatus_F16134	42	37	5	0	scaffold_5	2716328	2816328
Aspergillus_fumigatus_F16134	32	31	1	0	scaffold_4	2760930	2860930
Aspergillus_fumigatus_F16134	32	28	4	0	scaffold_1	1380552	1480552
Aspergillus_fumigatus_F16134	36	35	1	0	scaffold_2	1294444	1394444
Aspergillus_fumigatus_F16134	37	34	3	0	scaffold_4	2134940	2234940
Aspergillus_fumigatus_F16134	39	37	2	0	scaffold_6	2365856	2465856
Aspergillus_fumigatus_F16134	43	41	2	0	scaffold_7	1019826	1119826
Aspergillus_fumigatus_F16134	37	35	2	0	scaffold_4	3236384	3336384
Aspergillus_fumigatus_F16134	44	41	3	0	scaffold_5	292514	392514
Aspergillus_fumigatus_F16134	34	32	2	0	scaffold_1	4592689	4692689
Aspergillus_fumigatus_F16134	34	30	3	1	scaffold_5	1725045	1825045
Aspergillus_fumigatus_F16134	29	27	2	0	scaffold_3	2944332	3044332
Aspergillus_fumigatus_F16134	34	27	7	0	scaffold_2	3548367	3648367
Aspergillus_fumigatus_F16134	40	33	7	0	scaffold_3	986999	1086999
Aspergillus_fumigatus_F16134	31	23	8	0	scaffold_6	2765162	2865162
Aspergillus_fumigatus_F16134	39	34	5	0	scaffold_8	1316159	1416159
Aspergillus_fumigatus_F16134	36	34	2	0	scaffold_1	1055678	1155678
Aspergillus_fumigatus_F16134	48	35	13	0	scaffold_6	213526	313526
Aspergillus_fumigatus_F16134	39	37	2	0	scaffold_1	4574634	4674634
Aspergillus_fumigatus_F16134	37	31	6	0	scaffold_5	1200603	1300603
Aspergillus_fumigatus_F16134	39	35	4	0	scaffold_2	3233681	3333681
Aspergillus_fumigatus_F16134	35	34	1	0	scaffold_5	3161054	3261054
Aspergillus_fumigatus_F16134	36	32	4	0	scaffold_4	625602	725602
Aspergillus_fumigatus_F16134	38	34	4	0	scaffold_2	814348	914348
Aspergillus_fumigatus_F16134	37	35	2	0	scaffold_4	900426	1000426
Aspergillus_fumigatus_F16134	37	37	0	0	scaffold_6	1069950	1169950
Aspergillus_fumigatus_F16134	30	27	3	0	scaffold_6	2423263	2523263
Aspergillus_fumigatus_F16134	34	28	6	0	scaffold_7	1179248	1279248
Aspergillus_fumigatus_F16134	41	40	1	0	scaffold_2	429587	529587
Aspergillus_fumigatus_F16134	36	33	3	0	scaffold_6	1966180	2066180
Aspergillus_fumigatus_F16134	40	36	4	0	scaffold_8	1108594	1208594
Aspergillus_fumigatus_F16134	43	11	32	0	scaffold_4	343251	443251
Aspergillus_fumigatus_F16134	6	1	5	0	scaffold_7	1955831	2055831
Aspergillus_fumigatus_F16134	43	39	4	0	scaffold_3	3862534	3962534
Aspergillus_fumigatus_F16134	31	31	0	0	scaffold_2	704284	804284
Aspergillus_fumigatus_F16134	36	32	4	0	scaffold_4	2610883	2710883
Aspergillus_fumigatus_F16134	43	41	2	0	scaffold_6	941482	1041482
Aspergillus_fumigatus_F16134	45	41	4	0	scaffold_5	303489	403489
Aspergillus_fumigatus_F16134	32	30	2	0	scaffold_7	725700	825700
Aspergillus_fumigatus_F16134	35	34	1	0	scaffold_8	899843	999843
Aspergillus_fumigatus_F16134	33	32	1	0	scaffold_6	2561413	2661413
Aspergillus_fumigatus_F16134	31	30	1	0	scaffold_2	1243610	1343610
Aspergillus_fumigatus_F16134	39	33	6	0	scaffold_6	2980910	3080910
Aspergillus_fumigatus_F16134	35	35	0	0	scaffold_6	2296077	2396077
Aspergillus_fumigatus_F16134	45	40	5	0	scaffold_5	313970	413970
Aspergillus_fumigatus_F16134	31	25	6	0	scaffold_4	2543625	2643625
Aspergillus_fumigatus_F16134	37	36	1	0	scaffold_2	2567623	2667623
Aspergillus_fumigatus_F16134	29	24	5	0	scaffold_2	2080164	2180164
Aspergillus_fumigatus_F16134	35	30	5	0	scaffold_1	3703262	3803262
Aspergillus_fumigatus_F16134	33	33	0	0	scaffold_6	2289210	2389210
Aspergillus_fumigatus_F16134	38	37	1	0	scaffold_5	3085027	3185027
Aspergillus_fumigatus_F16134	50	42	8	0	scaffold_6	3112960	3212960
Aspergillus_fumigatus_F16134	28	26	2	0	scaffold_3	2933655	3033655
Aspergillus_fumigatus_F16134	46	39	7	0	scaffold_8	1349525	1449525
Aspergillus_fumigatus_F16134	29	25	4	0	scaffold_2	1036326	1136326
Aspergillus_fumigatus_F16134	39	35	4	0	scaffold_2	271935	371935
Aspergillus_fumigatus_F16134	36	34	2	0	scaffold_1	861319	961319
Aspergillus_fumigatus_F16134	26	26	0	0	scaffold_4	1113104	1213104
Aspergillus_fumigatus_F16134	37	36	1	0	scaffold_2	2729512	2829512
Aspergillus_fumigatus_F16134	34	34	0	0	scaffold_1	437105	537105
Aspergillus_fumigatus_F16134	18	17	1	0	scaffold_8	708398	808398
Aspergillus_fumigatus_F16134	42	37	5	0	scaffold_6	1293396	1393396
Aspergillus_fumigatus_F16134	41	36	5	0	scaffold_1	1984603	2084603
Aspergillus_fumigatus_F16134	43	38	5	0	scaffold_1	2001787	2101787
Aspergillus_fumigatus_F16134	37	34	3	0	scaffold_4	2692646	2792646
Aspergillus_fumigatus_F16134	43	41	2	0	scaffold_7	1655796	1755796
Aspergillus_fumigatus_F16134	33	27	6	0	scaffold_5	1212358	1312358
Aspergillus_fumigatus_F16134	39	34	5	0	scaffold_3	1105016	1205016
Aspergillus_fumigatus_F16134	33	28	5	0	scaffold_3	4004288	4104288
Aspergillus_fumigatus_F16134	44	34	10	0	scaffold_6	3035808	3135808
Aspergillus_fumigatus_F16134	39	37	2	0	scaffold_4	875560	975560
Aspergillus_fumigatus_F16134	34	33	1	0	scaffold_6	1681763	1781763
Aspergillus_fumigatus_F16134	37	34	3	0	scaffold_5	1369915	1469915
Aspergillus_fumigatus_F16134	40	35	5	0	scaffold_2	3302948	3402948
Aspergillus_fumigatus_F16134	29	29	0	0	scaffold_3	1193896	1293896
Aspergillus_fumigatus_F16134	41	41	0	0	scaffold_1	1797606	1897606
Aspergillus_fumigatus_F16134	34	30	4	0	scaffold_2	4057889	4157889
Aspergillus_fumigatus_F16134	36	34	1	1	scaffold_3	3389947	3489947
Aspergillus_fumigatus_F16134	29	28	1	0	scaffold_2	2978593	3078593
Aspergillus_fumigatus_F16134	37	24	13	0	scaffold_3	2175	102175
Aspergillus_fumigatus_F16134	34	33	1	0	scaffold_3	2983629	3083629
Aspergillus_fumigatus_F16134	39	35	4	0	scaffold_1	1949100	2049100
Aspergillus_fumigatus_F16134	38	35	3	0	scaffold_6	1318031	1418031
Aspergillus_fumigatus_F16134	33	31	2	0	scaffold_3	2867100	2967100
Aspergillus_fumigatus_F16134	33	31	2	0	scaffold_1	1587356	1687356
Aspergillus_fumigatus_F16134	30	29	1	0	scaffold_1	3763362	3863362
Aspergillus_fumigatus_F16134	39	36	3	0	scaffold_1	1467993	1567993
Aspergillus_fumigatus_F16134	25	24	1	0	scaffold_2	1824087	1924087
Aspergillus_fumigatus_F16134	43	41	2	0	scaffold_7	1035950	1135950
Aspergillus_fumigatus_F16134	39	37	2	0	scaffold_5	1063125	1163125
Aspergillus_fumigatus_F16134	44	38	6	0	scaffold_8	1426726	1526726
Aspergillus_fumigatus_F16134	36	23	13	0	scaffold_2	1563734	1663734
Aspergillus_fumigatus_F16134	38	34	4	0	scaffold_5	2698852	2798852
Aspergillus_fumigatus_F16134	37	35	2	0	scaffold_7	1596615	1696615
Aspergillus_fumigatus_F16134	33	31	2	0	scaffold_2	3765334	3865334
Aspergillus_fumigatus_F16134	41	36	5	0	scaffold_2	3044923	3144923
Aspergillus_fumigatus_F16134	43	35	8	0	scaffold_2	128979	228979
Aspergillus_fumigatus_F16134	40	36	4	0	scaffold_1	1945965	2045965
Aspergillus_fumigatus_F16134	35	31	4	0	scaffold_1	1427568	1527568
Aspergillus_fumigatus_F16134	33	31	2	0	scaffold_3	2772617	2872617
Aspergillus_fumigatus_F16134	35	31	4	0	scaffold_2	975184	1075184
Aspergillus_fumigatus_F16134	29	28	1	0	scaffold_1	3131634	3231634
Aspergillus_fumigatus_F16134	37	31	6	0	scaffold_7	334635	434635
Aspergillus_fumigatus_F16134	42	40	2	0	scaffold_8	164995	264995
Aspergillus_fumigatus_F16134	33	28	5	0	scaffold_1	1531448	1631448
Aspergillus_fumigatus_F16134	37	35	2	0	scaffold_5	1588119	1688119
Aspergillus_fumigatus_F16134	34	31	3	0	scaffold_1	4972653	5072653
Aspergillus_fumigatus_F16134	23	18	5	0	scaffold_6	275656	375656
Aspergillus_fumigatus_F16134	30	29	1	0	scaffold_1	3156262	3256262
Aspergillus_fumigatus_F16134	15	15	0	0	scaffold_6	1192378	1292378
Aspergillus_fumigatus_F16134	40	34	6	0	scaffold_4	609937	709937
Aspergillus_fumigatus_F16134	38	37	1	0	scaffold_2	415900	515900
Aspergillus_fumigatus_F16134	38	35	3	0	scaffold_4	3287006	3387006
Aspergillus_fumigatus_F16134	34	31	3	0	scaffold_5	3193198	3293198
Aspergillus_fumigatus_F16134	37	35	2	0	scaffold_1	4185040	4285040
Aspergillus_fumigatus_F16134	36	34	2	0	scaffold_3	3003133	3103133
Aspergillus_fumigatus_F16134	27	24	3	0	scaffold_4	3626150	3726150
Aspergillus_fumigatus_F16134	37	32	5	0	scaffold_3	1917896	2017896
Aspergillus_fumigatus_F16134	40	38	2	0	scaffold_1	368938	468938
Aspergillus_fumigatus_F16134	38	36	2	0	scaffold_3	2093819	2193819
Aspergillus_fumigatus_F16134	34	33	1	0	scaffold_1	3512147	3612147
Aspergillus_fumigatus_F16134	38	35	3	0	scaffold_1	1456594	1556594
Aspergillus_fumigatus_F16134	41	38	3	0	scaffold_7	1373342	1473342
Aspergillus_fumigatus_F16134	35	33	2	0	scaffold_2	1175593	1275593
Aspergillus_fumigatus_F16134	40	34	6	0	scaffold_6	2795445	2895445
Aspergillus_fumigatus_F16134	37	36	1	0	scaffold_2	556399	656399
Aspergillus_fumigatus_F16134	39	36	3	0	scaffold_5	1103127	1203127
Aspergillus_fumigatus_F16134	39	21	18	0	scaffold_3	84528	184528
Aspergillus_fumigatus_F16134	32	31	1	0	scaffold_1	3086373	3186373
Aspergillus_fumigatus_F16134	37	28	9	0	scaffold_6	2781596	2881596
Aspergillus_fumigatus_F16134	36	31	5	0	scaffold_7	1162304	1262304
Aspergillus_fumigatus_F16134	39	37	2	0	scaffold_6	1618896	1718896
Aspergillus_fumigatus_F16134	36	34	2	0	scaffold_2	794943	894943
Aspergillus_fumigatus_F16134	37	32	5	0	scaffold_5	827974	927974
Aspergillus_fumigatus_F16134	40	37	3	0	scaffold_4	1438443	1538443
Aspergillus_fumigatus_F16134	44	38	6	0	scaffold_7	455408	555408
Aspergillus_fumigatus_F16134	44	39	5	0	scaffold_5	1324484	1424484
Aspergillus_fumigatus_F16134	37	35	2	0	scaffold_2	2393604	2493604
Aspergillus_fumigatus_F16134	23	22	1	0	scaffold_6	1211170	1311170
Aspergillus_fumigatus_F16134	31	29	2	0	scaffold_8	659607	759607
Aspergillus_fumigatus_F16134	31	27	4	0	scaffold_2	2998641	3098641
Aspergillus_fumigatus_F16134	26	20	6	0	scaffold_6	2693844	2793844
Aspergillus_fumigatus_F16134	42	37	5	0	scaffold_7	1277217	1377217
Aspergillus_fumigatus_F16134	39	37	2	0	scaffold_1	4580148	4680148
Aspergillus_fumigatus_F16134	37	31	6	0	scaffold_1	5041145	5141145
Aspergillus_fumigatus_F16134	31	28	3	0	scaffold_4	48276	148276
Aspergillus_fumigatus_F16134	37	36	1	0	scaffold_3	1777301	1877301
Aspergillus_fumigatus_F16134	38	36	2	0	scaffold_8	607968	707968
Aspergillus_fumigatus_F16134	42	38	4	0	scaffold_3	393041	493041
Aspergillus_fumigatus_F16134	44	41	3	0	scaffold_7	270412	370412
Aspergillus_fumigatus_F16134	44	40	4	0	scaffold_3	2269534	2369534
Aspergillus_fumigatus_F16134	26	26	0	0	scaffold_4	1114801	1214801
Aspergillus_fumigatus_F16134	33	29	4	0	scaffold_1	1556426	1656426
Aspergillus_fumigatus_F16134	41	41	0	0	scaffold_1	1739838	1839838
Aspergillus_fumigatus_F16134	41	39	2	0	scaffold_6	503999	603999
Aspergillus_fumigatus_F16134	31	28	3	0	scaffold_4	1604358	1704358
Aspergillus_fumigatus_F16134	39	33	6	0	scaffold_2	4017349	4117349
Aspergillus_fumigatus_F16134	41	36	5	0	scaffold_7	469213	569213
Aspergillus_fumigatus_F16134	43	41	2	0	scaffold_2	4196746	4296746
Aspergillus_fumigatus_F16134	41	34	7	0	scaffold_2	186150	286150
Aspergillus_fumigatus_F16134	32	32	0	0	scaffold_4	2788731	2888731
Aspergillus_fumigatus_F16134	43	41	2	0	scaffold_6	958097	1058097
Aspergillus_fumigatus_F16134	34	34	0	0	scaffold_6	2541358	2641358
Aspergillus_fumigatus_F16134	36	31	5	0	scaffold_2	3485684	3585684
Aspergillus_fumigatus_F16134	39	36	3	0	scaffold_3	1167671	1267671
Aspergillus_fumigatus_F16134	46	42	4	0	scaffold_3	3893975	3993975
Aspergillus_fumigatus_F16134	32	30	2	0	scaffold_8	851078	951078
Aspergillus_fumigatus_F16134	27	2	25	0	scaffold_7	2040066	2140066
Aspergillus_fumigatus_F16134	34	31	3	0	scaffold_1	4095995	4195995
Aspergillus_fumigatus_F16134	33	32	1	0	scaffold_6	1530763	1630763
Aspergillus_fumigatus_F16134	15	14	1	0	scaffold_2	1873598	1973598
Aspergillus_fumigatus_F16134	37	33	4	0	scaffold_1	4007282	4107282
Aspergillus_fumigatus_F16134	28	25	3	0	scaffold_5	2081893	2181893
Aspergillus_fumigatus_F16134	40	36	4	0	scaffold_1	3891891	3991891
Aspergillus_fumigatus_F16134	37	35	2	0	scaffold_1	2030775	2130775
Aspergillus_fumigatus_F16134	34	33	1	0	scaffold_2	2636271	2736271
Aspergillus_fumigatus_F16134	38	35	3	0	scaffold_8	1136046	1236046
Aspergillus_fumigatus_F16134	35	31	4	0	scaffold_7	1157318	1257318
Aspergillus_fumigatus_F16134	38	37	1	0	scaffold_2	2512799	2612799
Aspergillus_fumigatus_F16134	37	33	4	0	scaffold_2	2888493	2988493
Aspergillus_fumigatus_F16134	11	5	6	0	scaffold_7	1909876	2009876
Aspergillus_fumigatus_F16134	33	31	2	0	scaffold_8	832454	932454
Aspergillus_fumigatus_F16134	41	36	5	0	scaffold_4	3462484	3562484
Aspergillus_fumigatus_F16134	38	37	1	0	scaffold_6	1573921	1673921
Aspergillus_fumigatus_F16134	45	44	1	0	scaffold_6	1015944	1115944
Aspergillus_fumigatus_F16134	41	34	7	0	scaffold_5	384405	484405
Aspergillus_fumigatus_F16134	38	34	4	0	scaffold_3	1981639	2081639
Aspergillus_fumigatus_F16134	38	34	4	0	scaffold_2	2051074	2151074
Aspergillus_fumigatus_F16134	35	31	4	0	scaffold_2	3016715	3116715
Aspergillus_fumigatus_F16134	34	26	8	0	scaffold_1	2522741	2622741
Aspergillus_fumigatus_F16134	43	41	2	0	scaffold_5	3461853	3561853
Aspergillus_fumigatus_F16134	40	37	3	0	scaffold_1	2027697	2127697
Aspergillus_fumigatus_F16134	33	23	10	0	scaffold_4	417507	517507
Aspergillus_fumigatus_F16134	43	41	2	0	scaffold_5	2562810	2662810
Aspergillus_fumigatus_F16134	43	41	2	0	scaffold_5	3453433	3553433
Aspergillus_fumigatus_F16134	36	34	2	0	scaffold_1	3463792	3563792
Aspergillus_fumigatus_F16134	40	37	3	0	scaffold_4	1429534	1529534
Aspergillus_fumigatus_F16134	39	37	2	0	scaffold_1	3922328	4022328
Aspergillus_fumigatus_F16134	36	35	1	0	scaffold_2	2222771	2322771
Aspergillus_fumigatus_F16134	31	21	10	0	scaffold_3	3658172	3758172
Aspergillus_fumigatus_F16134	34	32	2	0	scaffold_4	984687	1084687
Aspergillus_fumigatus_F16134	32	30	2	0	scaffold_5	189454	289454
Aspergillus_fumigatus_F16134	42	37	5	0	scaffold_8	1438755	1538755
Aspergillus_fumigatus_F16134	39	37	2	0	scaffold_2	3402871	3502871
Aspergillus_fumigatus_F16134	40	39	1	0	scaffold_4	1924449	2024449
Aspergillus_fumigatus_F16134	34	31	3	0	scaffold_1	4105873	4205873
Aspergillus_fumigatus_F16134	39	37	2	0	scaffold_1	1202830	1302830
Aspergillus_fumigatus_F16134	30	30	0	0	scaffold_4	2783163	2883163
Aspergillus_fumigatus_F16134	33	29	4	0	scaffold_4	3600757	3700757
Aspergillus_fumigatus_F16134	34	34	0	0	scaffold_6	613428	713428
Aspergillus_fumigatus_F16134	33	31	2	0	scaffold_1	848809	948809
Aspergillus_fumigatus_F16134	40	38	2	0	scaffold_4	1042137	1142137
Aspergillus_fumigatus_F16134	39	36	3	0	scaffold_3	897198	997198
Aspergillus_fumigatus_F16134	38	33	5	0	scaffold_2	3222862	3322862
Aspergillus_fumigatus_F16134	43	39	4	0	scaffold_3	585825	685825
Aspergillus_fumigatus_F16134	38	36	2	0	scaffold_4	2474006	2574006
Aspergillus_fumigatus_F16134	38	36	2	0	scaffold_2	2327116	2427116
Aspergillus_fumigatus_F16134	33	32	1	0	scaffold_6	1540570	1640570
Aspergillus_fumigatus_F16134	31	30	1	0	scaffold_7	1456374	1556374
Aspergillus_fumigatus_F16134	36	32	4	0	scaffold_1	823638	923638
Aspergillus_fumigatus_F16134	44	42	2	0	scaffold_4	828540	928540
Aspergillus_fumigatus_F16134	38	37	1	0	scaffold_6	1593517	1693517
Aspergillus_fumigatus_F16134	36	31	5	0	scaffold_2	1370046	1470046
Aspergillus_fumigatus_F16134	35	30	5	0	scaffold_2	2865400	2965400
Aspergillus_fumigatus_F16134	40	33	7	0	scaffold_1	2562732	2662732
Aspergillus_fumigatus_F16134	40	40	0	0	scaffold_5	3108841	3208841
Aspergillus_fumigatus_F16134	38	37	1	0	scaffold_1	2387114	2487114
Aspergillus_fumigatus_F16134	34	30	4	0	scaffold_2	1084942	1184942
Aspergillus_fumigatus_F16134	30	27	3	0	scaffold_3	3334929	3434929
Aspergillus_fumigatus_F16134	34	32	2	0	scaffold_7	972435	1072435
Aspergillus_fumigatus_F16134	45	39	6	0	scaffold_3	516006	616006
Aspergillus_fumigatus_F16134	36	35	1	0	scaffold_1	2330812	2430812
Aspergillus_fumigatus_F16134	28	26	2	0	scaffold_1	5098354	5198354
Aspergillus_fumigatus_F16134	6	5	1	0	scaffold_5	2168504	2268504
Aspergillus_fumigatus_F16134	23	0	23	0	scaffold_7	2121879	2221879
Aspergillus_fumigatus_F16134	40	37	3	0	scaffold_1	3275588	3375588
Aspergillus_fumigatus_F16134	33	29	4	0	scaffold_8	317998	417998
Aspergillus_fumigatus_F16134	43	26	17	0	scaffold_2	1527113	1627113
Aspergillus_fumigatus_F16134	34	24	10	0	scaffold_6	2771635	2871635
Aspergillus_fumigatus_F16134	45	45	0	0	scaffold_4	1967000	2067000
Aspergillus_fumigatus_F16134	33	31	2	0	scaffold_2	769464	869464
Aspergillus_fumigatus_F16134	33	29	4	0	scaffold_1	4622292	4722292
Aspergillus_fumigatus_F16134	47	16	31	0	scaffold_4	325819	425819
Aspergillus_fumigatus_F16134	38	36	2	0	scaffold_1	2421869	2521869
Aspergillus_fumigatus_F16134	39	37	2	0	scaffold_3	3060517	3160517
Aspergillus_fumigatus_F16134	32	28	4	0	scaffold_6	2893663	2993663
Aspergillus_fumigatus_F16134	29	28	1	0	scaffold_7	749069	849069
Aspergillus_fumigatus_F16134	34	30	4	0	scaffold_3	3999858	4099858
Aspergillus_fumigatus_F16134	39	37	2	0	scaffold_3	3039477	3139477
Aspergillus_fumigatus_F16134	37	35	2	0	scaffold_1	375525	475525
Aspergillus_fumigatus_F16134	34	33	1	0	scaffold_4	3335455	3435455
Aspergillus_fumigatus_F16134	38	36	2	0	scaffold_5	3289327	3389327
Aspergillus_fumigatus_F16134	36	32	4	0	scaffold_2	1340423	1440423
Aspergillus_fumigatus_F16134	36	33	3	0	scaffold_1	4677931	4777931
Aspergillus_fumigatus_F16134	34	32	2	0	scaffold_2	1281880	1381880
Aspergillus_fumigatus_F16134	44	37	7	0	scaffold_7	190387	290387
Aspergillus_fumigatus_F16134	52	47	5	0	scaffold_3	3940294	4040294
Aspergillus_fumigatus_F16134	40	35	5	0	scaffold_3	2711202	2811202
Aspergillus_fumigatus_F16134	35	31	4	0	scaffold_1	2575260	2675260
Aspergillus_fumigatus_F16134	35	30	5	0	scaffold_3	1872392	1972392
Aspergillus_fumigatus_F16134	33	31	2	0	scaffold_5	1528446	1628446
Aspergillus_fumigatus_F16134	21	20	1	0	scaffold_2	3915619	4015619
Aspergillus_fumigatus_F16134	41	35	6	0	scaffold_5	2778430	2878430
Aspergillus_fumigatus_F16134	37	32	5	0	scaffold_2	3476279	3576279
Aspergillus_fumigatus_F16134	45	44	1	0	scaffold_4	3072789	3172789
Aspergillus_fumigatus_F16134	33	31	2	0	scaffold_2	3119120	3219120
Aspergillus_fumigatus_F16134	36	34	2	0	scaffold_7	1397810	1497810
Aspergillus_fumigatus_F16134	28	27	1	0	scaffold_4	2743868	2843868
Aspergillus_fumigatus_F16134	44	42	2	0	scaffold_5	3443196	3543196
Aspergillus_fumigatus_F16134	41	39	2	0	scaffold_2	1157162	1257162
Aspergillus_fumigatus_F16134	42	40	2	0	scaffold_6	957034	1057034
Aspergillus_fumigatus_F16134	36	33	3	0	scaffold_2	1316863	1416863
Aspergillus_fumigatus_F16134	42	35	7	0	scaffold_4	2400921	2500921
Aspergillus_fumigatus_F16134	24	23	1	0	scaffold_2	1815878	1915878
Aspergillus_fumigatus_F16134	28	19	9	0	scaffold_6	245822	345822
Aspergillus_fumigatus_F16134	29	22	7	0	scaffold_7	1865009	1965009
Aspergillus_fumigatus_F16134	39	36	3	0	scaffold_8	1145918	1245918
Aspergillus_fumigatus_F16134	36	27	9	0	scaffold_1	214497	314497
Aspergillus_fumigatus_F16134	34	29	5	0	scaffold_8	1516227	1616227
Aspergillus_fumigatus_F16134	34	32	2	0	scaffold_2	3122512	3222512
Aspergillus_fumigatus_F16134	35	34	1	0	scaffold_5	1596532	1696532
Aspergillus_fumigatus_F16134	35	31	4	0	scaffold_3	1947552	2047552
Aspergillus_fumigatus_F16134	35	32	3	0	scaffold_1	4442727	4542727
Aspergillus_fumigatus_F16134	33	31	2	0	scaffold_5	2608928	2708928
Aspergillus_fumigatus_F16134	32	32	0	0	scaffold_6	673298	773298
Aspergillus_fumigatus_F16134	14	14	0	0	scaffold_6	1189065	1289065
Aspergillus_fumigatus_F16134	29	23	6	0	scaffold_4	509210	609210
Aspergillus_fumigatus_F16134	34	32	2	0	scaffold_2	1204554	1304554
Aspergillus_fumigatus_F16134	31	30	1	0	scaffold_2	3163367	3263367
Aspergillus_fumigatus_F16134	35	31	4	0	scaffold_4	217061	317061
Aspergillus_fumigatus_F16134	43	39	4	0	scaffold_7	281111	381111
Aspergillus_fumigatus_F16134	35	35	0	0	scaffold_6	2256921	2356921
Aspergillus_fumigatus_F16134	34	31	3	0	scaffold_4	3439877	3539877
Aspergillus_fumigatus_F16134	22	1	21	0	scaffold_7	2053855	2153855
Aspergillus_fumigatus_F16134	42	37	5	0	scaffold_3	1114751	1214751
Aspergillus_fumigatus_F16134	36	36	0	0	scaffold_1	1222540	1322540
Aspergillus_fumigatus_F16134	34	32	2	0	scaffold_2	1185805	1285805
Aspergillus_fumigatus_F16134	42	37	5	0	scaffold_2	1454895	1554895
Aspergillus_fumigatus_F16134	32	25	7	0	scaffold_5	2866543	2966543
Aspergillus_fumigatus_F16134	44	38	6	0	scaffold_7	1708388	1808388
Aspergillus_fumigatus_F16134	36	23	13	0	scaffold_2	1564384	1664384
Aspergillus_fumigatus_F16134	47	42	5	0	scaffold_3	2302363	2402363
Aspergillus_fumigatus_F16134	37	31	6	0	scaffold_3	796612	896612
Aspergillus_fumigatus_F16134	29	29	0	0	scaffold_1	2309967	2409967
Aspergillus_fumigatus_F16134	38	36	2	0	scaffold_6	1606879	1706879
Aspergillus_fumigatus_F16134	34	32	2	0	scaffold_6	833916	933916
Aspergillus_fumigatus_F16134	31	31	0	0	scaffold_4	2773817	2873817
Aspergillus_fumigatus_F16134	36	33	3	0	scaffold_1	3582916	3682916
Aspergillus_fumigatus_F16134	36	35	1	0	scaffold_2	1296311	1396311
Aspergillus_fumigatus_F16134	38	34	4	0	scaffold_5	847520	947520
Aspergillus_fumigatus_F16134	44	42	2	0	scaffold_4	2432526	2532526
Aspergillus_fumigatus_F16134	43	43	0	0	scaffold_4	1945952	2045952
Aspergillus_fumigatus_F16134	31	28	3	0	scaffold_2	2832937	2932937
Aspergillus_fumigatus_F16134	32	27	5	0	scaffold_3	3701422	3801422
Aspergillus_fumigatus_F16134	33	28	5	0	scaffold_7	370749	470749
Aspergillus_fumigatus_F16134	26	18	8	0	scaffold_6	251125	351125
Aspergillus_fumigatus_F16134	47	42	5	0	scaffold_6	3205298	3305298
Aspergillus_fumigatus_F16134	29	22	7	0	scaffold_4	3710689	3810689
Aspergillus_fumigatus_F16134	9	9	0	0	scaffold_2	1946735	2046735
Aspergillus_fumigatus_F16134	40	35	5	0	scaffold_3	2710512	2810512
Aspergillus_fumigatus_F16134	32	32	0	0	scaffold_7	1437326	1537326
Aspergillus_fumigatus_F16134	19	16	3	0	scaffold_6	3261840	3361840
Aspergillus_fumigatus_F16134	49	38	11	0	scaffold_6	194346	294346
Aspergillus_fumigatus_F16134	43	40	3	0	scaffold_5	2032460	2132460
Aspergillus_fumigatus_F16134	31	26	5	0	scaffold_4	2570755	2670755
Aspergillus_fumigatus_F16134	47	43	4	0	scaffold_4	745534	845534
Aspergillus_fumigatus_F16134	40	38	2	0	scaffold_5	3053749	3153749
Aspergillus_fumigatus_F16134	32	31	1	0	scaffold_8	649010	749010
Aspergillus_fumigatus_F16134	28	3	25	0	scaffold_1	5179581	5279581
Aspergillus_fumigatus_F16134	33	26	7	0	scaffold_5	1216404	1316404
Aspergillus_fumigatus_F16134	44	40	4	0	scaffold_3	598527	698527
Aspergillus_fumigatus_F16134	29	28	1	0	scaffold_4	2864118	2964118
Aspergillus_fumigatus_F16134	46	40	6	0	scaffold_7	1771205	1871205
Aspergillus_fumigatus_F16134	34	33	1	0	scaffold_5	215335	315335
Aspergillus_fumigatus_F16134	34	33	1	0	scaffold_2	2205367	2305367
Aspergillus_fumigatus_F16134	46	38	8	0	scaffold_3	3531847	3631847
Aspergillus_fumigatus_F16134	42	37	5	0	scaffold_1	4897166	4997166
Aspergillus_fumigatus_F16134	35	34	1	0	scaffold_2	2747955	2847955
Aspergillus_fumigatus_F16134	33	30	3	0	scaffold_1	1312385	1412385
Aspergillus_fumigatus_F16134	34	29	5	0	scaffold_3	1876908	1976908
Aspergillus_fumigatus_F16134	40	34	6	0	scaffold_6	2978752	3078752
Aspergillus_fumigatus_F16134	39	37	2	0	scaffold_1	380625	480625
Aspergillus_fumigatus_F16134	38	36	2	0	scaffold_1	2413138	2513138
Aspergillus_fumigatus_F16134	50	42	8	0	scaffold_6	3178874	3278874
Aspergillus_fumigatus_F16134	28	28	0	0	scaffold_6	741831	841831
Aspergillus_fumigatus_F16134	39	32	7	0	scaffold_7	1247810	1347810
Aspergillus_fumigatus_F16134	38	34	4	0	scaffold_7	99552	199552
Aspergillus_fumigatus_F16134	39	37	2	0	scaffold_2	1162075	1262075
Aspergillus_fumigatus_F16134	37	36	1	0	scaffold_3	1789166	1889166
Aspergillus_fumigatus_F16134	33	25	8	0	scaffold_1	2486160	2586160
Aspergillus_fumigatus_F16134	34	32	2	0	scaffold_5	610712	710712
Aspergillus_fumigatus_F16134	32	30	2	0	scaffold_8	844257	944257
Aspergillus_fumigatus_F16134	28	26	2	0	scaffold_3	2920085	3020085
Aspergillus_fumigatus_F16134	40	37	3	0	scaffold_5	1643275	1743275
Aspergillus_fumigatus_F16134	40	34	6	0	scaffold_6	2963793	3063793
Aspergillus_fumigatus_F16134	43	43	0	0	scaffold_5	288994	388994
Aspergillus_fumigatus_F16134	37	35	2	0	scaffold_7	1398793	1498793
Aspergillus_fumigatus_F16134	39	37	2	0	scaffold_6	902585	1002585
Aspergillus_fumigatus_F16134	31	26	5	0	scaffold_2	3942120	4042120
Aspergillus_fumigatus_F16134	35	33	2	0	scaffold_1	3427942	3527942
Aspergillus_fumigatus_F16134	34	34	0	0	scaffold_1	965931	1065931
Aspergillus_fumigatus_F16134	38	36	2	0	scaffold_3	3045118	3145118
Aspergillus_fumigatus_F16134	41	36	5	0	scaffold_8	27563	127563
Aspergillus_fumigatus_F16134	42	41	1	0	scaffold_3	215990	315990
Aspergillus_fumigatus_F16134	41	36	5	0	scaffold_6	2030233	2130233
Aspergillus_fumigatus_F16134	29	28	1	0	scaffold_4	2811290	2911290
Aspergillus_fumigatus_F16134	0	0	0	0	scaffold_4	1205608	1305608
Aspergillus_fumigatus_F16134	39	36	3	0	scaffold_1	3948478	4048478
Aspergillus_fumigatus_F16134	36	30	6	0	scaffold_3	862099	962099
Aspergillus_fumigatus_F16134	33	31	2	0	scaffold_3	1470810	1570810
Aspergillus_fumigatus_F16134	33	27	6	0	scaffold_4	2531123	2631123
Aspergillus_fumigatus_F16134	35	32	3	0	scaffold_6	2880355	2980355
Aspergillus_fumigatus_F16134	34	33	1	0	scaffold_3	1753580	1853580
Aspergillus_fumigatus_F16134	27	24	3	0	scaffold_1	2465805	2565805
Aspergillus_fumigatus_F16134	43	34	9	0	scaffold_6	3014516	3114516
Aspergillus_fumigatus_F16134	38	36	2	0	scaffold_1	692425	792425
Aspergillus_fumigatus_F16134	24	23	1	0	scaffold_4	1264312	1364312
Aspergillus_fumigatus_F16134	40	37	3	0	scaffold_8	599658	699658
Aspergillus_fumigatus_F16134	32	31	1	0	scaffold_3	1417056	1517056
Aspergillus_fumigatus_F16134	35	32	3	0	scaffold_4	31532	131532
Aspergillus_fumigatus_F16134	35	31	4	0	scaffold_4	113842	213842
Aspergillus_fumigatus_F16134	38	36	2	0	scaffold_6	1634317	1734317
Aspergillus_fumigatus_F16134	19	18	1	0	scaffold_5	947155	1047155
Aspergillus_fumigatus_F16134	37	34	3	0	scaffold_3	2747723	2847723
Aspergillus_fumigatus_F16134	37	32	5	0	scaffold_5	2812046	2912046
Aspergillus_fumigatus_F16134	35	32	3	0	scaffold_7	1578841	1678841
Aspergillus_fumigatus_F16134	37	35	2	0	scaffold_1	4190778	4290778
Aspergillus_fumigatus_F16134	11	9	2	0	scaffold_6	417827	517827
Aspergillus_fumigatus_F16134	28	26	2	0	scaffold_6	1758419	1858419
Aspergillus_fumigatus_F16134	30	20	10	0	scaffold_6	2748406	2848406
Aspergillus_fumigatus_F16134	40	36	3	1	scaffold_3	3442594	3542594
Aspergillus_fumigatus_F16134	42	42	0	0	scaffold_1	1828535	1928535
Aspergillus_fumigatus_F16134	33	31	2	0	scaffold_5	1491605	1591605
Aspergillus_fumigatus_F16134	37	31	6	0	scaffold_1	617901	717901
Aspergillus_fumigatus_F16134	34	33	1	0	scaffold_2	2753511	2853511
Aspergillus_fumigatus_F16134	40	38	2	0	scaffold_2	1160943	1260943
Aspergillus_fumigatus_F16134	40	38	2	0	scaffold_1	367895	467895
Aspergillus_fumigatus_F16134	38	36	2	0	scaffold_5	684575	784575
Aspergillus_fumigatus_F16134	33	29	3	1	scaffold_5	1749361	1849361
Aspergillus_fumigatus_F16134	38	36	2	0	scaffold_6	1635129	1735129
Aspergillus_fumigatus_F16134	32	27	5	0	scaffold_7	1528565	1628565
Aspergillus_fumigatus_F16134	33	27	6	0	scaffold_1	775466	875466
Aspergillus_fumigatus_F16134	32	26	6	0	scaffold_3	2425797	2525797
Aspergillus_fumigatus_F16134	22	1	21	0	scaffold_1	143128	243128
Aspergillus_fumigatus_F16134	38	30	8	0	scaffold_4	534291	634291
Aspergillus_fumigatus_F16134	39	36	3	0	scaffold_1	2025183	2125183
Aspergillus_fumigatus_F16134	39	36	3	0	scaffold_6	1330219	1430219
Aspergillus_fumigatus_F16134	35	30	5	0	scaffold_7	39028	139028
Aspergillus_fumigatus_F16134	12	11	1	0	scaffold_2	1909656	2009656
Aspergillus_fumigatus_F16134	37	34	3	0	scaffold_2	373242	473242
Aspergillus_fumigatus_F16134	52	44	8	0	scaffold_8	1406024	1506024
Aspergillus_fumigatus_F16134	33	32	1	0	scaffold_2	2649321	2749321
Aspergillus_fumigatus_F16134	28	25	3	0	scaffold_6	1490084	1590084
Aspergillus_fumigatus_F16134	35	33	2	0	scaffold_1	4155656	4255656
Aspergillus_fumigatus_F16134	34	30	4	0	scaffold_2	2914152	3014152
Aspergillus_fumigatus_F16134	34	30	4	0	scaffold_8	819928	919928
Aspergillus_fumigatus_F16134	42	36	6	0	scaffold_8	74671	174671
Aspergillus_fumigatus_F16134	36	31	5	0	scaffold_5	1276706	1376706
Aspergillus_fumigatus_F16134	43	10	33	0	scaffold_4	345703	445703
Aspergillus_fumigatus_F16134	14	13	1	0	scaffold_6	1178008	1278008
Aspergillus_fumigatus_F16134	38	35	3	0	scaffold_3	1848106	1948106
Aspergillus_fumigatus_F16134	39	23	16	0	scaffold_3	753298	853298
Aspergillus_fumigatus_F16134	26	24	2	0	scaffold_2	2172521	2272521
Aspergillus_fumigatus_F16134	33	32	1	0	scaffold_1	2109791	2209791
Aspergillus_fumigatus_F16134	38	37	1	0	scaffold_4	2998741	3098741
Aspergillus_fumigatus_F16134	30	22	8	0	scaffold_5	2239068	2339068
Aspergillus_fumigatus_F16134	41	39	2	0	scaffold_5	1084286	1184286
Aspergillus_fumigatus_F16134	33	32	1	0	scaffold_6	2486259	2586259
Aspergillus_fumigatus_F16134	35	33	2	0	scaffold_5	1452533	1552533
Aspergillus_fumigatus_F16134	36	36	0	0	scaffold_4	3111099	3211099
Aspergillus_fumigatus_F16134	42	39	3	0	scaffold_5	3497187	3597187
Aspergillus_fumigatus_F16134	44	41	3	0	scaffold_4	2420980	2520980
Aspergillus_fumigatus_F16134	47	38	9	0	scaffold_3	3543913	3643913
Aspergillus_fumigatus_F16134	33	31	2	0	scaffold_3	1379445	1479445
Aspergillus_fumigatus_F16134	42	36	6	0	scaffold_8	61561	161561
