STRAIN	TOTAL	CORE	ACCESSORY	SINGLETON	CHROM	START	END
Aspergillus_fumigatus_B5856	32	29	3	0	scaffold_7	855605	955605
Aspergillus_fumigatus_B5856	43	37	6	0	scaffold_3	41419	141419
Aspergillus_fumigatus_B5856	43	42	1	0	scaffold_2	4174058	4274058
Aspergillus_fumigatus_B5856	35	33	2	0	scaffold_1	1909319	2009319
Aspergillus_fumigatus_B5856	39	35	4	0	scaffold_7	198695	298695
Aspergillus_fumigatus_B5856	41	36	5	0	scaffold_8	101677	201677
Aspergillus_fumigatus_B5856	46	40	6	0	scaffold_4	3551032	3651032
Aspergillus_fumigatus_B5856	29	26	3	0	scaffold_1	1067673	1167673
Aspergillus_fumigatus_B5856	34	30	4	0	scaffold_6	545198	645198
Aspergillus_fumigatus_B5856	31	28	3	0	scaffold_1	1497158	1597158
Aspergillus_fumigatus_B5856	28	21	7	0	scaffold_6	3405794	3505794
Aspergillus_fumigatus_B5856	38	32	6	0	scaffold_7	293003	393003
Aspergillus_fumigatus_B5856	23	22	1	0	scaffold_3	1180480	1280480
Aspergillus_fumigatus_B5856	37	35	2	0	scaffold_6	1443337	1543337
Aspergillus_fumigatus_B5856	42	38	4	0	scaffold_6	1563701	1663701
Aspergillus_fumigatus_B5856	43	38	5	0	scaffold_3	2031535	2131535
Aspergillus_fumigatus_B5856	47	41	6	0	scaffold_6	639281	739281
Aspergillus_fumigatus_B5856	32	29	3	0	scaffold_1	1547468	1647468
Aspergillus_fumigatus_B5856	35	33	2	0	scaffold_6	1638637	1738637
Aspergillus_fumigatus_B5856	40	35	5	0	scaffold_3	256894	356894
Aspergillus_fumigatus_B5856	40	37	3	0	scaffold_1	2402426	2502426
Aspergillus_fumigatus_B5856	26	22	4	0	scaffold_1	2035523	2135523
Aspergillus_fumigatus_B5856	30	14	16	0	scaffold_5	2149483	2249483
Aspergillus_fumigatus_B5856	26	25	1	0	scaffold_3	1188357	1288357
Aspergillus_fumigatus_B5856	35	26	9	0	scaffold_3	3553512	3653512
Aspergillus_fumigatus_B5856	29	26	3	0	scaffold_6	3388392	3488392
Aspergillus_fumigatus_B5856	29	28	1	0	scaffold_1	2734363	2834363
Aspergillus_fumigatus_B5856	40	36	4	0	scaffold_6	2252870	2352870
Aspergillus_fumigatus_B5856	36	27	9	0	scaffold_5	2457459	2557459
Aspergillus_fumigatus_B5856	35	26	9	0	scaffold_2	2630320	2730320
Aspergillus_fumigatus_B5856	38	38	0	0	scaffold_1	569394	669394
Aspergillus_fumigatus_B5856	36	35	1	0	scaffold_5	1678476	1778476
Aspergillus_fumigatus_B5856	29	23	6	0	scaffold_6	3429275	3529275
Aspergillus_fumigatus_B5856	37	34	3	0	scaffold_5	3454918	3554918
Aspergillus_fumigatus_B5856	35	34	1	0	scaffold_4	1782311	1882311
Aspergillus_fumigatus_B5856	13	11	2	0	scaffold_5	1253300	1353300
Aspergillus_fumigatus_B5856	30	26	4	0	scaffold_1	3578917	3678917
Aspergillus_fumigatus_B5856	47	44	3	0	scaffold_3	3908398	4008398
Aspergillus_fumigatus_B5856	37	37	0	0	scaffold_1	606661	706661
Aspergillus_fumigatus_B5856	43	37	6	0	scaffold_4	389448	489448
Aspergillus_fumigatus_B5856	41	32	9	0	scaffold_1	3162270	3262270
Aspergillus_fumigatus_B5856	32	31	1	0	scaffold_2	3818645	3918645
Aspergillus_fumigatus_B5856	40	38	2	0	scaffold_1	3750720	3850720
Aspergillus_fumigatus_B5856	40	38	2	0	scaffold_8	930026	1030026
Aspergillus_fumigatus_B5856	17	14	3	0	scaffold_7	740850	840850
Aspergillus_fumigatus_B5856	34	31	3	0	scaffold_1	2820373	2920373
Aspergillus_fumigatus_B5856	32	30	2	0	scaffold_6	853487	953487
Aspergillus_fumigatus_B5856	40	34	6	0	scaffold_4	1628180	1728180
Aspergillus_fumigatus_B5856	29	25	4	0	scaffold_2	2005836	2105836
Aspergillus_fumigatus_B5856	42	36	6	0	scaffold_3	291783	391783
Aspergillus_fumigatus_B5856	40	32	8	0	scaffold_7	1482331	1582331
Aspergillus_fumigatus_B5856	35	33	2	0	scaffold_3	3182399	3282399
Aspergillus_fumigatus_B5856	45	38	7	0	scaffold_6	3289418	3389418
Aspergillus_fumigatus_B5856	29	25	4	0	scaffold_2	677900	777900
Aspergillus_fumigatus_B5856	31	27	4	0	scaffold_1	1015903	1115903
Aspergillus_fumigatus_B5856	38	33	5	0	scaffold_6	303996	403996
Aspergillus_fumigatus_B5856	37	34	2	1	scaffold_3	3376264	3476264
Aspergillus_fumigatus_B5856	29	23	6	0	scaffold_7	537963	637963
Aspergillus_fumigatus_B5856	38	32	6	0	scaffold_1	2940421	3040421
Aspergillus_fumigatus_B5856	33	32	1	0	scaffold_2	2861256	2961256
Aspergillus_fumigatus_B5856	35	29	6	0	scaffold_6	3460714	3560714
Aspergillus_fumigatus_B5856	50	41	9	0	scaffold_4	3635697	3735697
Aspergillus_fumigatus_B5856	37	34	3	0	scaffold_5	1979154	2079154
Aspergillus_fumigatus_B5856	34	25	9	0	scaffold_1	3401694	3501694
Aspergillus_fumigatus_B5856	36	35	1	0	scaffold_5	3085948	3185948
Aspergillus_fumigatus_B5856	38	35	3	0	scaffold_2	1296947	1396947
Aspergillus_fumigatus_B5856	33	30	3	0	scaffold_1	1655502	1755502
Aspergillus_fumigatus_B5856	34	34	0	0	scaffold_1	680293	780293
Aspergillus_fumigatus_B5856	36	34	2	0	scaffold_5	2751319	2851319
Aspergillus_fumigatus_B5856	36	36	0	0	scaffold_5	1402790	1502790
Aspergillus_fumigatus_B5856	40	40	0	0	scaffold_2	1567850	1667850
Aspergillus_fumigatus_B5856	43	41	2	0	scaffold_5	3514862	3614862
Aspergillus_fumigatus_B5856	37	31	6	0	scaffold_8	344829	444829
Aspergillus_fumigatus_B5856	36	34	2	0	scaffold_5	1333505	1433505
Aspergillus_fumigatus_B5856	42	38	4	0	scaffold_1	296103	396103
Aspergillus_fumigatus_B5856	37	36	1	0	scaffold_4	2004465	2104465
Aspergillus_fumigatus_B5856	35	34	1	0	scaffold_4	1204214	1304214
Aspergillus_fumigatus_B5856	42	39	3	0	scaffold_2	271944	371944
Aspergillus_fumigatus_B5856	39	36	3	0	scaffold_7	1643029	1743029
Aspergillus_fumigatus_B5856	42	37	5	0	scaffold_6	270385	370385
Aspergillus_fumigatus_B5856	36	29	7	0	scaffold_3	2010215	2110215
Aspergillus_fumigatus_B5856	29	28	1	0	scaffold_6	2671293	2771293
Aspergillus_fumigatus_B5856	38	32	6	0	scaffold_1	3858222	3958222
Aspergillus_fumigatus_B5856	12	11	1	0	scaffold_2	1969367	2069367
Aspergillus_fumigatus_B5856	21	20	1	0	scaffold_3	1155697	1255697
Aspergillus_fumigatus_B5856	34	34	0	0	scaffold_4	540431	640431
Aspergillus_fumigatus_B5856	31	31	0	0	scaffold_2	826461	926461
Aspergillus_fumigatus_B5856	38	37	1	0	scaffold_2	345706	445706
Aspergillus_fumigatus_B5856	41	35	6	0	scaffold_3	1820723	1920723
Aspergillus_fumigatus_B5856	25	21	4	0	scaffold_2	1996221	2096221
Aspergillus_fumigatus_B5856	33	31	2	0	scaffold_4	767568	867568
Aspergillus_fumigatus_B5856	39	36	3	0	scaffold_2	3545754	3645754
Aspergillus_fumigatus_B5856	31	25	6	0	scaffold_7	521836	621836
Aspergillus_fumigatus_B5856	22	21	1	0	scaffold_7	709903	809903
Aspergillus_fumigatus_B5856	29	25	4	0	scaffold_3	3618568	3718568
Aspergillus_fumigatus_B5856	21	3	18	0	scaffold_3	636799	736799
Aspergillus_fumigatus_B5856	34	32	2	0	scaffold_1	2502548	2602548
Aspergillus_fumigatus_B5856	42	36	6	0	scaffold_4	3705427	3805427
Aspergillus_fumigatus_B5856	36	34	2	0	scaffold_1	2544684	2644684
Aspergillus_fumigatus_B5856	41	32	9	0	scaffold_1	4093059	4193059
Aspergillus_fumigatus_B5856	46	41	5	0	scaffold_5	3493761	3593761
Aspergillus_fumigatus_B5856	51	45	6	0	scaffold_2	189984	289984
Aspergillus_fumigatus_B5856	35	33	2	0	scaffold_3	2937207	3037207
Aspergillus_fumigatus_B5856	33	31	2	0	scaffold_4	1948142	2048142
Aspergillus_fumigatus_B5856	40	38	2	0	scaffold_6	930522	1030522
Aspergillus_fumigatus_B5856	25	3	22	0	scaffold_3	629675	729675
Aspergillus_fumigatus_B5856	33	31	2	0	scaffold_4	1835161	1935161
Aspergillus_fumigatus_B5856	36	34	2	0	scaffold_8	945658	1045658
Aspergillus_fumigatus_B5856	36	35	1	0	scaffold_7	1079412	1179412
Aspergillus_fumigatus_B5856	32	32	0	0	scaffold_1	736123	836123
Aspergillus_fumigatus_B5856	37	35	2	0	scaffold_8	941869	1041869
Aspergillus_fumigatus_B5856	41	36	5	0	scaffold_3	1761254	1861254
Aspergillus_fumigatus_B5856	41	37	4	0	scaffold_3	2658736	2758736
Aspergillus_fumigatus_B5856	42	35	7	0	scaffold_4	1598871	1698871
Aspergillus_fumigatus_B5856	34	32	2	0	scaffold_6	3178603	3278603
Aspergillus_fumigatus_B5856	31	24	7	0	scaffold_6	362513	462513
Aspergillus_fumigatus_B5856	39	39	0	0	scaffold_2	401398	501398
Aspergillus_fumigatus_B5856	44	38	6	0	scaffold_4	386372	486372
Aspergillus_fumigatus_B5856	43	36	7	0	scaffold_7	1467784	1567784
Aspergillus_fumigatus_B5856	37	33	4	0	scaffold_1	3790314	3890314
Aspergillus_fumigatus_B5856	39	35	4	0	scaffold_5	1045015	1145015
Aspergillus_fumigatus_B5856	39	38	1	0	scaffold_5	2808105	2908105
Aspergillus_fumigatus_B5856	5	3	2	0	scaffold_4	3779150	3879150
Aspergillus_fumigatus_B5856	35	33	2	0	scaffold_6	3105184	3205184
Aspergillus_fumigatus_B5856	35	34	1	0	scaffold_4	3162988	3262988
Aspergillus_fumigatus_B5856	21	6	15	0	scaffold_3	658596	758596
Aspergillus_fumigatus_B5856	44	42	2	0	scaffold_6	2214188	2314188
Aspergillus_fumigatus_B5856	36	30	6	0	scaffold_6	3465108	3565108
Aspergillus_fumigatus_B5856	38	35	3	0	scaffold_5	1151851	1251851
Aspergillus_fumigatus_B5856	45	38	7	0	scaffold_6	3287412	3387412
Aspergillus_fumigatus_B5856	41	37	4	0	scaffold_3	323775	423775
Aspergillus_fumigatus_B5856	41	38	3	0	scaffold_2	2352891	2452891
Aspergillus_fumigatus_B5856	45	41	4	0	scaffold_2	2137808	2237808
Aspergillus_fumigatus_B5856	39	36	3	0	scaffold_4	3474235	3574235
Aspergillus_fumigatus_B5856	38	35	3	0	scaffold_3	3926502	4026502
Aspergillus_fumigatus_B5856	42	36	6	0	scaffold_3	288416	388416
Aspergillus_fumigatus_B5856	37	32	5	0	scaffold_1	3907046	4007046
Aspergillus_fumigatus_B5856	36	33	3	0	scaffold_1	826639	926639
Aspergillus_fumigatus_B5856	44	42	2	0	scaffold_3	366217	466217
Aspergillus_fumigatus_B5856	36	33	3	0	scaffold_2	946891	1046891
Aspergillus_fumigatus_B5856	39	36	3	0	scaffold_8	460291	560291
Aspergillus_fumigatus_B5856	29	28	1	0	scaffold_3	2852823	2952823
Aspergillus_fumigatus_B5856	37	34	3	0	scaffold_6	1417522	1517522
Aspergillus_fumigatus_B5856	39	33	6	0	scaffold_1	3866940	3966940
Aspergillus_fumigatus_B5856	35	33	2	0	scaffold_3	1352758	1452758
Aspergillus_fumigatus_B5856	40	34	6	0	scaffold_4	110875	210875
Aspergillus_fumigatus_B5856	41	39	2	0	scaffold_2	2818843	2918843
Aspergillus_fumigatus_B5856	39	37	2	0	scaffold_8	1377452	1477452
Aspergillus_fumigatus_B5856	46	44	2	0	scaffold_4	941829	1041829
Aspergillus_fumigatus_B5856	35	35	0	0	scaffold_4	3151310	3251310
Aspergillus_fumigatus_B5856	26	26	0	0	scaffold_6	2710207	2810207
Aspergillus_fumigatus_B5856	36	36	0	0	scaffold_5	1409833	1509833
Aspergillus_fumigatus_B5856	36	34	2	0	scaffold_3	3071074	3171074
Aspergillus_fumigatus_B5856	28	24	4	0	scaffold_5	255463	355463
Aspergillus_fumigatus_B5856	44	37	7	0	scaffold_7	1446480	1546480
Aspergillus_fumigatus_B5856	33	32	1	0	scaffold_4	1944489	2044489
Aspergillus_fumigatus_B5856	33	30	3	0	scaffold_2	635522	735522
Aspergillus_fumigatus_B5856	37	36	1	0	scaffold_6	1278618	1378618
Aspergillus_fumigatus_B5856	38	16	22	0	scaffold_1	4451662	4551662
Aspergillus_fumigatus_B5856	33	28	5	0	scaffold_8	1024303	1124303
Aspergillus_fumigatus_B5856	36	30	6	0	scaffold_4	1645390	1745390
Aspergillus_fumigatus_B5856	29	28	1	0	scaffold_4	1282999	1382999
Aspergillus_fumigatus_B5856	43	38	5	0	scaffold_5	3483759	3583759
Aspergillus_fumigatus_B5856	32	29	3	0	scaffold_2	4461821	4561821
Aspergillus_fumigatus_B5856	29	28	1	0	scaffold_3	1600327	1700327
Aspergillus_fumigatus_B5856	32	31	1	0	scaffold_2	2580888	2680888
Aspergillus_fumigatus_B5856	21	19	2	0	scaffold_2	1913651	2013651
Aspergillus_fumigatus_B5856	38	33	5	0	scaffold_2	1378334	1478334
Aspergillus_fumigatus_B5856	37	36	1	0	scaffold_4	2041463	2141463
Aspergillus_fumigatus_B5856	33	31	2	0	scaffold_6	3181715	3281715
Aspergillus_fumigatus_B5856	21	20	1	0	scaffold_3	1163630	1263630
Aspergillus_fumigatus_B5856	41	38	3	0	scaffold_3	2663885	2763885
Aspergillus_fumigatus_B5856	47	43	4	0	scaffold_3	118661	218661
Aspergillus_fumigatus_B5856	19	18	1	0	scaffold_3	1144472	1244472
Aspergillus_fumigatus_B5856	38	38	0	0	scaffold_2	406651	506651
Aspergillus_fumigatus_B5856	40	39	1	0	scaffold_2	362759	462759
Aspergillus_fumigatus_B5856	36	33	3	0	scaffold_2	4421922	4521922
Aspergillus_fumigatus_B5856	35	35	0	0	scaffold_3	1670260	1770260
Aspergillus_fumigatus_B5856	35	33	2	0	scaffold_4	1962940	2062940
Aspergillus_fumigatus_B5856	45	41	4	0	scaffold_3	457120	557120
Aspergillus_fumigatus_B5856	40	37	3	0	scaffold_6	1430506	1530506
Aspergillus_fumigatus_B5856	31	29	2	0	scaffold_6	2025249	2125249
Aspergillus_fumigatus_B5856	37	33	4	0	scaffold_7	1317558	1417558
Aspergillus_fumigatus_B5856	32	30	2	0	scaffold_3	2901490	3001490
Aspergillus_fumigatus_B5856	36	33	3	0	scaffold_6	3206885	3306885
Aspergillus_fumigatus_B5856	13	11	2	0	scaffold_2	1970277	2070277
Aspergillus_fumigatus_B5856	35	32	3	0	scaffold_5	1764640	1864640
Aspergillus_fumigatus_B5856	38	37	1	0	scaffold_6	1666980	1766980
Aspergillus_fumigatus_B5856	43	36	7	0	scaffold_7	165858	265858
Aspergillus_fumigatus_B5856	38	37	1	0	scaffold_4	486788	586788
Aspergillus_fumigatus_B5856	37	34	3	0	scaffold_1	373996	473996
Aspergillus_fumigatus_B5856	33	33	0	0	scaffold_2	3917371	4017371
Aspergillus_fumigatus_B5856	37	33	4	0	scaffold_2	1774587	1874587
Aspergillus_fumigatus_B5856	32	30	1	1	scaffold_3	3293156	3393156
Aspergillus_fumigatus_B5856	51	43	8	0	scaffold_7	1413927	1513927
Aspergillus_fumigatus_B5856	41	39	1	1	scaffold_1	421487	521487
Aspergillus_fumigatus_B5856	33	30	3	0	scaffold_1	3970801	4070801
Aspergillus_fumigatus_B5856	36	29	7	0	scaffold_3	2011415	2111415
Aspergillus_fumigatus_B5856	28	26	2	0	scaffold_8	774672	874672
Aspergillus_fumigatus_B5856	37	35	2	0	scaffold_5	2638435	2738435
Aspergillus_fumigatus_B5856	35	33	2	0	scaffold_5	3070258	3170258
Aspergillus_fumigatus_B5856	32	28	4	0	scaffold_8	1249352	1349352
Aspergillus_fumigatus_B5856	33	30	3	0	scaffold_5	1311685	1411685
Aspergillus_fumigatus_B5856	38	31	7	0	scaffold_3	945507	1045507
Aspergillus_fumigatus_B5856	37	35	2	0	scaffold_6	2419072	2519072
Aspergillus_fumigatus_B5856	13	13	0	0	scaffold_6	1044711	1144711
Aspergillus_fumigatus_B5856	41	35	6	0	scaffold_7	379772	479772
Aspergillus_fumigatus_B5856	43	37	6	0	scaffold_2	4348272	4448272
Aspergillus_fumigatus_B5856	43	39	4	0	scaffold_3	453704	553704
Aspergillus_fumigatus_B5856	14	14	0	0	scaffold_3	1131832	1231832
Aspergillus_fumigatus_B5856	37	34	3	0	scaffold_2	2360781	2460781
Aspergillus_fumigatus_B5856	36	35	1	0	scaffold_5	3085620	3185620
Aspergillus_fumigatus_B5856	5	1	4	0	scaffold_2	55367	155367
Aspergillus_fumigatus_B5856	39	33	6	0	scaffold_1	3865884	3965884
Aspergillus_fumigatus_B5856	35	32	3	0	scaffold_3	3197607	3297607
Aspergillus_fumigatus_B5856	39	37	2	0	scaffold_8	518057	618057
Aspergillus_fumigatus_B5856	38	34	4	0	scaffold_2	3279398	3379398
Aspergillus_fumigatus_B5856	25	24	1	0	scaffold_3	1186446	1286446
Aspergillus_fumigatus_B5856	35	31	4	0	scaffold_5	367083	467083
Aspergillus_fumigatus_B5856	49	42	7	0	scaffold_5	55484	155484
Aspergillus_fumigatus_B5856	39	35	4	0	scaffold_7	235525	335525
Aspergillus_fumigatus_B5856	39	37	2	0	scaffold_7	1148910	1248910
Aspergillus_fumigatus_B5856	31	28	3	0	scaffold_6	160071	260071
Aspergillus_fumigatus_B5856	40	30	10	0	scaffold_6	2111462	2211462
Aspergillus_fumigatus_B5856	44	38	6	0	scaffold_4	3699462	3799462
Aspergillus_fumigatus_B5856	40	37	3	0	scaffold_6	3234983	3334983
Aspergillus_fumigatus_B5856	42	38	4	0	scaffold_7	1587769	1687769
Aspergillus_fumigatus_B5856	44	4	40	0	scaffold_1	4372661	4472661
Aspergillus_fumigatus_B5856	28	25	3	0	scaffold_5	1173746	1273746
Aspergillus_fumigatus_B5856	14	12	2	0	scaffold_2	1971809	2071809
Aspergillus_fumigatus_B5856	41	38	3	0	scaffold_1	2398015	2498015
Aspergillus_fumigatus_B5856	50	42	8	0	scaffold_8	264403	364403
Aspergillus_fumigatus_B5856	39	37	1	1	scaffold_3	3352289	3452289
Aspergillus_fumigatus_B5856	31	31	0	0	scaffold_6	2536291	2636291
Aspergillus_fumigatus_B5856	33	23	10	0	scaffold_5	2466091	2566091
Aspergillus_fumigatus_B5856	46	41	5	0	scaffold_3	74995	174995
Aspergillus_fumigatus_B5856	31	28	3	0	scaffold_2	4020565	4120565
Aspergillus_fumigatus_B5856	38	35	3	0	scaffold_6	31641	131641
Aspergillus_fumigatus_B5856	37	35	2	0	scaffold_6	1449304	1549304
Aspergillus_fumigatus_B5856	37	34	3	0	scaffold_7	1324994	1424994
Aspergillus_fumigatus_B5856	29	27	2	0	scaffold_4	1344796	1444796
Aspergillus_fumigatus_B5856	36	35	1	0	scaffold_4	2843975	2943975
Aspergillus_fumigatus_B5856	38	33	5	0	scaffold_1	3918374	4018374
Aspergillus_fumigatus_B5856	43	37	6	0	scaffold_3	280106	380106
Aspergillus_fumigatus_B5856	36	33	3	0	scaffold_5	2718240	2818240
Aspergillus_fumigatus_B5856	39	37	2	0	scaffold_5	783570	883570
Aspergillus_fumigatus_B5856	41	40	1	0	scaffold_2	360317	460317
Aspergillus_fumigatus_B5856	34	32	2	0	scaffold_3	1573868	1673868
Aspergillus_fumigatus_B5856	34	33	1	0	scaffold_2	2836837	2936837
Aspergillus_fumigatus_B5856	42	37	5	0	scaffold_1	2912241	3012241
Aspergillus_fumigatus_B5856	33	30	3	0	scaffold_4	1439495	1539495
Aspergillus_fumigatus_B5856	36	32	4	0	scaffold_5	1883376	1983376
Aspergillus_fumigatus_B5856	38	37	1	0	scaffold_5	2784330	2884330
Aspergillus_fumigatus_B5856	45	38	7	0	scaffold_8	207705	307705
Aspergillus_fumigatus_B5856	34	30	4	0	scaffold_5	3261331	3361331
Aspergillus_fumigatus_B5856	33	27	6	0	scaffold_5	2952513	3052513
Aspergillus_fumigatus_B5856	33	30	3	0	scaffold_1	3937886	4037886
Aspergillus_fumigatus_B5856	37	32	5	0	scaffold_5	1099171	1199171
Aspergillus_fumigatus_B5856	41	33	8	0	scaffold_1	138971	238971
Aspergillus_fumigatus_B5856	15	13	2	0	scaffold_2	4100704	4200704
Aspergillus_fumigatus_B5856	42	37	5	0	scaffold_3	1762470	1862470
Aspergillus_fumigatus_B5856	38	31	7	0	scaffold_7	461206	561206
Aspergillus_fumigatus_B5856	36	32	4	0	scaffold_1	2965904	3065904
Aspergillus_fumigatus_B5856	39	35	4	0	scaffold_4	1741368	1841368
Aspergillus_fumigatus_B5856	15	12	3	0	scaffold_2	4066480	4166480
Aspergillus_fumigatus_B5856	40	37	3	0	scaffold_4	2324798	2424798
Aspergillus_fumigatus_B5856	38	34	4	0	scaffold_3	781891	881891
Aspergillus_fumigatus_B5856	32	31	1	0	scaffold_6	1983288	2083288
Aspergillus_fumigatus_B5856	34	30	4	0	scaffold_6	2277501	2377501
Aspergillus_fumigatus_B5856	38	34	4	0	scaffold_5	1956109	2056109
Aspergillus_fumigatus_B5856	28	24	4	0	scaffold_5	257802	357802
Aspergillus_fumigatus_B5856	40	35	5	0	scaffold_2	3339739	3439739
Aspergillus_fumigatus_B5856	23	18	5	0	scaffold_1	2000974	2100974
Aspergillus_fumigatus_B5856	41	36	5	0	scaffold_6	247943	347943
Aspergillus_fumigatus_B5856	38	38	0	0	scaffold_2	1584327	1684327
Aspergillus_fumigatus_B5856	38	38	0	0	scaffold_2	1593802	1693802
Aspergillus_fumigatus_B5856	36	34	2	0	scaffold_6	3085928	3185928
Aspergillus_fumigatus_B5856	40	36	4	0	scaffold_6	2252875	2352875
Aspergillus_fumigatus_B5856	31	24	7	0	scaffold_7	529355	629355
Aspergillus_fumigatus_B5856	31	27	4	0	scaffold_4	2172690	2272690
Aspergillus_fumigatus_B5856	39	36	3	0	scaffold_6	4774	104774
Aspergillus_fumigatus_B5856	37	33	4	0	scaffold_5	1049759	1149759
Aspergillus_fumigatus_B5856	30	24	6	0	scaffold_7	516107	616107
Aspergillus_fumigatus_B5856	51	48	3	0	scaffold_3	3877948	3977948
Aspergillus_fumigatus_B5856	20	19	1	0	scaffold_2	4125409	4225409
Aspergillus_fumigatus_B5856	32	31	1	0	scaffold_3	1373153	1473153
Aspergillus_fumigatus_B5856	38	37	1	0	scaffold_2	344328	444328
Aspergillus_fumigatus_B5856	38	35	3	0	scaffold_3	2673918	2773918
Aspergillus_fumigatus_B5856	44	42	2	0	scaffold_4	950476	1050476
Aspergillus_fumigatus_B5856	35	31	4	0	scaffold_3	2465151	2565151
Aspergillus_fumigatus_B5856	30	22	8	0	scaffold_4	3229437	3329437
Aspergillus_fumigatus_B5856	39	37	2	0	scaffold_5	2019253	2119253
Aspergillus_fumigatus_B5856	32	24	8	0	scaffold_4	3223097	3323097
Aspergillus_fumigatus_B5856	43	40	3	0	scaffold_3	2046368	2146368
Aspergillus_fumigatus_B5856	37	32	5	0	scaffold_8	427768	527768
Aspergillus_fumigatus_B5856	36	35	1	0	scaffold_4	2773037	2873037
Aspergillus_fumigatus_B5856	31	29	2	0	scaffold_1	2851092	2951092
Aspergillus_fumigatus_B5856	34	32	2	0	scaffold_3	2694438	2794438
Aspergillus_fumigatus_B5856	33	33	0	0	scaffold_2	3907449	4007449
Aspergillus_fumigatus_B5856	31	29	2	0	scaffold_4	2957083	3057083
Aspergillus_fumigatus_B5856	29	27	2	0	scaffold_6	1346368	1446368
Aspergillus_fumigatus_B5856	34	28	6	0	scaffold_5	2410987	2510987
Aspergillus_fumigatus_B5856	29	25	4	0	scaffold_5	261264	361264
Aspergillus_fumigatus_B5856	29	17	12	0	scaffold_3	1970430	2070430
Aspergillus_fumigatus_B5856	42	38	4	0	scaffold_5	1082629	1182629
Aspergillus_fumigatus_B5856	32	31	1	0	scaffold_2	2465387	2565387
Aspergillus_fumigatus_B5856	33	26	7	0	scaffold_4	3220828	3320828
Aspergillus_fumigatus_B5856	31	20	11	0	scaffold_5	2136907	2236907
Aspergillus_fumigatus_B5856	30	27	3	0	scaffold_6	1160083	1260083
Aspergillus_fumigatus_B5856	36	34	2	0	scaffold_2	585193	685193
Aspergillus_fumigatus_B5856	37	32	5	0	scaffold_2	1375540	1475540
Aspergillus_fumigatus_B5856	31	30	1	0	scaffold_5	1433636	1533636
Aspergillus_fumigatus_B5856	42	36	6	0	scaffold_4	2552735	2652735
Aspergillus_fumigatus_B5856	38	37	1	0	scaffold_2	3977118	4077118
Aspergillus_fumigatus_B5856	38	36	2	0	scaffold_2	2547738	2647738
Aspergillus_fumigatus_B5856	32	32	0	0	scaffold_2	797387	897387
Aspergillus_fumigatus_B5856	42	36	6	0	scaffold_3	284710	384710
Aspergillus_fumigatus_B5856	32	30	2	0	scaffold_1	850822	950822
Aspergillus_fumigatus_B5856	39	36	3	0	scaffold_3	3058045	3158045
Aspergillus_fumigatus_B5856	34	30	4	0	scaffold_5	3002565	3102565
Aspergillus_fumigatus_B5856	36	35	1	0	scaffold_3	1688487	1788487
Aspergillus_fumigatus_B5856	35	34	1	0	scaffold_2	1074814	1174814
Aspergillus_fumigatus_B5856	31	29	2	0	scaffold_3	2822023	2922023
Aspergillus_fumigatus_B5856	38	38	0	0	scaffold_4	2269510	2369510
Aspergillus_fumigatus_B5856	43	37	6	0	scaffold_2	3327862	3427862
Aspergillus_fumigatus_B5856	37	34	3	0	scaffold_1	810927	910927
Aspergillus_fumigatus_B5856	44	44	0	0	scaffold_6	1742747	1842747
Aspergillus_fumigatus_B5856	43	38	5	0	scaffold_5	662398	762398
Aspergillus_fumigatus_B5856	40	37	3	0	scaffold_1	2363607	2463607
Aspergillus_fumigatus_B5856	37	35	2	0	scaffold_4	2701721	2801721
Aspergillus_fumigatus_B5856	36	35	1	0	scaffold_1	520065	620065
Aspergillus_fumigatus_B5856	35	31	4	0	scaffold_2	951648	1051648
Aspergillus_fumigatus_B5856	34	31	3	0	scaffold_1	983553	1083553
Aspergillus_fumigatus_B5856	34	31	3	0	scaffold_8	1231758	1331758
Aspergillus_fumigatus_B5856	47	40	7	0	scaffold_4	2507560	2607560
Aspergillus_fumigatus_B5856	35	28	7	0	scaffold_1	3466980	3566980
Aspergillus_fumigatus_B5856	42	37	5	0	scaffold_3	2274767	2374767
Aspergillus_fumigatus_B5856	40	37	3	0	scaffold_4	2327372	2427372
Aspergillus_fumigatus_B5856	41	36	5	0	scaffold_2	3292285	3392285
Aspergillus_fumigatus_B5856	34	31	3	0	scaffold_2	730300	830300
Aspergillus_fumigatus_B5856	31	31	0	0	scaffold_2	866955	966955
Aspergillus_fumigatus_B5856	19	17	2	0	scaffold_2	102508	202508
Aspergillus_fumigatus_B5856	35	33	2	0	scaffold_2	599867	699867
Aspergillus_fumigatus_B5856	26	24	2	0	scaffold_2	4560360	4660360
Aspergillus_fumigatus_B5856	34	30	4	0	scaffold_6	549942	649942
Aspergillus_fumigatus_B5856	37	34	3	0	scaffold_5	3236642	3336642
Aspergillus_fumigatus_B5856	27	17	10	0	scaffold_3	1918480	2018480
Aspergillus_fumigatus_B5856	19	19	0	0	scaffold_3	1115132	1215132
Aspergillus_fumigatus_B5856	32	31	1	0	scaffold_2	4155084	4255084
Aspergillus_fumigatus_B5856	36	30	6	0	scaffold_1	3369124	3469124
Aspergillus_fumigatus_B5856	34	30	4	0	scaffold_5	2327786	2427786
Aspergillus_fumigatus_B5856	39	37	2	0	scaffold_6	1828424	1928424
Aspergillus_fumigatus_B5856	43	41	2	0	scaffold_3	391965	491965
Aspergillus_fumigatus_B5856	41	37	4	0	scaffold_4	3461373	3561373
Aspergillus_fumigatus_B5856	36	32	4	0	scaffold_3	2517221	2617221
Aspergillus_fumigatus_B5856	38	34	4	0	scaffold_1	3212263	3312263
Aspergillus_fumigatus_B5856	47	37	10	0	scaffold_1	44241	144241
Aspergillus_fumigatus_B5856	36	32	4	0	scaffold_2	1393366	1493366
Aspergillus_fumigatus_B5856	38	36	2	0	scaffold_2	2772581	2872581
Aspergillus_fumigatus_B5856	42	37	5	0	scaffold_2	2058568	2158568
Aspergillus_fumigatus_B5856	34	33	1	0	scaffold_1	2076744	2176744
Aspergillus_fumigatus_B5856	38	35	3	0	scaffold_6	1472646	1572646
Aspergillus_fumigatus_B5856	37	37	0	0	scaffold_5	3141942	3241942
Aspergillus_fumigatus_B5856	37	37	0	0	scaffold_5	3130732	3230732
Aspergillus_fumigatus_B5856	36	32	4	0	scaffold_1	1609196	1709196
Aspergillus_fumigatus_B5856	39	32	7	0	scaffold_7	464164	564164
Aspergillus_fumigatus_B5856	32	32	0	0	scaffold_2	795185	895185
Aspergillus_fumigatus_B5856	35	35	0	0	scaffold_5	3101400	3201400
Aspergillus_fumigatus_B5856	35	33	2	0	scaffold_2	599546	699546
Aspergillus_fumigatus_B5856	36	34	2	0	scaffold_6	3093104	3193104
Aspergillus_fumigatus_B5856	16	14	2	0	scaffold_5	1264550	1364550
Aspergillus_fumigatus_B5856	17	15	2	0	scaffold_8	686085	786085
Aspergillus_fumigatus_B5856	41	36	5	0	scaffold_6	240663	340663
Aspergillus_fumigatus_B5856	44	40	4	0	scaffold_1	4628264	4728264
Aspergillus_fumigatus_B5856	33	32	1	0	scaffold_2	1110000	1210000
Aspergillus_fumigatus_B5856	33	33	0	0	scaffold_4	564805	664805
Aspergillus_fumigatus_B5856	20	19	1	0	scaffold_3	1154895	1254895
Aspergillus_fumigatus_B5856	38	35	3	0	scaffold_5	395440	495440
Aspergillus_fumigatus_B5856	34	33	1	0	scaffold_6	879403	979403
Aspergillus_fumigatus_B5856	22	20	2	0	scaffold_8	745228	845228
Aspergillus_fumigatus_B5856	36	35	1	0	scaffold_2	332990	432990
Aspergillus_fumigatus_B5856	41	39	2	0	scaffold_8	1396222	1496222
Aspergillus_fumigatus_B5856	30	26	4	0	scaffold_7	814025	914025
Aspergillus_fumigatus_B5856	48	40	8	0	scaffold_4	2494031	2594031
Aspergillus_fumigatus_B5856	36	36	0	0	scaffold_4	2266529	2366529
Aspergillus_fumigatus_B5856	40	38	2	0	scaffold_3	1520795	1620795
Aspergillus_fumigatus_B5856	39	36	3	0	scaffold_1	2196179	2296179
Aspergillus_fumigatus_B5856	44	41	3	0	scaffold_2	247550	347550
Aspergillus_fumigatus_B5856	40	36	4	0	scaffold_8	444366	544366
Aspergillus_fumigatus_B5856	42	38	4	0	scaffold_3	1754039	1854039
Aspergillus_fumigatus_B5856	17	14	3	0	scaffold_2	4060152	4160152
Aspergillus_fumigatus_B5856	31	29	2	0	scaffold_6	2025429	2125429
Aspergillus_fumigatus_B5856	34	32	2	0	scaffold_7	1232727	1332727
Aspergillus_fumigatus_B5856	38	37	1	0	scaffold_6	1658956	1758956
Aspergillus_fumigatus_B5856	41	39	2	0	scaffold_6	927426	1027426
Aspergillus_fumigatus_B5856	43	38	5	0	scaffold_2	3317905	3417905
Aspergillus_fumigatus_B5856	29	27	2	0	scaffold_2	1890300	1990300
Aspergillus_fumigatus_B5856	40	36	4	0	scaffold_2	970728	1070728
Aspergillus_fumigatus_B5856	34	31	3	0	scaffold_8	559565	659565
Aspergillus_fumigatus_B5856	41	40	1	0	scaffold_8	900280	1000280
Aspergillus_fumigatus_B5856	39	35	4	0	scaffold_5	1523816	1623816
Aspergillus_fumigatus_B5856	37	35	2	0	scaffold_7	622633	722633
Aspergillus_fumigatus_B5856	37	36	1	0	scaffold_5	764595	864595
Aspergillus_fumigatus_B5856	40	38	2	0	scaffold_6	2233408	2333408
Aspergillus_fumigatus_B5856	35	33	2	0	scaffold_1	941297	1041297
Aspergillus_fumigatus_B5856	39	35	4	0	scaffold_2	974572	1074572
Aspergillus_fumigatus_B5856	37	33	4	0	scaffold_5	1921798	2021798
Aspergillus_fumigatus_B5856	35	33	2	0	scaffold_6	826814	926814
Aspergillus_fumigatus_B5856	26	25	1	0	scaffold_4	1177821	1277821
Aspergillus_fumigatus_B5856	40	39	1	0	scaffold_6	1680539	1780539
Aspergillus_fumigatus_B5856	40	34	6	0	scaffold_5	74297	174297
Aspergillus_fumigatus_B5856	37	37	0	0	scaffold_4	501986	601986
Aspergillus_fumigatus_B5856	32	9	23	0	scaffold_5	2160242	2260242
Aspergillus_fumigatus_B5856	41	37	4	0	scaffold_3	1012202	1112202
Aspergillus_fumigatus_B5856	44	42	2	0	scaffold_4	956079	1056079
Aspergillus_fumigatus_B5856	33	32	1	0	scaffold_4	625165	725165
Aspergillus_fumigatus_B5856	45	40	5	0	scaffold_8	1475875	1575875
Aspergillus_fumigatus_B5856	42	35	7	0	scaffold_5	2523142	2623142
Aspergillus_fumigatus_B5856	35	32	3	0	scaffold_7	950456	1050456
Aspergillus_fumigatus_B5856	32	25	7	0	scaffold_5	2489008	2589008
Aspergillus_fumigatus_B5856	30	21	9	0	scaffold_3	1906193	2006193
Aspergillus_fumigatus_B5856	39	35	4	0	scaffold_2	1308267	1408267
Aspergillus_fumigatus_B5856	35	34	1	0	scaffold_4	2226415	2326415
Aspergillus_fumigatus_B5856	42	37	5	0	scaffold_8	1446142	1546142
Aspergillus_fumigatus_B5856	31	31	0	0	scaffold_4	594133	694133
Aspergillus_fumigatus_B5856	26	24	2	0	scaffold_2	4560895	4660895
Aspergillus_fumigatus_B5856	30	26	4	0	scaffold_1	1055571	1155571
Aspergillus_fumigatus_B5856	37	32	5	0	scaffold_2	1377580	1477580
Aspergillus_fumigatus_B5856	34	31	3	0	scaffold_2	725641	825641
Aspergillus_fumigatus_B5856	31	31	0	0	scaffold_1	2676398	2776398
Aspergillus_fumigatus_B5856	31	27	4	0	scaffold_1	1108363	1208363
Aspergillus_fumigatus_B5856	18	16	2	0	scaffold_2	4113258	4213258
Aspergillus_fumigatus_B5856	40	38	2	0	scaffold_6	980876	1080876
Aspergillus_fumigatus_B5856	38	35	3	0	scaffold_2	1296692	1396692
Aspergillus_fumigatus_B5856	31	28	3	0	scaffold_5	2343250	2443250
Aspergillus_fumigatus_B5856	35	33	2	0	scaffold_4	78744	178744
Aspergillus_fumigatus_B5856	29	28	1	0	scaffold_6	2511667	2611667
Aspergillus_fumigatus_B5856	31	26	5	0	scaffold_1	1428624	1528624
Aspergillus_fumigatus_B5856	38	36	2	0	scaffold_2	2567142	2667142
Aspergillus_fumigatus_B5856	35	35	0	0	scaffold_5	1414396	1514396
Aspergillus_fumigatus_B5856	39	35	4	0	scaffold_7	198456	298456
Aspergillus_fumigatus_B5856	43	36	7	0	scaffold_5	2524148	2624148
Aspergillus_fumigatus_B5856	13	11	2	0	scaffold_2	4088002	4188002
Aspergillus_fumigatus_B5856	32	30	2	0	scaffold_6	2619865	2719865
Aspergillus_fumigatus_B5856	35	34	1	0	scaffold_4	2710038	2810038
Aspergillus_fumigatus_B5856	38	29	9	0	scaffold_6	2089852	2189852
Aspergillus_fumigatus_B5856	37	35	2	0	scaffold_2	4289154	4389154
Aspergillus_fumigatus_B5856	40	37	3	0	scaffold_1	4564640	4664640
Aspergillus_fumigatus_B5856	39	34	5	0	scaffold_3	2296527	2396527
Aspergillus_fumigatus_B5856	42	40	2	0	scaffold_3	383027	483027
Aspergillus_fumigatus_B5856	43	40	3	0	scaffold_4	445988	545988
Aspergillus_fumigatus_B5856	40	34	6	0	scaffold_4	111439	211439
Aspergillus_fumigatus_B5856	35	33	2	0	scaffold_4	2688777	2788777
Aspergillus_fumigatus_B5856	34	32	2	0	scaffold_4	1829501	1929501
Aspergillus_fumigatus_B5856	39	35	4	0	scaffold_2	1830542	1930542
Aspergillus_fumigatus_B5856	28	24	4	0	scaffold_2	4578314	4678314
Aspergillus_fumigatus_B5856	39	36	3	0	scaffold_2	1483931	1583931
Aspergillus_fumigatus_B5856	26	22	4	0	scaffold_2	4576121	4676121
Aspergillus_fumigatus_B5856	35	19	16	0	scaffold_5	2250132	2350132
Aspergillus_fumigatus_B5856	33	30	3	0	scaffold_2	1130092	1230092
Aspergillus_fumigatus_B5856	19	14	5	0	scaffold_3	689703	789703
Aspergillus_fumigatus_B5856	35	26	9	0	scaffold_3	2367207	2467207
Aspergillus_fumigatus_B5856	16	14	2	0	scaffold_2	4110118	4210118
Aspergillus_fumigatus_B5856	36	33	3	0	scaffold_3	2573572	2673572
Aspergillus_fumigatus_B5856	12	10	2	0	scaffold_4	3763216	3863216
Aspergillus_fumigatus_B5856	38	32	6	0	scaffold_3	1830576	1930576
Aspergillus_fumigatus_B5856	39	35	4	0	scaffold_8	62766	162766
Aspergillus_fumigatus_B5856	37	32	5	0	scaffold_5	1123561	1223561
Aspergillus_fumigatus_B5856	44	41	3	0	scaffold_2	2164003	2264003
Aspergillus_fumigatus_B5856	44	41	3	0	scaffold_3	1045074	1145074
Aspergillus_fumigatus_B5856	35	33	2	0	scaffold_3	3075015	3175015
Aspergillus_fumigatus_B5856	25	24	1	0	scaffold_7	699076	799076
Aspergillus_fumigatus_B5856	38	31	7	0	scaffold_4	1654694	1754694
Aspergillus_fumigatus_B5856	41	39	2	0	scaffold_6	1588762	1688762
Aspergillus_fumigatus_B5856	45	40	5	0	scaffold_3	2236594	2336594
Aspergillus_fumigatus_B5856	35	32	3	0	scaffold_1	2758176	2858176
Aspergillus_fumigatus_B5856	39	35	4	0	scaffold_2	1336549	1436549
Aspergillus_fumigatus_B5856	42	40	2	0	scaffold_8	1405858	1505858
Aspergillus_fumigatus_B5856	38	30	8	0	scaffold_1	4111479	4211479
Aspergillus_fumigatus_B5856	27	27	0	0	scaffold_1	2699547	2799547
Aspergillus_fumigatus_B5856	33	30	3	0	scaffold_2	4454608	4554608
Aspergillus_fumigatus_B5856	31	29	2	0	scaffold_4	1487786	1587786
Aspergillus_fumigatus_B5856	42	36	6	0	scaffold_4	2544394	2644394
Aspergillus_fumigatus_B5856	28	27	1	0	scaffold_1	3029822	3129822
Aspergillus_fumigatus_B5856	15	13	2	0	scaffold_8	710475	810475
Aspergillus_fumigatus_B5856	38	32	6	0	scaffold_7	290253	390253
Aspergillus_fumigatus_B5856	44	44	0	0	scaffold_6	2831974	2931974
Aspergillus_fumigatus_B5856	36	35	1	0	scaffold_1	2145372	2245372
Aspergillus_fumigatus_B5856	35	32	3	0	scaffold_7	945312	1045312
Aspergillus_fumigatus_B5856	36	33	3	0	scaffold_2	1462203	1562203
Aspergillus_fumigatus_B5856	43	39	4	0	scaffold_5	633701	733701
Aspergillus_fumigatus_B5856	34	32	2	0	scaffold_3	1345735	1445735
Aspergillus_fumigatus_B5856	37	35	2	0	scaffold_2	1862603	1962603
Aspergillus_fumigatus_B5856	29	27	2	0	scaffold_1	2986884	3086884
Aspergillus_fumigatus_B5856	40	35	5	0	scaffold_6	246503	346503
Aspergillus_fumigatus_B5856	35	33	2	0	scaffold_2	595838	695838
Aspergillus_fumigatus_B5856	20	16	4	0	scaffold_1	2013049	2113049
Aspergillus_fumigatus_B5856	36	31	5	0	scaffold_5	1110067	1210067
Aspergillus_fumigatus_B5856	39	36	3	0	scaffold_3	3407364	3507364
Aspergillus_fumigatus_B5856	32	26	6	0	scaffold_6	337027	437027
