STRAIN	TOTAL	CORE	ACCESSORY	SINGLETON	CHROM	START	END
Aspergillus_fumigatus_DMC2_AF100-1_18	16	14	2	0	scaffold_1	715089	765089
Aspergillus_fumigatus_DMC2_AF100-1_18	16	16	0	0	scaffold_5	722468	772468
Aspergillus_fumigatus_DMC2_AF100-1_18	13	13	0	0	scaffold_3	985202	1035202
Aspergillus_fumigatus_DMC2_AF100-1_18	14	12	2	0	scaffold_7	398564	448564
Aspergillus_fumigatus_DMC2_AF100-1_18	17	16	1	0	scaffold_7	820971	870971
Aspergillus_fumigatus_DMC2_AF100-1_18	9	9	0	0	scaffold_2	1120898	1170898
Aspergillus_fumigatus_DMC2_AF100-1_18	20	20	0	0	scaffold_1	1594380	1644380
Aspergillus_fumigatus_DMC2_AF100-1_18	16	15	1	0	scaffold_6	1757907	1807907
Aspergillus_fumigatus_DMC2_AF100-1_18	7	2	5	0	scaffold_7	1683657	1733657
Aspergillus_fumigatus_DMC2_AF100-1_18	24	22	2	0	scaffold_6	683668	733668
Aspergillus_fumigatus_DMC2_AF100-1_18	19	18	1	0	scaffold_3	3310994	3360994
Aspergillus_fumigatus_DMC2_AF100-1_18	19	16	3	0	scaffold_2	1194999	1244999
Aspergillus_fumigatus_DMC2_AF100-1_18	21	20	1	0	scaffold_8	112633	162633
Aspergillus_fumigatus_DMC2_AF100-1_18	14	14	0	0	scaffold_7	607422	657422
Aspergillus_fumigatus_DMC2_AF100-1_18	17	17	0	0	scaffold_5	3067963	3117963
Aspergillus_fumigatus_DMC2_AF100-1_18	14	14	0	0	scaffold_6	1742121	1792121
Aspergillus_fumigatus_DMC2_AF100-1_18	14	13	1	0	scaffold_6	126982	176982
Aspergillus_fumigatus_DMC2_AF100-1_18	9	3	6	0	scaffold_4	677760	727760
Aspergillus_fumigatus_DMC2_AF100-1_18	4	2	2	0	scaffold_4	1008330	1058330
Aspergillus_fumigatus_DMC2_AF100-1_18	18	17	1	0	scaffold_6	756857	806857
Aspergillus_fumigatus_DMC2_AF100-1_18	20	20	0	0	scaffold_4	3448705	3498705
Aspergillus_fumigatus_DMC2_AF100-1_18	7	4	3	0	scaffold_8	798511	848511
Aspergillus_fumigatus_DMC2_AF100-1_18	16	16	0	0	scaffold_2	2756795	2806795
Aspergillus_fumigatus_DMC2_AF100-1_18	15	14	1	0	scaffold_1	629951	679951
Aspergillus_fumigatus_DMC2_AF100-1_18	19	19	0	0	scaffold_2	2233173	2283173
Aspergillus_fumigatus_DMC2_AF100-1_18	18	17	1	0	scaffold_2	2642041	2692041
Aspergillus_fumigatus_DMC2_AF100-1_18	13	13	0	0	scaffold_1	4201207	4251207
Aspergillus_fumigatus_DMC2_AF100-1_18	20	19	1	0	scaffold_4	245933	295933
Aspergillus_fumigatus_DMC2_AF100-1_18	19	14	5	0	scaffold_3	2441792	2491792
Aspergillus_fumigatus_DMC2_AF100-1_18	15	15	0	0	scaffold_3	3092947	3142947
Aspergillus_fumigatus_DMC2_AF100-1_18	21	15	6	0	scaffold_4	3599618	3649618
Aspergillus_fumigatus_DMC2_AF100-1_18	20	14	6	0	scaffold_6	2995190	3045190
Aspergillus_fumigatus_DMC2_AF100-1_18	11	11	0	0	scaffold_2	1843041	1893041
Aspergillus_fumigatus_DMC2_AF100-1_18	15	11	4	0	scaffold_4	3629341	3679341
Aspergillus_fumigatus_DMC2_AF100-1_18	14	13	1	0	scaffold_4	3269230	3319230
Aspergillus_fumigatus_DMC2_AF100-1_18	20	18	2	0	scaffold_3	3509121	3559121
Aspergillus_fumigatus_DMC2_AF100-1_18	17	15	2	0	scaffold_8	850655	900655
Aspergillus_fumigatus_DMC2_AF100-1_18	18	16	2	0	scaffold_1	2737264	2787264
Aspergillus_fumigatus_DMC2_AF100-1_18	18	18	0	0	scaffold_5	2164821	2214821
Aspergillus_fumigatus_DMC2_AF100-1_18	18	17	1	0	scaffold_8	312190	362190
Aspergillus_fumigatus_DMC2_AF100-1_18	20	19	1	0	scaffold_6	3570000	3620000
Aspergillus_fumigatus_DMC2_AF100-1_18	8	8	0	0	scaffold_1	1451864	1501864
Aspergillus_fumigatus_DMC2_AF100-1_18	17	2	15	0	scaffold_4	657333	707333
Aspergillus_fumigatus_DMC2_AF100-1_18	22	22	0	0	scaffold_1	563428	613428
Aspergillus_fumigatus_DMC2_AF100-1_18	12	11	1	0	scaffold_1	3408790	3458790
Aspergillus_fumigatus_DMC2_AF100-1_18	26	22	4	0	scaffold_5	3160621	3210621
Aspergillus_fumigatus_DMC2_AF100-1_18	18	17	1	0	scaffold_5	1322172	1372172
Aspergillus_fumigatus_DMC2_AF100-1_18	15	15	0	0	scaffold_2	1336085	1386085
Aspergillus_fumigatus_DMC2_AF100-1_18	25	24	1	0	scaffold_3	758898	808898
Aspergillus_fumigatus_DMC2_AF100-1_18	19	17	2	0	scaffold_2	2855175	2905175
Aspergillus_fumigatus_DMC2_AF100-1_18	11	7	4	0	scaffold_5	3804416	3854416
Aspergillus_fumigatus_DMC2_AF100-1_18	13	13	0	0	scaffold_1	2903110	2953110
Aspergillus_fumigatus_DMC2_AF100-1_18	25	24	1	0	scaffold_3	773856	823856
Aspergillus_fumigatus_DMC2_AF100-1_18	15	15	0	0	scaffold_5	753174	803174
Aspergillus_fumigatus_DMC2_AF100-1_18	13	13	0	0	scaffold_3	3012295	3062295
Aspergillus_fumigatus_DMC2_AF100-1_18	15	13	2	0	scaffold_8	274281	324281
Aspergillus_fumigatus_DMC2_AF100-1_18	15	15	0	0	scaffold_5	759072	809072
Aspergillus_fumigatus_DMC2_AF100-1_18	14	14	0	0	scaffold_6	849126	899126
Aspergillus_fumigatus_DMC2_AF100-1_18	16	16	0	0	scaffold_1	3207845	3257845
Aspergillus_fumigatus_DMC2_AF100-1_18	22	21	1	0	scaffold_7	1189032	1239032
Aspergillus_fumigatus_DMC2_AF100-1_18	21	20	1	0	scaffold_5	3418396	3468396
Aspergillus_fumigatus_DMC2_AF100-1_18	19	19	0	0	scaffold_1	755948	805948
Aspergillus_fumigatus_DMC2_AF100-1_18	20	18	2	0	scaffold_6	3444575	3494575
Aspergillus_fumigatus_DMC2_AF100-1_18	16	15	1	0	scaffold_3	2818735	2868735
Aspergillus_fumigatus_DMC2_AF100-1_18	5	4	1	0	scaffold_5	1186687	1236687
Aspergillus_fumigatus_DMC2_AF100-1_18	16	16	0	0	scaffold_4	1151371	1201371
Aspergillus_fumigatus_DMC2_AF100-1_18	7	4	3	0	scaffold_4	999809	1049809
Aspergillus_fumigatus_DMC2_AF100-1_18	18	16	2	0	scaffold_2	2906033	2956033
Aspergillus_fumigatus_DMC2_AF100-1_18	16	14	2	0	scaffold_6	2414760	2464760
Aspergillus_fumigatus_DMC2_AF100-1_18	14	10	4	0	scaffold_5	3799324	3849324
Aspergillus_fumigatus_DMC2_AF100-1_18	22	21	1	0	scaffold_3	2303563	2353563
Aspergillus_fumigatus_DMC2_AF100-1_18	16	15	1	0	scaffold_7	562106	612106
Aspergillus_fumigatus_DMC2_AF100-1_18	21	21	0	0	scaffold_2	491495	541495
Aspergillus_fumigatus_DMC2_AF100-1_18	13	12	1	0	scaffold_8	1547442	1597442
Aspergillus_fumigatus_DMC2_AF100-1_18	15	9	6	0	scaffold_6	263883	313883
Aspergillus_fumigatus_DMC2_AF100-1_18	18	18	0	0	scaffold_6	3191621	3241621
Aspergillus_fumigatus_DMC2_AF100-1_18	19	19	0	0	scaffold_8	607256	657256
Aspergillus_fumigatus_DMC2_AF100-1_18	17	17	0	0	scaffold_1	1274317	1324317
Aspergillus_fumigatus_DMC2_AF100-1_18	21	21	0	0	scaffold_3	1861848	1911848
Aspergillus_fumigatus_DMC2_AF100-1_18	14	12	1	1	scaffold_4	762521	812521
Aspergillus_fumigatus_DMC2_AF100-1_18	22	22	0	0	scaffold_7	855907	905907
Aspergillus_fumigatus_DMC2_AF100-1_18	21	20	1	0	scaffold_8	1384674	1434674
Aspergillus_fumigatus_DMC2_AF100-1_18	18	16	2	0	scaffold_6	119807	169807
Aspergillus_fumigatus_DMC2_AF100-1_18	23	23	0	0	scaffold_6	2112967	2162967
Aspergillus_fumigatus_DMC2_AF100-1_18	20	20	0	0	scaffold_3	1689804	1739804
Aspergillus_fumigatus_DMC2_AF100-1_18	19	18	1	0	scaffold_6	3527885	3577885
Aspergillus_fumigatus_DMC2_AF100-1_18	21	21	0	0	scaffold_1	1627078	1677078
Aspergillus_fumigatus_DMC2_AF100-1_18	17	15	2	0	scaffold_1	4082726	4132726
Aspergillus_fumigatus_DMC2_AF100-1_18	20	19	0	1	scaffold_7	293721	343721
Aspergillus_fumigatus_DMC2_AF100-1_18	17	17	0	0	scaffold_5	833549	883549
Aspergillus_fumigatus_DMC2_AF100-1_18	20	17	3	0	scaffold_2	1178635	1228635
Aspergillus_fumigatus_DMC2_AF100-1_18	17	17	0	0	scaffold_2	521326	571326
Aspergillus_fumigatus_DMC2_AF100-1_18	11	9	2	0	scaffold_3	479862	529862
Aspergillus_fumigatus_DMC2_AF100-1_18	19	17	2	0	scaffold_7	71334	121334
Aspergillus_fumigatus_DMC2_AF100-1_18	16	16	0	0	scaffold_8	90563	140563
Aspergillus_fumigatus_DMC2_AF100-1_18	15	14	1	0	scaffold_1	2398804	2448804
Aspergillus_fumigatus_DMC2_AF100-1_18	10	10	0	0	scaffold_3	1261195	1311195
Aspergillus_fumigatus_DMC2_AF100-1_18	13	13	0	0	scaffold_4	3359957	3409957
Aspergillus_fumigatus_DMC2_AF100-1_18	14	12	2	0	scaffold_4	2446206	2496206
Aspergillus_fumigatus_DMC2_AF100-1_18	22	19	3	0	scaffold_5	3263315	3313315
Aspergillus_fumigatus_DMC2_AF100-1_18	27	22	5	0	scaffold_7	1581709	1631709
Aspergillus_fumigatus_DMC2_AF100-1_18	11	11	0	0	scaffold_4	2025686	2075686
Aspergillus_fumigatus_DMC2_AF100-1_18	11	0	11	0	scaffold_7	1728305	1778305
Aspergillus_fumigatus_DMC2_AF100-1_18	19	18	1	0	scaffold_4	2683369	2733369
Aspergillus_fumigatus_DMC2_AF100-1_18	17	17	0	0	scaffold_2	513865	563865
Aspergillus_fumigatus_DMC2_AF100-1_18	21	20	1	0	scaffold_2	136017	186017
Aspergillus_fumigatus_DMC2_AF100-1_18	0	0	0	0	scaffold_1	1425429	1475429
Aspergillus_fumigatus_DMC2_AF100-1_18	13	12	1	0	scaffold_4	1714428	1764428
Aspergillus_fumigatus_DMC2_AF100-1_18	22	19	3	0	scaffold_4	1288497	1338497
Aspergillus_fumigatus_DMC2_AF100-1_18	15	13	2	0	scaffold_3	3062070	3112070
Aspergillus_fumigatus_DMC2_AF100-1_18	19	19	0	0	scaffold_2	623296	673296
Aspergillus_fumigatus_DMC2_AF100-1_18	17	17	0	0	scaffold_4	2948231	2998231
Aspergillus_fumigatus_DMC2_AF100-1_18	11	10	1	0	scaffold_2	1602455	1652455
Aspergillus_fumigatus_DMC2_AF100-1_18	17	17	0	0	scaffold_1	3449771	3499771
Aspergillus_fumigatus_DMC2_AF100-1_18	22	20	2	0	scaffold_5	3312775	3362775
Aspergillus_fumigatus_DMC2_AF100-1_18	19	19	0	0	scaffold_1	2152212	2202212
Aspergillus_fumigatus_DMC2_AF100-1_18	16	14	2	0	scaffold_4	2474662	2524662
Aspergillus_fumigatus_DMC2_AF100-1_18	19	16	3	0	scaffold_3	693643	743643
Aspergillus_fumigatus_DMC2_AF100-1_18	17	16	1	0	scaffold_2	2844312	2894312
Aspergillus_fumigatus_DMC2_AF100-1_18	19	18	1	0	scaffold_2	2831376	2881376
Aspergillus_fumigatus_DMC2_AF100-1_18	19	19	0	0	scaffold_5	1838301	1888301
Aspergillus_fumigatus_DMC2_AF100-1_18	17	17	0	0	scaffold_3	3256007	3306007
Aspergillus_fumigatus_DMC2_AF100-1_18	17	17	0	0	scaffold_5	1599708	1649708
Aspergillus_fumigatus_DMC2_AF100-1_18	21	20	1	0	scaffold_3	2596523	2646523
Aspergillus_fumigatus_DMC2_AF100-1_18	23	23	0	0	scaffold_3	1832282	1882282
Aspergillus_fumigatus_DMC2_AF100-1_18	19	12	7	0	scaffold_3	2480473	2530473
Aspergillus_fumigatus_DMC2_AF100-1_18	13	13	0	0	scaffold_4	1999894	2049894
Aspergillus_fumigatus_DMC2_AF100-1_18	21	19	2	0	scaffold_8	229807	279807
Aspergillus_fumigatus_DMC2_AF100-1_18	17	15	2	0	scaffold_4	2485010	2535010
Aspergillus_fumigatus_DMC2_AF100-1_18	1	0	1	0	scaffold_5	26840	76840
Aspergillus_fumigatus_DMC2_AF100-1_18	30	27	3	0	scaffold_4	3943072	3993072
Aspergillus_fumigatus_DMC2_AF100-1_18	18	17	1	0	scaffold_5	1775996	1825996
Aspergillus_fumigatus_DMC2_AF100-1_18	5	5	0	0	scaffold_2	1913758	1963758
Aspergillus_fumigatus_DMC2_AF100-1_18	7	4	3	0	scaffold_6	2329911	2379911
Aspergillus_fumigatus_DMC2_AF100-1_18	13	13	0	0	scaffold_2	1689885	1739885
Aspergillus_fumigatus_DMC2_AF100-1_18	22	22	0	0	scaffold_4	2149010	2199010
Aspergillus_fumigatus_DMC2_AF100-1_18	22	19	3	0	scaffold_4	494061	544061
Aspergillus_fumigatus_DMC2_AF100-1_18	15	15	0	0	scaffold_1	2254005	2304005
Aspergillus_fumigatus_DMC2_AF100-1_18	18	18	0	0	scaffold_2	428784	478784
Aspergillus_fumigatus_DMC2_AF100-1_18	24	22	2	0	scaffold_7	1612313	1662313
Aspergillus_fumigatus_DMC2_AF100-1_18	14	14	0	0	scaffold_7	607803	657803
Aspergillus_fumigatus_DMC2_AF100-1_18	12	12	0	0	scaffold_2	1284267	1334267
Aspergillus_fumigatus_DMC2_AF100-1_18	18	14	4	0	scaffold_8	4261	54261
Aspergillus_fumigatus_DMC2_AF100-1_18	17	17	0	0	scaffold_1	3581666	3631666
Aspergillus_fumigatus_DMC2_AF100-1_18	21	14	7	0	scaffold_6	2976730	3026730
Aspergillus_fumigatus_DMC2_AF100-1_18	24	21	3	0	scaffold_7	1560770	1610770
Aspergillus_fumigatus_DMC2_AF100-1_18	19	18	1	0	scaffold_1	2295788	2345788
Aspergillus_fumigatus_DMC2_AF100-1_18	17	17	0	0	scaffold_4	3422140	3472140
Aspergillus_fumigatus_DMC2_AF100-1_18	18	17	1	0	scaffold_4	2963621	3013621
Aspergillus_fumigatus_DMC2_AF100-1_18	14	12	2	0	scaffold_1	2647763	2697763
Aspergillus_fumigatus_DMC2_AF100-1_18	16	15	1	0	scaffold_1	3843337	3893337
Aspergillus_fumigatus_DMC2_AF100-1_18	23	20	3	0	scaffold_4	521142	571142
Aspergillus_fumigatus_DMC2_AF100-1_18	18	17	1	0	scaffold_1	823390	873390
Aspergillus_fumigatus_DMC2_AF100-1_18	15	14	1	0	scaffold_1	3683283	3733283
Aspergillus_fumigatus_DMC2_AF100-1_18	21	19	2	0	scaffold_2	3549757	3599757
Aspergillus_fumigatus_DMC2_AF100-1_18	21	19	2	0	scaffold_5	3330644	3380644
Aspergillus_fumigatus_DMC2_AF100-1_18	15	15	0	0	scaffold_2	401651	451651
Aspergillus_fumigatus_DMC2_AF100-1_18	21	21	0	0	scaffold_1	1296837	1346837
Aspergillus_fumigatus_DMC2_AF100-1_18	15	14	1	0	scaffold_2	1542603	1592603
Aspergillus_fumigatus_DMC2_AF100-1_18	14	12	2	0	scaffold_6	2178652	2228652
Aspergillus_fumigatus_DMC2_AF100-1_18	16	14	2	0	scaffold_7	1049740	1099740
Aspergillus_fumigatus_DMC2_AF100-1_18	19	16	3	0	scaffold_2	2782571	2832571
Aspergillus_fumigatus_DMC2_AF100-1_18	13	13	0	0	scaffold_1	456325	506325
Aspergillus_fumigatus_DMC2_AF100-1_18	23	20	3	0	scaffold_2	2449613	2499613
Aspergillus_fumigatus_DMC2_AF100-1_18	6	5	1	0	scaffold_6	153098	203098
Aspergillus_fumigatus_DMC2_AF100-1_18	22	21	1	0	scaffold_2	4515005	4565005
Aspergillus_fumigatus_DMC2_AF100-1_18	17	17	0	0	scaffold_3	3383984	3433984
Aspergillus_fumigatus_DMC2_AF100-1_18	21	20	1	0	scaffold_1	2206474	2256474
Aspergillus_fumigatus_DMC2_AF100-1_18	16	16	0	0	scaffold_4	2582330	2632330
Aspergillus_fumigatus_DMC2_AF100-1_18	23	20	3	0	scaffold_7	1149442	1199442
Aspergillus_fumigatus_DMC2_AF100-1_18	22	18	4	0	scaffold_4	71601	121601
Aspergillus_fumigatus_DMC2_AF100-1_18	24	23	1	0	scaffold_6	3586020	3636020
Aspergillus_fumigatus_DMC2_AF100-1_18	16	16	0	0	scaffold_5	669266	719266
Aspergillus_fumigatus_DMC2_AF100-1_18	22	18	4	0	scaffold_4	74437	124437
Aspergillus_fumigatus_DMC2_AF100-1_18	18	17	1	0	scaffold_8	480477	530477
Aspergillus_fumigatus_DMC2_AF100-1_18	13	13	0	0	scaffold_1	942906	992906
Aspergillus_fumigatus_DMC2_AF100-1_18	16	16	0	0	scaffold_1	3793423	3843423
Aspergillus_fumigatus_DMC2_AF100-1_18	20	20	0	0	scaffold_1	544275	594275
Aspergillus_fumigatus_DMC2_AF100-1_18	3	3	0	0	scaffold_2	1909048	1959048
Aspergillus_fumigatus_DMC2_AF100-1_18	18	16	2	0	scaffold_2	2934456	2984456
Aspergillus_fumigatus_DMC2_AF100-1_18	21	20	1	0	scaffold_2	4520785	4570785
Aspergillus_fumigatus_DMC2_AF100-1_18	18	16	2	0	scaffold_4	1895128	1945128
Aspergillus_fumigatus_DMC2_AF100-1_18	15	0	15	0	scaffold_4	622055	672055
Aspergillus_fumigatus_DMC2_AF100-1_18	19	18	1	0	scaffold_7	1463299	1513299
Aspergillus_fumigatus_DMC2_AF100-1_18	15	15	0	0	scaffold_5	881369	931369
Aspergillus_fumigatus_DMC2_AF100-1_18	14	14	0	0	scaffold_5	1566685	1616685
Aspergillus_fumigatus_DMC2_AF100-1_18	22	21	1	0	scaffold_2	4517636	4567636
Aspergillus_fumigatus_DMC2_AF100-1_18	13	13	0	0	scaffold_2	1011629	1061629
Aspergillus_fumigatus_DMC2_AF100-1_18	19	19	0	0	scaffold_6	593708	643708
Aspergillus_fumigatus_DMC2_AF100-1_18	22	21	1	0	scaffold_3	1889086	1939086
Aspergillus_fumigatus_DMC2_AF100-1_18	22	20	2	0	scaffold_7	135924	185924
Aspergillus_fumigatus_DMC2_AF100-1_18	21	16	5	0	scaffold_5	89576	139576
Aspergillus_fumigatus_DMC2_AF100-1_18	17	0	17	0	scaffold_2	3934924	3984924
Aspergillus_fumigatus_DMC2_AF100-1_18	17	17	0	0	scaffold_1	1077421	1127421
Aspergillus_fumigatus_DMC2_AF100-1_18	18	18	0	0	scaffold_4	3069592	3119592
Aspergillus_fumigatus_DMC2_AF100-1_18	22	22	0	0	scaffold_6	2645576	2695576
Aspergillus_fumigatus_DMC2_AF100-1_18	6	5	1	0	scaffold_4	1017669	1067669
Aspergillus_fumigatus_DMC2_AF100-1_18	22	21	1	0	scaffold_3	3738458	3788458
Aspergillus_fumigatus_DMC2_AF100-1_18	20	20	0	0	scaffold_6	654094	704094
Aspergillus_fumigatus_DMC2_AF100-1_18	20	20	0	0	scaffold_7	282000	332000
Aspergillus_fumigatus_DMC2_AF100-1_18	10	0	10	0	scaffold_7	1963330	2013330
Aspergillus_fumigatus_DMC2_AF100-1_18	17	17	0	0	scaffold_2	580254	630254
Aspergillus_fumigatus_DMC2_AF100-1_18	17	17	0	0	scaffold_5	1139247	1189247
Aspergillus_fumigatus_DMC2_AF100-1_18	16	11	5	0	scaffold_3	411637	461637
Aspergillus_fumigatus_DMC2_AF100-1_18	17	16	1	0	scaffold_1	951587	1001587
Aspergillus_fumigatus_DMC2_AF100-1_18	18	17	1	0	scaffold_1	3014048	3064048
Aspergillus_fumigatus_DMC2_AF100-1_18	12	12	0	0	scaffold_1	3910480	3960480
Aspergillus_fumigatus_DMC2_AF100-1_18	3	2	1	0	scaffold_6	1282714	1332714
Aspergillus_fumigatus_DMC2_AF100-1_18	20	18	2	0	scaffold_4	1860144	1910144
Aspergillus_fumigatus_DMC2_AF100-1_18	15	15	0	0	scaffold_5	1357422	1407422
Aspergillus_fumigatus_DMC2_AF100-1_18	16	14	2	0	scaffold_1	1223749	1273749
Aspergillus_fumigatus_DMC2_AF100-1_18	12	10	2	0	scaffold_4	3646166	3696166
Aspergillus_fumigatus_DMC2_AF100-1_18	21	17	4	0	scaffold_3	281746	331746
Aspergillus_fumigatus_DMC2_AF100-1_18	11	10	1	0	scaffold_2	3515634	3565634
Aspergillus_fumigatus_DMC2_AF100-1_18	18	17	1	0	scaffold_2	4318686	4368686
Aspergillus_fumigatus_DMC2_AF100-1_18	21	15	6	0	scaffold_6	2968221	3018221
Aspergillus_fumigatus_DMC2_AF100-1_18	14	14	0	0	scaffold_1	3903693	3953693
Aspergillus_fumigatus_DMC2_AF100-1_18	0	0	0	0	scaffold_2	1903108	1953108
Aspergillus_fumigatus_DMC2_AF100-1_18	17	17	0	0	scaffold_1	3550630	3600630
Aspergillus_fumigatus_DMC2_AF100-1_18	14	11	3	0	scaffold_3	168642	218642
Aspergillus_fumigatus_DMC2_AF100-1_18	18	17	1	0	scaffold_4	2360023	2410023
Aspergillus_fumigatus_DMC2_AF100-1_18	0	0	0	0	scaffold_3	1215366	1265366
Aspergillus_fumigatus_DMC2_AF100-1_18	17	17	0	0	scaffold_4	3082369	3132369
Aspergillus_fumigatus_DMC2_AF100-1_18	17	15	2	0	scaffold_2	2932682	2982682
Aspergillus_fumigatus_DMC2_AF100-1_18	20	19	1	0	scaffold_4	406375	456375
Aspergillus_fumigatus_DMC2_AF100-1_18	15	15	0	0	scaffold_2	1345650	1395650
Aspergillus_fumigatus_DMC2_AF100-1_18	18	16	2	0	scaffold_1	2735649	2785649
Aspergillus_fumigatus_DMC2_AF100-1_18	20	20	0	0	scaffold_2	2123750	2173750
Aspergillus_fumigatus_DMC2_AF100-1_18	18	0	18	0	scaffold_2	4008603	4058603
Aspergillus_fumigatus_DMC2_AF100-1_18	20	19	1	0	scaffold_3	35156	85156
Aspergillus_fumigatus_DMC2_AF100-1_18	12	12	0	0	scaffold_4	3365634	3415634
Aspergillus_fumigatus_DMC2_AF100-1_18	16	15	1	0	scaffold_1	4434184	4484184
Aspergillus_fumigatus_DMC2_AF100-1_18	21	21	0	0	scaffold_6	1669299	1719299
Aspergillus_fumigatus_DMC2_AF100-1_18	18	18	0	0	scaffold_5	2163312	2213312
Aspergillus_fumigatus_DMC2_AF100-1_18	18	18	0	0	scaffold_6	1053789	1103789
Aspergillus_fumigatus_DMC2_AF100-1_18	17	15	2	0	scaffold_5	1736704	1786704
Aspergillus_fumigatus_DMC2_AF100-1_18	19	17	2	0	scaffold_6	84403	134403
Aspergillus_fumigatus_DMC2_AF100-1_18	22	21	1	0	scaffold_4	237422	287422
Aspergillus_fumigatus_DMC2_AF100-1_18	19	17	2	0	scaffold_1	4011148	4061148
Aspergillus_fumigatus_DMC2_AF100-1_18	0	0	0	0	scaffold_2	1793675	1843675
Aspergillus_fumigatus_DMC2_AF100-1_18	23	22	1	0	scaffold_1	2326350	2376350
Aspergillus_fumigatus_DMC2_AF100-1_18	11	11	0	0	scaffold_2	1696750	1746750
Aspergillus_fumigatus_DMC2_AF100-1_18	18	18	0	0	scaffold_6	639052	689052
Aspergillus_fumigatus_DMC2_AF100-1_18	19	19	0	0	scaffold_1	2941737	2991737
Aspergillus_fumigatus_DMC2_AF100-1_18	15	15	0	0	scaffold_6	1734262	1784262
Aspergillus_fumigatus_DMC2_AF100-1_18	15	15	0	0	scaffold_1	4240532	4290532
Aspergillus_fumigatus_DMC2_AF100-1_18	9	9	0	0	scaffold_7	1225630	1275630
Aspergillus_fumigatus_DMC2_AF100-1_18	21	21	0	0	scaffold_3	3655831	3705831
Aspergillus_fumigatus_DMC2_AF100-1_18	12	12	0	0	scaffold_2	756309	806309
Aspergillus_fumigatus_DMC2_AF100-1_18	18	15	3	0	scaffold_4	969817	1019817
Aspergillus_fumigatus_DMC2_AF100-1_18	17	15	2	0	scaffold_1	717725	767725
Aspergillus_fumigatus_DMC2_AF100-1_18	18	17	1	0	scaffold_3	1674375	1724375
Aspergillus_fumigatus_DMC2_AF100-1_18	24	23	1	0	scaffold_3	3183283	3233283
Aspergillus_fumigatus_DMC2_AF100-1_18	21	21	0	0	scaffold_6	810764	860764
Aspergillus_fumigatus_DMC2_AF100-1_18	15	15	0	0	scaffold_6	1740190	1790190
Aspergillus_fumigatus_DMC2_AF100-1_18	14	13	1	0	scaffold_6	127618	177618
Aspergillus_fumigatus_DMC2_AF100-1_18	14	13	1	0	scaffold_5	3490425	3540425
Aspergillus_fumigatus_DMC2_AF100-1_18	16	16	0	0	scaffold_2	2352224	2402224
Aspergillus_fumigatus_DMC2_AF100-1_18	21	13	8	0	scaffold_2	4167529	4217529
Aspergillus_fumigatus_DMC2_AF100-1_18	16	16	0	0	scaffold_4	2877872	2927872
Aspergillus_fumigatus_DMC2_AF100-1_18	23	22	1	0	scaffold_4	149525	199525
Aspergillus_fumigatus_DMC2_AF100-1_18	19	19	0	0	scaffold_3	3367232	3417232
Aspergillus_fumigatus_DMC2_AF100-1_18	22	14	8	0	scaffold_2	4171277	4221277
Aspergillus_fumigatus_DMC2_AF100-1_18	18	18	0	0	scaffold_7	472356	522356
Aspergillus_fumigatus_DMC2_AF100-1_18	18	17	1	0	scaffold_3	1310449	1360449
Aspergillus_fumigatus_DMC2_AF100-1_18	21	20	1	0	scaffold_5	995623	1045623
Aspergillus_fumigatus_DMC2_AF100-1_18	16	15	1	0	scaffold_7	994192	1044192
Aspergillus_fumigatus_DMC2_AF100-1_18	23	23	0	0	scaffold_3	1841972	1891972
Aspergillus_fumigatus_DMC2_AF100-1_18	18	18	0	0	scaffold_7	914863	964863
Aspergillus_fumigatus_DMC2_AF100-1_18	16	15	1	0	scaffold_5	1338234	1388234
Aspergillus_fumigatus_DMC2_AF100-1_18	18	17	1	0	scaffold_5	2976449	3026449
Aspergillus_fumigatus_DMC2_AF100-1_18	20	19	1	0	scaffold_5	2448717	2498717
Aspergillus_fumigatus_DMC2_AF100-1_18	13	1	12	0	scaffold_7	1814170	1864170
Aspergillus_fumigatus_DMC2_AF100-1_18	17	15	2	0	scaffold_5	2888827	2938827
Aspergillus_fumigatus_DMC2_AF100-1_18	0	0	0	0	scaffold_7	1864767	1914767
Aspergillus_fumigatus_DMC2_AF100-1_18	17	17	0	0	scaffold_8	87763	137763
Aspergillus_fumigatus_DMC2_AF100-1_18	15	15	0	0	scaffold_4	1469188	1519188
Aspergillus_fumigatus_DMC2_AF100-1_18	17	16	1	0	scaffold_4	3162531	3212531
Aspergillus_fumigatus_DMC2_AF100-1_18	18	16	2	0	scaffold_3	3691128	3741128
Aspergillus_fumigatus_DMC2_AF100-1_18	0	0	0	0	scaffold_6	164907	214907
Aspergillus_fumigatus_DMC2_AF100-1_18	16	16	0	0	scaffold_1	4359011	4409011
Aspergillus_fumigatus_DMC2_AF100-1_18	24	21	3	0	scaffold_7	240942	290942
Aspergillus_fumigatus_DMC2_AF100-1_18	25	18	7	0	scaffold_5	3228452	3278452
Aspergillus_fumigatus_DMC2_AF100-1_18	19	17	2	0	scaffold_7	196989	246989
Aspergillus_fumigatus_DMC2_AF100-1_18	19	18	1	0	scaffold_3	2804113	2854113
Aspergillus_fumigatus_DMC2_AF100-1_18	17	16	1	0	scaffold_1	733819	783819
Aspergillus_fumigatus_DMC2_AF100-1_18	19	11	8	0	scaffold_2	4157150	4207150
Aspergillus_fumigatus_DMC2_AF100-1_18	22	21	1	0	scaffold_4	3902256	3952256
Aspergillus_fumigatus_DMC2_AF100-1_18	23	21	2	0	scaffold_6	433801	483801
Aspergillus_fumigatus_DMC2_AF100-1_18	12	12	0	0	scaffold_3	3871273	3921273
Aspergillus_fumigatus_DMC2_AF100-1_18	19	19	0	0	scaffold_6	586968	636968
Aspergillus_fumigatus_DMC2_AF100-1_18	19	16	3	0	scaffold_6	2365522	2415522
Aspergillus_fumigatus_DMC2_AF100-1_18	4	4	0	0	scaffold_2	1874098	1924098
Aspergillus_fumigatus_DMC2_AF100-1_18	19	19	0	0	scaffold_2	3172214	3222214
Aspergillus_fumigatus_DMC2_AF100-1_18	18	16	2	0	scaffold_6	2534501	2584501
Aspergillus_fumigatus_DMC2_AF100-1_18	13	11	2	0	scaffold_1	4046624	4096624
Aspergillus_fumigatus_DMC2_AF100-1_18	16	15	1	0	scaffold_2	3266528	3316528
Aspergillus_fumigatus_DMC2_AF100-1_18	18	17	1	0	scaffold_6	2805559	2855559
Aspergillus_fumigatus_DMC2_AF100-1_18	17	17	0	0	scaffold_2	807200	857200
Aspergillus_fumigatus_DMC2_AF100-1_18	9	6	3	0	scaffold_8	876665	926665
Aspergillus_fumigatus_DMC2_AF100-1_18	20	19	1	0	scaffold_7	1195929	1245929
Aspergillus_fumigatus_DMC2_AF100-1_18	7	3	4	0	scaffold_6	2247872	2297872
Aspergillus_fumigatus_DMC2_AF100-1_18	17	14	3	0	scaffold_4	584783	634783
Aspergillus_fumigatus_DMC2_AF100-1_18	19	17	2	0	scaffold_5	149902	199902
Aspergillus_fumigatus_DMC2_AF100-1_18	20	19	1	0	scaffold_6	3578084	3628084
Aspergillus_fumigatus_DMC2_AF100-1_18	16	14	2	0	scaffold_4	342066	392066
Aspergillus_fumigatus_DMC2_AF100-1_18	19	19	0	0	scaffold_1	1707963	1757963
Aspergillus_fumigatus_DMC2_AF100-1_18	15	14	1	0	scaffold_6	2209236	2259236
Aspergillus_fumigatus_DMC2_AF100-1_18	18	18	0	0	scaffold_4	3083940	3133940
Aspergillus_fumigatus_DMC2_AF100-1_18	17	17	0	0	scaffold_2	2050802	2100802
Aspergillus_fumigatus_DMC2_AF100-1_18	20	20	0	0	scaffold_1	4263299	4313299
Aspergillus_fumigatus_DMC2_AF100-1_18	16	15	1	0	scaffold_4	2058659	2108659
Aspergillus_fumigatus_DMC2_AF100-1_18	20	18	2	0	scaffold_2	2597733	2647733
Aspergillus_fumigatus_DMC2_AF100-1_18	12	12	0	0	scaffold_1	3910251	3960251
Aspergillus_fumigatus_DMC2_AF100-1_18	14	13	1	0	scaffold_6	3359145	3409145
Aspergillus_fumigatus_DMC2_AF100-1_18	15	15	0	0	scaffold_6	1747111	1797111
Aspergillus_fumigatus_DMC2_AF100-1_18	18	18	0	0	scaffold_5	577905	627905
Aspergillus_fumigatus_DMC2_AF100-1_18	18	17	0	1	scaffold_4	3420129	3470129
Aspergillus_fumigatus_DMC2_AF100-1_18	7	6	1	0	scaffold_4	1025243	1075243
Aspergillus_fumigatus_DMC2_AF100-1_18	16	15	1	0	scaffold_2	2690565	2740565
Aspergillus_fumigatus_DMC2_AF100-1_18	22	20	2	0	scaffold_4	461457	511457
Aspergillus_fumigatus_DMC2_AF100-1_18	20	19	1	0	scaffold_2	2886958	2936958
Aspergillus_fumigatus_DMC2_AF100-1_18	19	18	1	0	scaffold_3	3322696	3372696
Aspergillus_fumigatus_DMC2_AF100-1_18	19	17	2	0	scaffold_4	1312053	1362053
Aspergillus_fumigatus_DMC2_AF100-1_18	17	17	0	0	scaffold_2	2326382	2376382
Aspergillus_fumigatus_DMC2_AF100-1_18	14	11	3	0	scaffold_6	278240	328240
Aspergillus_fumigatus_DMC2_AF100-1_18	17	17	0	0	scaffold_2	878196	928196
Aspergillus_fumigatus_DMC2_AF100-1_18	18	17	1	0	scaffold_1	4456548	4506548
Aspergillus_fumigatus_DMC2_AF100-1_18	25	22	3	0	scaffold_5	3168612	3218612
Aspergillus_fumigatus_DMC2_AF100-1_18	11	11	0	0	scaffold_2	1277463	1327463
Aspergillus_fumigatus_DMC2_AF100-1_18	20	17	3	0	scaffold_5	102409	152409
Aspergillus_fumigatus_DMC2_AF100-1_18	20	20	0	0	scaffold_4	3792243	3842243
Aspergillus_fumigatus_DMC2_AF100-1_18	17	17	0	0	scaffold_6	861871	911871
Aspergillus_fumigatus_DMC2_AF100-1_18	15	14	1	0	scaffold_8	280389	330389
Aspergillus_fumigatus_DMC2_AF100-1_18	14	14	0	0	scaffold_6	3125076	3175076
Aspergillus_fumigatus_DMC2_AF100-1_18	16	15	1	0	scaffold_7	455811	505811
Aspergillus_fumigatus_DMC2_AF100-1_18	20	19	1	0	scaffold_3	435786	485786
Aspergillus_fumigatus_DMC2_AF100-1_18	21	19	2	0	scaffold_4	1070365	1120365
Aspergillus_fumigatus_DMC2_AF100-1_18	16	16	0	0	scaffold_5	674011	724011
Aspergillus_fumigatus_DMC2_AF100-1_18	18	18	0	0	scaffold_2	2333315	2383315
Aspergillus_fumigatus_DMC2_AF100-1_18	15	15	0	0	scaffold_1	2910658	2960658
Aspergillus_fumigatus_DMC2_AF100-1_18	16	15	1	0	scaffold_3	629472	679472
Aspergillus_fumigatus_DMC2_AF100-1_18	17	15	2	0	scaffold_8	374839	424839
Aspergillus_fumigatus_DMC2_AF100-1_18	16	12	4	0	scaffold_4	21281	71281
Aspergillus_fumigatus_DMC2_AF100-1_18	15	14	1	0	scaffold_5	3681106	3731106
Aspergillus_fumigatus_DMC2_AF100-1_18	19	17	2	0	scaffold_5	2494579	2544579
Aspergillus_fumigatus_DMC2_AF100-1_18	19	19	0	0	scaffold_3	3991231	4041231
Aspergillus_fumigatus_DMC2_AF100-1_18	19	19	0	0	scaffold_1	1704815	1754815
Aspergillus_fumigatus_DMC2_AF100-1_18	19	19	0	0	scaffold_5	3395099	3445099
Aspergillus_fumigatus_DMC2_AF100-1_18	17	16	1	0	scaffold_4	3153876	3203876
Aspergillus_fumigatus_DMC2_AF100-1_18	18	18	0	0	scaffold_2	2025255	2075255
Aspergillus_fumigatus_DMC2_AF100-1_18	16	16	0	0	scaffold_4	2950958	3000958
Aspergillus_fumigatus_DMC2_AF100-1_18	22	22	0	0	scaffold_1	565809	615809
Aspergillus_fumigatus_DMC2_AF100-1_18	17	14	3	0	scaffold_6	2955000	3005000
Aspergillus_fumigatus_DMC2_AF100-1_18	17	17	0	0	scaffold_3	2025645	2075645
Aspergillus_fumigatus_DMC2_AF100-1_18	19	19	0	0	scaffold_4	3027049	3077049
Aspergillus_fumigatus_DMC2_AF100-1_18	15	14	1	0	scaffold_6	1781542	1831542
Aspergillus_fumigatus_DMC2_AF100-1_18	20	20	0	0	scaffold_6	2849446	2899446
Aspergillus_fumigatus_DMC2_AF100-1_18	18	18	0	0	scaffold_2	550155	600155
Aspergillus_fumigatus_DMC2_AF100-1_18	17	17	0	0	scaffold_5	865170	915170
Aspergillus_fumigatus_DMC2_AF100-1_18	19	18	1	0	scaffold_1	2107442	2157442
Aspergillus_fumigatus_DMC2_AF100-1_18	3	3	0	0	scaffold_6	1265213	1315213
Aspergillus_fumigatus_DMC2_AF100-1_18	14	13	1	0	scaffold_3	1342805	1392805
Aspergillus_fumigatus_DMC2_AF100-1_18	18	18	0	0	scaffold_2	969373	1019373
Aspergillus_fumigatus_DMC2_AF100-1_18	17	15	2	0	scaffold_2	2927793	2977793
Aspergillus_fumigatus_DMC2_AF100-1_18	9	8	1	0	scaffold_3	2353165	2403165
Aspergillus_fumigatus_DMC2_AF100-1_18	16	15	1	0	scaffold_2	3307617	3357617
Aspergillus_fumigatus_DMC2_AF100-1_18	18	17	1	0	scaffold_3	2126761	2176761
Aspergillus_fumigatus_DMC2_AF100-1_18	13	12	1	0	scaffold_8	1528139	1578139
Aspergillus_fumigatus_DMC2_AF100-1_18	4	1	3	0	scaffold_4	1007148	1057148
Aspergillus_fumigatus_DMC2_AF100-1_18	23	21	2	0	scaffold_8	1681721	1731721
Aspergillus_fumigatus_DMC2_AF100-1_18	10	10	0	0	scaffold_4	3654875	3704875
Aspergillus_fumigatus_DMC2_AF100-1_18	19	19	0	0	scaffold_1	3956076	4006076
Aspergillus_fumigatus_DMC2_AF100-1_18	19	19	0	0	scaffold_5	2033869	2083869
Aspergillus_fumigatus_DMC2_AF100-1_18	15	15	0	0	scaffold_3	3264776	3314776
Aspergillus_fumigatus_DMC2_AF100-1_18	16	16	0	0	scaffold_1	779926	829926
Aspergillus_fumigatus_DMC2_AF100-1_18	13	13	0	0	scaffold_5	793904	843904
Aspergillus_fumigatus_DMC2_AF100-1_18	0	0	0	0	scaffold_2	1781047	1831047
Aspergillus_fumigatus_DMC2_AF100-1_18	22	21	1	0	scaffold_2	2624115	2674115
Aspergillus_fumigatus_DMC2_AF100-1_18	20	19	1	0	scaffold_2	3425441	3475441
Aspergillus_fumigatus_DMC2_AF100-1_18	16	16	0	0	scaffold_3	209559	259559
Aspergillus_fumigatus_DMC2_AF100-1_18	17	16	1	0	scaffold_6	471765	521765
Aspergillus_fumigatus_DMC2_AF100-1_18	19	19	0	0	scaffold_4	1587727	1637727
Aspergillus_fumigatus_DMC2_AF100-1_18	18	18	0	0	scaffold_6	359682	409682
Aspergillus_fumigatus_DMC2_AF100-1_18	15	14	1	0	scaffold_3	2166006	2216006
Aspergillus_fumigatus_DMC2_AF100-1_18	22	20	2	0	scaffold_3	732038	782038
Aspergillus_fumigatus_DMC2_AF100-1_18	13	11	2	0	scaffold_2	1045009	1095009
Aspergillus_fumigatus_DMC2_AF100-1_18	15	14	1	0	scaffold_3	2148417	2198417
Aspergillus_fumigatus_DMC2_AF100-1_18	22	19	3	0	scaffold_1	3511580	3561580
Aspergillus_fumigatus_DMC2_AF100-1_18	18	17	1	0	scaffold_1	858596	908596
Aspergillus_fumigatus_DMC2_AF100-1_18	2	2	0	0	scaffold_2	1907661	1957661
Aspergillus_fumigatus_DMC2_AF100-1_18	15	14	1	0	scaffold_8	279672	329672
Aspergillus_fumigatus_DMC2_AF100-1_18	14	12	2	0	scaffold_3	3037980	3087980
Aspergillus_fumigatus_DMC2_AF100-1_18	18	18	0	0	scaffold_1	2851922	2901922
Aspergillus_fumigatus_DMC2_AF100-1_18	0	0	0	0	scaffold_2	1787654	1837654
Aspergillus_fumigatus_DMC2_AF100-1_18	16	15	1	0	scaffold_1	3076819	3126819
Aspergillus_fumigatus_DMC2_AF100-1_18	3	3	0	0	scaffold_5	1226188	1276188
Aspergillus_fumigatus_DMC2_AF100-1_18	7	4	3	0	scaffold_6	2328079	2378079
Aspergillus_fumigatus_DMC2_AF100-1_18	21	19	2	0	scaffold_5	1666089	1716089
Aspergillus_fumigatus_DMC2_AF100-1_18	15	13	2	0	scaffold_4	1710333	1760333
Aspergillus_fumigatus_DMC2_AF100-1_18	18	17	1	0	scaffold_5	2068195	2118195
Aspergillus_fumigatus_DMC2_AF100-1_18	3	3	0	0	scaffold_3	2635283	2685283
Aspergillus_fumigatus_DMC2_AF100-1_18	10	0	10	0	scaffold_7	1960696	2010696
Aspergillus_fumigatus_DMC2_AF100-1_18	19	17	2	0	scaffold_6	3054468	3104468
Aspergillus_fumigatus_DMC2_AF100-1_18	20	20	0	0	scaffold_2	2969121	3019121
Aspergillus_fumigatus_DMC2_AF100-1_18	16	15	1	0	scaffold_1	634781	684781
Aspergillus_fumigatus_DMC2_AF100-1_18	17	16	1	0	scaffold_1	604333	654333
Aspergillus_fumigatus_DMC2_AF100-1_18	16	16	0	0	scaffold_5	1466291	1516291
Aspergillus_fumigatus_DMC2_AF100-1_18	20	20	0	0	scaffold_4	1601118	1651118
Aspergillus_fumigatus_DMC2_AF100-1_18	17	15	2	0	scaffold_1	3715705	3765705
Aspergillus_fumigatus_DMC2_AF100-1_18	19	17	2	0	scaffold_8	1623237	1673237
Aspergillus_fumigatus_DMC2_AF100-1_18	1	1	0	0	scaffold_2	1247100	1297100
Aspergillus_fumigatus_DMC2_AF100-1_18	23	22	1	0	scaffold_4	446674	496674
Aspergillus_fumigatus_DMC2_AF100-1_18	18	18	0	0	scaffold_5	2686169	2736169
Aspergillus_fumigatus_DMC2_AF100-1_18	18	18	0	0	scaffold_5	579667	629667
Aspergillus_fumigatus_DMC2_AF100-1_18	19	19	0	0	scaffold_3	1700316	1750316
Aspergillus_fumigatus_DMC2_AF100-1_18	18	17	0	1	scaffold_4	3403666	3453666
Aspergillus_fumigatus_DMC2_AF100-1_18	21	21	0	0	scaffold_6	3637851	3687851
Aspergillus_fumigatus_DMC2_AF100-1_18	13	12	1	0	scaffold_2	1514947	1564947
Aspergillus_fumigatus_DMC2_AF100-1_18	21	21	0	0	scaffold_7	507879	557879
Aspergillus_fumigatus_DMC2_AF100-1_18	23	20	3	0	scaffold_2	3755272	3805272
Aspergillus_fumigatus_DMC2_AF100-1_18	14	13	1	0	scaffold_7	1371070	1421070
Aspergillus_fumigatus_DMC2_AF100-1_18	6	6	0	0	scaffold_5	1230489	1280489
Aspergillus_fumigatus_DMC2_AF100-1_18	17	17	0	0	scaffold_5	1829717	1879717
Aspergillus_fumigatus_DMC2_AF100-1_18	15	15	0	0	scaffold_2	935563	985563
Aspergillus_fumigatus_DMC2_AF100-1_18	13	12	1	0	scaffold_7	653079	703079
Aspergillus_fumigatus_DMC2_AF100-1_18	17	17	0	0	scaffold_1	894576	944576
Aspergillus_fumigatus_DMC2_AF100-1_18	21	19	2	0	scaffold_5	496141	546141
Aspergillus_fumigatus_DMC2_AF100-1_18	19	17	2	0	scaffold_5	3334449	3384449
Aspergillus_fumigatus_DMC2_AF100-1_18	17	17	0	0	scaffold_4	1788165	1838165
Aspergillus_fumigatus_DMC2_AF100-1_18	15	14	1	0	scaffold_1	4469021	4519021
Aspergillus_fumigatus_DMC2_AF100-1_18	22	21	1	0	scaffold_2	4418439	4468439
Aspergillus_fumigatus_DMC2_AF100-1_18	15	15	0	0	scaffold_5	1356389	1406389
Aspergillus_fumigatus_DMC2_AF100-1_18	11	11	0	0	scaffold_3	1450431	1500431
Aspergillus_fumigatus_DMC2_AF100-1_18	8	8	0	0	scaffold_1	261812	311812
Aspergillus_fumigatus_DMC2_AF100-1_18	20	19	1	0	scaffold_5	2383965	2433965
Aspergillus_fumigatus_DMC2_AF100-1_18	11	8	3	0	scaffold_8	869315	919315
Aspergillus_fumigatus_DMC2_AF100-1_18	18	18	0	0	scaffold_5	1488525	1538525
Aspergillus_fumigatus_DMC2_AF100-1_18	13	9	4	0	scaffold_6	265901	315901
Aspergillus_fumigatus_DMC2_AF100-1_18	18	18	0	0	scaffold_8	84275	134275
Aspergillus_fumigatus_DMC2_AF100-1_18	20	19	1	0	scaffold_6	917692	967692
Aspergillus_fumigatus_DMC2_AF100-1_18	19	18	1	0	scaffold_5	2260129	2310129
Aspergillus_fumigatus_DMC2_AF100-1_18	18	18	0	0	scaffold_1	3577965	3627965
Aspergillus_fumigatus_DMC2_AF100-1_18	2	1	1	0	scaffold_6	1280460	1330460
Aspergillus_fumigatus_DMC2_AF100-1_18	19	14	5	0	scaffold_3	2491139	2541139
Aspergillus_fumigatus_DMC2_AF100-1_18	19	19	0	0	scaffold_3	3475984	3525984
Aspergillus_fumigatus_DMC2_AF100-1_18	21	18	3	0	scaffold_4	93617	143617
Aspergillus_fumigatus_DMC2_AF100-1_18	14	11	3	0	scaffold_3	165501	215501
Aspergillus_fumigatus_DMC2_AF100-1_18	18	17	1	0	scaffold_4	1498290	1548290
Aspergillus_fumigatus_DMC2_AF100-1_18	17	17	0	0	scaffold_2	1647970	1697970
Aspergillus_fumigatus_DMC2_AF100-1_18	20	19	1	0	scaffold_4	43455	93455
Aspergillus_fumigatus_DMC2_AF100-1_18	18	18	0	0	scaffold_5	2938906	2988906
Aspergillus_fumigatus_DMC2_AF100-1_18	19	18	1	0	scaffold_5	2262131	2312131
Aspergillus_fumigatus_DMC2_AF100-1_18	19	19	0	0	scaffold_2	437829	487829
Aspergillus_fumigatus_DMC2_AF100-1_18	21	19	2	0	scaffold_1	3342226	3392226
Aspergillus_fumigatus_DMC2_AF100-1_18	20	19	1	0	scaffold_6	465851	515851
Aspergillus_fumigatus_DMC2_AF100-1_18	19	18	1	0	scaffold_6	1384027	1434027
Aspergillus_fumigatus_DMC2_AF100-1_18	22	20	2	0	scaffold_1	3300010	3350010
Aspergillus_fumigatus_DMC2_AF100-1_18	20	19	1	0	scaffold_5	3724175	3774175
Aspergillus_fumigatus_DMC2_AF100-1_18	16	13	3	0	scaffold_5	69510	119510
Aspergillus_fumigatus_DMC2_AF100-1_18	20	19	1	0	scaffold_2	1167220	1217220
Aspergillus_fumigatus_DMC2_AF100-1_18	20	19	1	0	scaffold_4	3894252	3944252
Aspergillus_fumigatus_DMC2_AF100-1_18	4	3	1	0	scaffold_7	688912	738912
Aspergillus_fumigatus_DMC2_AF100-1_18	3	3	0	0	scaffold_3	1247633	1297633
Aspergillus_fumigatus_DMC2_AF100-1_18	26	23	3	0	scaffold_4	3951364	4001364
Aspergillus_fumigatus_DMC2_AF100-1_18	21	20	1	0	scaffold_2	2103585	2153585
Aspergillus_fumigatus_DMC2_AF100-1_18	18	18	0	0	scaffold_5	2131455	2181455
Aspergillus_fumigatus_DMC2_AF100-1_18	0	0	0	0	scaffold_1	144671	194671
Aspergillus_fumigatus_DMC2_AF100-1_18	18	17	1	0	scaffold_5	2981071	3031071
Aspergillus_fumigatus_DMC2_AF100-1_18	17	14	3	0	scaffold_2	1202841	1252841
Aspergillus_fumigatus_DMC2_AF100-1_18	18	17	1	0	scaffold_1	3135924	3185924
Aspergillus_fumigatus_DMC2_AF100-1_18	21	21	0	0	scaffold_1	4153277	4203277
Aspergillus_fumigatus_DMC2_AF100-1_18	17	17	0	0	scaffold_4	3014280	3064280
Aspergillus_fumigatus_DMC2_AF100-1_18	6	5	1	0	scaffold_3	2687640	2737640
Aspergillus_fumigatus_DMC2_AF100-1_18	13	12	1	0	scaffold_3	180628	230628
Aspergillus_fumigatus_DMC2_AF100-1_18	3	3	0	0	scaffold_1	1980359	2030359
Aspergillus_fumigatus_DMC2_AF100-1_18	14	14	0	0	scaffold_8	1135401	1185401
Aspergillus_fumigatus_DMC2_AF100-1_18	20	20	0	0	scaffold_1	1635794	1685794
Aspergillus_fumigatus_DMC2_AF100-1_18	17	17	0	0	scaffold_1	3947656	3997656
Aspergillus_fumigatus_DMC2_AF100-1_18	16	16	0	0	scaffold_5	1110383	1160383
Aspergillus_fumigatus_DMC2_AF100-1_18	20	19	1	0	scaffold_6	96181	146181
Aspergillus_fumigatus_DMC2_AF100-1_18	12	12	0	0	scaffold_1	2449621	2499621
Aspergillus_fumigatus_DMC2_AF100-1_18	17	15	2	0	scaffold_3	2422013	2472013
Aspergillus_fumigatus_DMC2_AF100-1_18	16	16	0	0	scaffold_4	2526556	2576556
Aspergillus_fumigatus_DMC2_AF100-1_18	22	17	5	0	scaffold_2	52482	102482
Aspergillus_fumigatus_DMC2_AF100-1_18	19	17	2	0	scaffold_8	234479	284479
Aspergillus_fumigatus_DMC2_AF100-1_18	5	0	5	0	scaffold_5	3269	53269
Aspergillus_fumigatus_DMC2_AF100-1_18	15	13	2	0	scaffold_3	471191	521191
Aspergillus_fumigatus_DMC2_AF100-1_18	21	19	2	0	scaffold_2	4372858	4422858
Aspergillus_fumigatus_DMC2_AF100-1_18	9	9	0	0	scaffold_4	1174792	1224792
Aspergillus_fumigatus_DMC2_AF100-1_18	22	21	1	0	scaffold_1	1026220	1076220
Aspergillus_fumigatus_DMC2_AF100-1_18	13	12	1	0	scaffold_2	1525118	1575118
Aspergillus_fumigatus_DMC2_AF100-1_18	16	13	3	0	scaffold_7	1062767	1112767
Aspergillus_fumigatus_DMC2_AF100-1_18	20	20	0	0	scaffold_1	3621272	3671272
Aspergillus_fumigatus_DMC2_AF100-1_18	12	12	0	0	scaffold_2	2671853	2721853
Aspergillus_fumigatus_DMC2_AF100-1_18	19	18	1	0	scaffold_7	831143	881143
Aspergillus_fumigatus_DMC2_AF100-1_18	18	18	0	0	scaffold_1	1068205	1118205
Aspergillus_fumigatus_DMC2_AF100-1_18	19	18	1	0	scaffold_2	2736891	2786891
Aspergillus_fumigatus_DMC2_AF100-1_18	17	16	1	0	scaffold_5	3348083	3398083
Aspergillus_fumigatus_DMC2_AF100-1_18	21	19	2	0	scaffold_8	427135	477135
