STRAIN	TOTAL	CORE	ACCESSORY	SINGLETON	CHROM	START	END
Aspergillus_fumigatus_DMC2_AF100-3B	29	29	0	0	scaffold_2	3663847	3763847
Aspergillus_fumigatus_DMC2_AF100-3B	41	34	7	0	scaffold_4	1527467	1627467
Aspergillus_fumigatus_DMC2_AF100-3B	42	34	8	0	scaffold_1	4192179	4292179
Aspergillus_fumigatus_DMC2_AF100-3B	36	33	3	0	scaffold_3	3780412	3880412
Aspergillus_fumigatus_DMC2_AF100-3B	45	37	8	0	scaffold_7	212018	312018
Aspergillus_fumigatus_DMC2_AF100-3B	45	39	6	0	scaffold_6	556566	656566
Aspergillus_fumigatus_DMC2_AF100-3B	34	33	1	0	scaffold_5	1072784	1172784
Aspergillus_fumigatus_DMC2_AF100-3B	37	36	1	0	scaffold_4	2839960	2939960
Aspergillus_fumigatus_DMC2_AF100-3B	40	34	6	0	scaffold_4	1708789	1808789
Aspergillus_fumigatus_DMC2_AF100-3B	33	32	1	0	scaffold_5	1065813	1165813
Aspergillus_fumigatus_DMC2_AF100-3B	40	39	1	0	scaffold_1	471874	571874
Aspergillus_fumigatus_DMC2_AF100-3B	41	35	6	0	scaffold_4	3295083	3395083
Aspergillus_fumigatus_DMC2_AF100-3B	42	41	1	0	scaffold_3	1212179	1312179
Aspergillus_fumigatus_DMC2_AF100-3B	42	38	4	0	scaffold_5	2660596	2760596
Aspergillus_fumigatus_DMC2_AF100-3B	2	2	0	0	scaffold_3	1082827	1182827
Aspergillus_fumigatus_DMC2_AF100-3B	43	39	4	0	scaffold_6	3425972	3525972
Aspergillus_fumigatus_DMC2_AF100-3B	44	43	1	0	scaffold_3	2197243	2297243
Aspergillus_fumigatus_DMC2_AF100-3B	31	29	2	0	scaffold_3	2514592	2614592
Aspergillus_fumigatus_DMC2_AF100-3B	45	40	5	0	scaffold_5	3514138	3614138
Aspergillus_fumigatus_DMC2_AF100-3B	32	30	2	0	scaffold_6	1428477	1528477
Aspergillus_fumigatus_DMC2_AF100-3B	34	32	2	0	scaffold_1	2500139	2600139
Aspergillus_fumigatus_DMC2_AF100-3B	33	32	1	0	scaffold_2	1634929	1734929
Aspergillus_fumigatus_DMC2_AF100-3B	41	39	2	0	scaffold_5	3589994	3689994
Aspergillus_fumigatus_DMC2_AF100-3B	38	33	5	0	scaffold_4	1727391	1827391
Aspergillus_fumigatus_DMC2_AF100-3B	38	35	3	0	scaffold_3	2406941	2506941
Aspergillus_fumigatus_DMC2_AF100-3B	42	34	8	0	scaffold_4	1578970	1678970
Aspergillus_fumigatus_DMC2_AF100-3B	34	30	4	0	scaffold_6	2014949	2114949
Aspergillus_fumigatus_DMC2_AF100-3B	45	37	8	0	scaffold_7	243719	343719
Aspergillus_fumigatus_DMC2_AF100-3B	36	35	1	0	scaffold_6	975884	1075884
Aspergillus_fumigatus_DMC2_AF100-3B	33	32	1	0	scaffold_1	2101120	2201120
Aspergillus_fumigatus_DMC2_AF100-3B	33	32	1	0	scaffold_5	1496348	1596348
Aspergillus_fumigatus_DMC2_AF100-3B	47	40	7	0	scaffold_4	3566742	3666742
Aspergillus_fumigatus_DMC2_AF100-3B	19	18	1	0	scaffold_4	1031501	1131501
Aspergillus_fumigatus_DMC2_AF100-3B	30	28	2	0	scaffold_1	2884203	2984203
Aspergillus_fumigatus_DMC2_AF100-3B	36	33	3	0	scaffold_3	3784895	3884895
Aspergillus_fumigatus_DMC2_AF100-3B	35	30	5	0	scaffold_2	4194450	4294450
Aspergillus_fumigatus_DMC2_AF100-3B	34	33	1	0	scaffold_8	511648	611648
Aspergillus_fumigatus_DMC2_AF100-3B	35	33	2	0	scaffold_6	2694563	2794563
Aspergillus_fumigatus_DMC2_AF100-3B	31	29	2	0	scaffold_1	1924633	2024633
Aspergillus_fumigatus_DMC2_AF100-3B	42	38	4	0	scaffold_1	346149	446149
Aspergillus_fumigatus_DMC2_AF100-3B	37	35	2	0	scaffold_1	2115502	2215502
Aspergillus_fumigatus_DMC2_AF100-3B	33	33	0	0	scaffold_2	3702156	3802156
Aspergillus_fumigatus_DMC2_AF100-3B	19	19	0	0	scaffold_7	676159	776159
Aspergillus_fumigatus_DMC2_AF100-3B	31	30	1	0	scaffold_4	649376	749376
Aspergillus_fumigatus_DMC2_AF100-3B	35	35	0	0	scaffold_4	2181023	2281023
Aspergillus_fumigatus_DMC2_AF100-3B	37	37	0	0	scaffold_1	609275	709275
Aspergillus_fumigatus_DMC2_AF100-3B	38	34	4	0	scaffold_6	3344310	3444310
Aspergillus_fumigatus_DMC2_AF100-3B	38	35	3	0	scaffold_5	3370874	3470874
Aspergillus_fumigatus_DMC2_AF100-3B	39	38	1	0	scaffold_3	925848	1025848
Aspergillus_fumigatus_DMC2_AF100-3B	39	37	2	0	scaffold_3	3632539	3732539
Aspergillus_fumigatus_DMC2_AF100-3B	36	25	11	0	scaffold_4	3245260	3345260
Aspergillus_fumigatus_DMC2_AF100-3B	33	29	4	0	scaffold_2	517789	617789
Aspergillus_fumigatus_DMC2_AF100-3B	44	39	5	0	scaffold_5	208042	308042
Aspergillus_fumigatus_DMC2_AF100-3B	41	36	5	0	scaffold_3	71001	171001
Aspergillus_fumigatus_DMC2_AF100-3B	34	30	4	0	scaffold_8	1151447	1251447
Aspergillus_fumigatus_DMC2_AF100-3B	27	27	0	0	scaffold_3	3143374	3243374
Aspergillus_fumigatus_DMC2_AF100-3B	35	34	1	0	scaffold_1	2761334	2861334
Aspergillus_fumigatus_DMC2_AF100-3B	33	32	1	0	scaffold_5	1890467	1990467
Aspergillus_fumigatus_DMC2_AF100-3B	41	37	4	0	scaffold_2	3869225	3969225
Aspergillus_fumigatus_DMC2_AF100-3B	11	11	0	0	scaffold_1	1842401	1942401
Aspergillus_fumigatus_DMC2_AF100-3B	40	36	4	0	scaffold_6	329894	429894
Aspergillus_fumigatus_DMC2_AF100-3B	33	29	4	0	scaffold_2	3475516	3575516
Aspergillus_fumigatus_DMC2_AF100-3B	42	1	41	0	scaffold_1	4487635	4587635
Aspergillus_fumigatus_DMC2_AF100-3B	33	32	1	0	scaffold_2	3616397	3716397
Aspergillus_fumigatus_DMC2_AF100-3B	36	33	3	0	scaffold_6	2616165	2716165
Aspergillus_fumigatus_DMC2_AF100-3B	42	38	4	0	scaffold_5	2659814	2759814
Aspergillus_fumigatus_DMC2_AF100-3B	34	34	0	0	scaffold_3	1265495	1365495
Aspergillus_fumigatus_DMC2_AF100-3B	40	36	4	0	scaffold_7	1216943	1316943
Aspergillus_fumigatus_DMC2_AF100-3B	33	32	1	0	scaffold_2	3616580	3716580
Aspergillus_fumigatus_DMC2_AF100-3B	31	30	1	0	scaffold_5	3320840	3420840
Aspergillus_fumigatus_DMC2_AF100-3B	40	38	2	0	scaffold_1	3957687	4057687
Aspergillus_fumigatus_DMC2_AF100-3B	46	37	9	0	scaffold_1	79566	179566
Aspergillus_fumigatus_DMC2_AF100-3B	35	33	2	0	scaffold_1	2498560	2598560
Aspergillus_fumigatus_DMC2_AF100-3B	40	18	22	0	scaffold_1	4297363	4397363
Aspergillus_fumigatus_DMC2_AF100-3B	43	43	0	0	scaffold_3	3327050	3427050
Aspergillus_fumigatus_DMC2_AF100-3B	41	36	5	0	scaffold_6	3080034	3180034
Aspergillus_fumigatus_DMC2_AF100-3B	44	38	6	0	scaffold_1	4698594	4798594
Aspergillus_fumigatus_DMC2_AF100-3B	37	37	0	0	scaffold_4	531090	631090
Aspergillus_fumigatus_DMC2_AF100-3B	41	39	2	0	scaffold_1	4785649	4885649
Aspergillus_fumigatus_DMC2_AF100-3B	41	40	1	0	scaffold_6	261040	361040
Aspergillus_fumigatus_DMC2_AF100-3B	41	39	2	0	scaffold_5	3589427	3689427
Aspergillus_fumigatus_DMC2_AF100-3B	45	39	6	0	scaffold_7	1600795	1700795
Aspergillus_fumigatus_DMC2_AF100-3B	41	38	3	0	scaffold_2	1943784	2043784
Aspergillus_fumigatus_DMC2_AF100-3B	36	34	2	0	scaffold_3	2444256	2544256
Aspergillus_fumigatus_DMC2_AF100-3B	44	39	5	0	scaffold_2	3084227	3184227
Aspergillus_fumigatus_DMC2_AF100-3B	29	27	2	0	scaffold_4	2111697	2211697
Aspergillus_fumigatus_DMC2_AF100-3B	40	37	3	0	scaffold_2	2600564	2700564
Aspergillus_fumigatus_DMC2_AF100-3B	38	32	6	0	scaffold_1	3088279	3188279
Aspergillus_fumigatus_DMC2_AF100-3B	33	29	4	0	scaffold_6	2018634	2118634
Aspergillus_fumigatus_DMC2_AF100-3B	46	36	10	0	scaffold_1	51217	151217
Aspergillus_fumigatus_DMC2_AF100-3B	34	31	3	0	scaffold_8	713495	813495
Aspergillus_fumigatus_DMC2_AF100-3B	37	33	4	0	scaffold_4	1766704	1866704
Aspergillus_fumigatus_DMC2_AF100-3B	18	16	2	0	scaffold_5	1352400	1452400
Aspergillus_fumigatus_DMC2_AF100-3B	29	27	2	0	scaffold_2	4432920	4532920
Aspergillus_fumigatus_DMC2_AF100-3B	41	38	3	0	scaffold_5	1698637	1798637
Aspergillus_fumigatus_DMC2_AF100-3B	32	29	3	0	scaffold_6	2068508	2168508
Aspergillus_fumigatus_DMC2_AF100-3B	33	33	0	0	scaffold_2	3690412	3790412
Aspergillus_fumigatus_DMC2_AF100-3B	32	31	1	0	scaffold_6	1470331	1570331
Aspergillus_fumigatus_DMC2_AF100-3B	43	38	5	0	scaffold_6	1010279	1110279
Aspergillus_fumigatus_DMC2_AF100-3B	34	32	2	0	scaffold_4	1069659	1169659
Aspergillus_fumigatus_DMC2_AF100-3B	21	19	2	0	scaffold_5	1337047	1437047
Aspergillus_fumigatus_DMC2_AF100-3B	37	29	8	0	scaffold_5	2895183	2995183
Aspergillus_fumigatus_DMC2_AF100-3B	38	35	3	0	scaffold_4	2651151	2751151
Aspergillus_fumigatus_DMC2_AF100-3B	41	38	3	0	scaffold_2	3908806	4008806
Aspergillus_fumigatus_DMC2_AF100-3B	39	37	2	0	scaffold_4	1496993	1596993
Aspergillus_fumigatus_DMC2_AF100-3B	35	33	2	0	scaffold_3	1665758	1765758
Aspergillus_fumigatus_DMC2_AF100-3B	36	32	4	0	scaffold_2	4180091	4280091
Aspergillus_fumigatus_DMC2_AF100-3B	31	28	3	0	scaffold_1	1133413	1233413
Aspergillus_fumigatus_DMC2_AF100-3B	36	32	4	0	scaffold_5	3398182	3498182
Aspergillus_fumigatus_DMC2_AF100-3B	38	36	2	0	scaffold_2	1578776	1678776
Aspergillus_fumigatus_DMC2_AF100-3B	38	36	2	0	scaffold_2	3351943	3451943
Aspergillus_fumigatus_DMC2_AF100-3B	28	27	1	0	scaffold_1	3833438	3933438
Aspergillus_fumigatus_DMC2_AF100-3B	39	33	6	0	scaffold_7	1079870	1179870
Aspergillus_fumigatus_DMC2_AF100-3B	35	31	4	0	scaffold_6	2002907	2102907
Aspergillus_fumigatus_DMC2_AF100-3B	39	36	3	0	scaffold_3	3478335	3578335
Aspergillus_fumigatus_DMC2_AF100-3B	37	34	3	0	scaffold_8	799371	899371
Aspergillus_fumigatus_DMC2_AF100-3B	36	34	2	0	scaffold_7	998341	1098341
Aspergillus_fumigatus_DMC2_AF100-3B	34	29	5	0	scaffold_8	1358770	1458770
Aspergillus_fumigatus_DMC2_AF100-3B	34	29	5	0	scaffold_1	3024528	3124528
Aspergillus_fumigatus_DMC2_AF100-3B	44	42	2	0	scaffold_5	2189809	2289809
Aspergillus_fumigatus_DMC2_AF100-3B	38	38	0	0	scaffold_1	584778	684778
Aspergillus_fumigatus_DMC2_AF100-3B	37	33	4	0	scaffold_7	1028641	1128641
Aspergillus_fumigatus_DMC2_AF100-3B	39	32	7	0	scaffold_1	4213139	4313139
Aspergillus_fumigatus_DMC2_AF100-3B	38	36	2	0	scaffold_3	3691588	3791588
Aspergillus_fumigatus_DMC2_AF100-3B	31	31	0	0	scaffold_4	569276	669276
Aspergillus_fumigatus_DMC2_AF100-3B	43	41	2	0	scaffold_5	2196342	2296342
Aspergillus_fumigatus_DMC2_AF100-3B	28	25	3	0	scaffold_5	506229	606229
Aspergillus_fumigatus_DMC2_AF100-3B	39	35	4	0	scaffold_1	247994	347994
Aspergillus_fumigatus_DMC2_AF100-3B	41	34	7	0	scaffold_4	3275538	3375538
Aspergillus_fumigatus_DMC2_AF100-3B	38	36	2	0	scaffold_2	3755182	3855182
Aspergillus_fumigatus_DMC2_AF100-3B	40	35	5	0	scaffold_2	1995323	2095323
Aspergillus_fumigatus_DMC2_AF100-3B	31	31	0	0	scaffold_3	3220749	3320749
Aspergillus_fumigatus_DMC2_AF100-3B	44	38	6	0	scaffold_8	1308988	1408988
Aspergillus_fumigatus_DMC2_AF100-3B	36	33	3	0	scaffold_8	829282	929282
Aspergillus_fumigatus_DMC2_AF100-3B	33	31	2	0	scaffold_5	613909	713909
Aspergillus_fumigatus_DMC2_AF100-3B	40	31	9	0	scaffold_4	3699937	3799937
Aspergillus_fumigatus_DMC2_AF100-3B	37	35	2	0	scaffold_1	2741199	2841199
Aspergillus_fumigatus_DMC2_AF100-3B	38	35	3	0	scaffold_3	2378344	2478344
Aspergillus_fumigatus_DMC2_AF100-3B	33	29	4	0	scaffold_1	1575137	1675137
Aspergillus_fumigatus_DMC2_AF100-3B	38	35	3	0	scaffold_2	2691337	2791337
Aspergillus_fumigatus_DMC2_AF100-3B	36	33	3	0	scaffold_2	1526427	1626427
Aspergillus_fumigatus_DMC2_AF100-3B	41	35	6	0	scaffold_3	83686	183686
Aspergillus_fumigatus_DMC2_AF100-3B	42	39	3	0	scaffold_6	993750	1093750
Aspergillus_fumigatus_DMC2_AF100-3B	35	34	1	0	scaffold_1	2801416	2901416
Aspergillus_fumigatus_DMC2_AF100-3B	29	26	3	0	scaffold_8	672989	772989
Aspergillus_fumigatus_DMC2_AF100-3B	41	34	7	0	scaffold_1	190091	290091
Aspergillus_fumigatus_DMC2_AF100-3B	41	40	1	0	scaffold_7	1417420	1517420
Aspergillus_fumigatus_DMC2_AF100-3B	36	33	3	0	scaffold_2	668369	768369
Aspergillus_fumigatus_DMC2_AF100-3B	45	35	10	0	scaffold_4	3521160	3621160
Aspergillus_fumigatus_DMC2_AF100-3B	37	30	7	0	scaffold_5	2773660	2873660
Aspergillus_fumigatus_DMC2_AF100-3B	44	40	4	0	scaffold_6	3378115	3478115
Aspergillus_fumigatus_DMC2_AF100-3B	37	36	1	0	scaffold_3	1767756	1867756
Aspergillus_fumigatus_DMC2_AF100-3B	36	34	2	0	scaffold_8	785486	885486
Aspergillus_fumigatus_DMC2_AF100-3B	40	35	5	0	scaffold_5	3444146	3544146
Aspergillus_fumigatus_DMC2_AF100-3B	23	19	4	0	scaffold_1	2015125	2115125
Aspergillus_fumigatus_DMC2_AF100-3B	36	33	3	0	scaffold_8	829959	929959
Aspergillus_fumigatus_DMC2_AF100-3B	32	26	6	0	scaffold_6	1719450	1819450
Aspergillus_fumigatus_DMC2_AF100-3B	35	33	2	0	scaffold_5	603671	703671
Aspergillus_fumigatus_DMC2_AF100-3B	46	42	4	0	scaffold_5	3516913	3616913
Aspergillus_fumigatus_DMC2_AF100-3B	50	39	11	0	scaffold_4	148801	248801
Aspergillus_fumigatus_DMC2_AF100-3B	42	37	5	0	scaffold_3	1604139	1704139
Aspergillus_fumigatus_DMC2_AF100-3B	38	35	3	0	scaffold_1	384030	484030
Aspergillus_fumigatus_DMC2_AF100-3B	39	36	3	0	scaffold_3	2378942	2478942
Aspergillus_fumigatus_DMC2_AF100-3B	36	31	5	0	scaffold_5	2019451	2119451
Aspergillus_fumigatus_DMC2_AF100-3B	36	34	2	0	scaffold_2	2971001	3071001
Aspergillus_fumigatus_DMC2_AF100-3B	36	34	2	0	scaffold_2	2971861	3071861
Aspergillus_fumigatus_DMC2_AF100-3B	35	14	21	0	scaffold_6	666147	766147
Aspergillus_fumigatus_DMC2_AF100-3B	38	37	1	0	scaffold_3	1779532	1879532
Aspergillus_fumigatus_DMC2_AF100-3B	42	41	1	0	scaffold_8	927663	1027663
Aspergillus_fumigatus_DMC2_AF100-3B	37	37	0	0	scaffold_4	535722	635722
Aspergillus_fumigatus_DMC2_AF100-3B	37	34	3	0	scaffold_5	1721170	1821170
Aspergillus_fumigatus_DMC2_AF100-3B	33	31	2	0	scaffold_3	1435478	1535478
Aspergillus_fumigatus_DMC2_AF100-3B	36	36	0	0	scaffold_4	2190140	2290140
Aspergillus_fumigatus_DMC2_AF100-3B	48	37	11	0	scaffold_1	115209	215209
Aspergillus_fumigatus_DMC2_AF100-3B	40	39	1	0	scaffold_2	1435965	1535965
Aspergillus_fumigatus_DMC2_AF100-3B	34	30	4	0	scaffold_1	1662873	1762873
Aspergillus_fumigatus_DMC2_AF100-3B	43	39	4	0	scaffold_8	203762	303762
Aspergillus_fumigatus_DMC2_AF100-3B	36	35	1	0	scaffold_6	1868617	1968617
Aspergillus_fumigatus_DMC2_AF100-3B	31	28	3	0	scaffold_3	1846483	1946483
Aspergillus_fumigatus_DMC2_AF100-3B	37	33	4	0	scaffold_2	4017677	4117677
Aspergillus_fumigatus_DMC2_AF100-3B	40	36	4	0	scaffold_8	1193257	1293257
Aspergillus_fumigatus_DMC2_AF100-3B	33	28	5	0	scaffold_7	414549	514549
Aspergillus_fumigatus_DMC2_AF100-3B	40	37	3	0	scaffold_3	1916446	2016446
Aspergillus_fumigatus_DMC2_AF100-3B	51	46	5	0	scaffold_2	896	100896
Aspergillus_fumigatus_DMC2_AF100-3B	46	37	9	0	scaffold_1	60971	160971
Aspergillus_fumigatus_DMC2_AF100-3B	36	36	0	0	scaffold_2	3744880	3844880
Aspergillus_fumigatus_DMC2_AF100-3B	36	33	3	0	scaffold_2	127289	227289
Aspergillus_fumigatus_DMC2_AF100-3B	39	37	2	0	scaffold_3	749657	849657
Aspergillus_fumigatus_DMC2_AF100-3B	34	33	1	0	scaffold_1	3876150	3976150
Aspergillus_fumigatus_DMC2_AF100-3B	37	34	3	0	scaffold_2	667698	767698
Aspergillus_fumigatus_DMC2_AF100-3B	37	34	3	0	scaffold_5	3101874	3201874
Aspergillus_fumigatus_DMC2_AF100-3B	33	33	0	0	scaffold_2	3216014	3316014
Aspergillus_fumigatus_DMC2_AF100-3B	43	40	3	0	scaffold_2	2069167	2169167
Aspergillus_fumigatus_DMC2_AF100-3B	36	34	2	0	scaffold_1	1335574	1435574
Aspergillus_fumigatus_DMC2_AF100-3B	35	34	1	0	scaffold_3	3598162	3698162
Aspergillus_fumigatus_DMC2_AF100-3B	34	32	2	0	scaffold_4	1279361	1379361
Aspergillus_fumigatus_DMC2_AF100-3B	36	34	2	0	scaffold_1	2211688	2311688
Aspergillus_fumigatus_DMC2_AF100-3B	33	30	3	0	scaffold_8	749343	849343
Aspergillus_fumigatus_DMC2_AF100-3B	38	36	2	0	scaffold_4	2573321	2673321
Aspergillus_fumigatus_DMC2_AF100-3B	36	34	2	0	scaffold_2	2283634	2383634
Aspergillus_fumigatus_DMC2_AF100-3B	36	24	12	0	scaffold_6	69271	169271
Aspergillus_fumigatus_DMC2_AF100-3B	37	36	1	0	scaffold_2	305193	405193
Aspergillus_fumigatus_DMC2_AF100-3B	35	33	2	0	scaffold_5	3635098	3735098
Aspergillus_fumigatus_DMC2_AF100-3B	32	30	2	0	scaffold_6	1795447	1895447
Aspergillus_fumigatus_DMC2_AF100-3B	38	33	5	0	scaffold_1	4075741	4175741
Aspergillus_fumigatus_DMC2_AF100-3B	39	37	2	0	scaffold_5	975899	1075899
Aspergillus_fumigatus_DMC2_AF100-3B	33	30	3	0	scaffold_3	547821	647821
Aspergillus_fumigatus_DMC2_AF100-3B	38	35	3	0	scaffold_2	1576087	1676087
Aspergillus_fumigatus_DMC2_AF100-3B	37	32	5	0	scaffold_2	1137273	1237273
Aspergillus_fumigatus_DMC2_AF100-3B	40	38	2	0	scaffold_1	3959250	4059250
Aspergillus_fumigatus_DMC2_AF100-3B	36	35	1	0	scaffold_4	506493	606493
Aspergillus_fumigatus_DMC2_AF100-3B	39	36	3	0	scaffold_1	2402580	2502580
Aspergillus_fumigatus_DMC2_AF100-3B	41	39	2	0	scaffold_1	3512148	3612148
Aspergillus_fumigatus_DMC2_AF100-3B	38	31	7	0	scaffold_5	2889965	2989965
Aspergillus_fumigatus_DMC2_AF100-3B	30	30	0	0	scaffold_3	3085801	3185801
Aspergillus_fumigatus_DMC2_AF100-3B	39	35	4	0	scaffold_2	1221658	1321658
Aspergillus_fumigatus_DMC2_AF100-3B	36	33	3	0	scaffold_6	1362686	1462686
Aspergillus_fumigatus_DMC2_AF100-3B	20	20	0	0	scaffold_4	964382	1064382
Aspergillus_fumigatus_DMC2_AF100-3B	41	35	6	0	scaffold_6	372480	472480
Aspergillus_fumigatus_DMC2_AF100-3B	40	36	4	0	scaffold_5	1282687	1382687
Aspergillus_fumigatus_DMC2_AF100-3B	19	18	1	0	scaffold_5	447244	547244
Aspergillus_fumigatus_DMC2_AF100-3B	35	33	2	0	scaffold_2	2903442	3003442
Aspergillus_fumigatus_DMC2_AF100-3B	37	34	3	0	scaffold_4	2652409	2752409
Aspergillus_fumigatus_DMC2_AF100-3B	45	43	2	0	scaffold_6	1634633	1734633
Aspergillus_fumigatus_DMC2_AF100-3B	32	31	1	0	scaffold_4	1858134	1958134
Aspergillus_fumigatus_DMC2_AF100-3B	36	30	6	0	scaffold_6	1702987	1802987
Aspergillus_fumigatus_DMC2_AF100-3B	31	27	4	0	scaffold_1	3015981	3115981
Aspergillus_fumigatus_DMC2_AF100-3B	49	41	8	0	scaffold_8	1271934	1371934
Aspergillus_fumigatus_DMC2_AF100-3B	36	30	6	0	scaffold_5	3421244	3521244
Aspergillus_fumigatus_DMC2_AF100-3B	49	46	3	0	scaffold_3	668326	768326
Aspergillus_fumigatus_DMC2_AF100-3B	40	38	2	0	scaffold_1	3955641	4055641
Aspergillus_fumigatus_DMC2_AF100-3B	35	32	3	0	scaffold_4	2642584	2742584
Aspergillus_fumigatus_DMC2_AF100-3B	40	39	1	0	scaffold_5	3590433	3690433
Aspergillus_fumigatus_DMC2_AF100-3B	31	28	3	0	scaffold_2	913711	1013711
Aspergillus_fumigatus_DMC2_AF100-3B	41	37	4	0	scaffold_6	3075058	3175058
Aspergillus_fumigatus_DMC2_AF100-3B	47	44	3	0	scaffold_6	3468965	3568965
Aspergillus_fumigatus_DMC2_AF100-3B	38	38	0	0	scaffold_3	1742721	1842721
Aspergillus_fumigatus_DMC2_AF100-3B	45	37	8	0	scaffold_7	245936	345936
Aspergillus_fumigatus_DMC2_AF100-3B	39	37	2	0	scaffold_5	1009884	1109884
Aspergillus_fumigatus_DMC2_AF100-3B	37	35	2	0	scaffold_3	3615338	3715338
Aspergillus_fumigatus_DMC2_AF100-3B	37	34	3	0	scaffold_2	2875956	2975956
Aspergillus_fumigatus_DMC2_AF100-3B	30	30	0	0	scaffold_2	2187874	2287874
Aspergillus_fumigatus_DMC2_AF100-3B	34	31	3	0	scaffold_2	3824255	3924255
Aspergillus_fumigatus_DMC2_AF100-3B	42	38	4	0	scaffold_6	598051	698051
Aspergillus_fumigatus_DMC2_AF100-3B	38	37	1	0	scaffold_4	1921005	2021005
Aspergillus_fumigatus_DMC2_AF100-3B	36	33	3	0	scaffold_4	2867271	2967271
Aspergillus_fumigatus_DMC2_AF100-3B	37	36	1	0	scaffold_2	1603199	1703199
Aspergillus_fumigatus_DMC2_AF100-3B	34	33	1	0	scaffold_2	3612087	3712087
Aspergillus_fumigatus_DMC2_AF100-3B	36	33	3	0	scaffold_7	46530	146530
Aspergillus_fumigatus_DMC2_AF100-3B	43	37	6	0	scaffold_3	1563410	1663410
Aspergillus_fumigatus_DMC2_AF100-3B	32	30	2	0	scaffold_5	1870759	1970759
Aspergillus_fumigatus_DMC2_AF100-3B	35	34	1	0	scaffold_2	4163065	4263065
Aspergillus_fumigatus_DMC2_AF100-3B	41	39	2	0	scaffold_3	2079013	2179013
Aspergillus_fumigatus_DMC2_AF100-3B	43	39	4	0	scaffold_6	999380	1099380
Aspergillus_fumigatus_DMC2_AF100-3B	39	36	3	0	scaffold_3	3480454	3580454
Aspergillus_fumigatus_DMC2_AF100-3B	40	38	2	0	scaffold_6	186268	286268
Aspergillus_fumigatus_DMC2_AF100-3B	35	33	2	0	scaffold_6	2744769	2844769
Aspergillus_fumigatus_DMC2_AF100-3B	34	32	2	0	scaffold_1	891300	991300
Aspergillus_fumigatus_DMC2_AF100-3B	37	32	5	0	scaffold_7	124874	224874
Aspergillus_fumigatus_DMC2_AF100-3B	30	27	3	0	scaffold_8	743235	843235
Aspergillus_fumigatus_DMC2_AF100-3B	33	9	24	0	scaffold_4	1354405	1454405
Aspergillus_fumigatus_DMC2_AF100-3B	32	29	3	0	scaffold_8	1375472	1475472
Aspergillus_fumigatus_DMC2_AF100-3B	38	33	5	0	scaffold_2	2775304	2875304
Aspergillus_fumigatus_DMC2_AF100-3B	44	38	6	0	scaffold_6	1108081	1208081
Aspergillus_fumigatus_DMC2_AF100-3B	36	30	6	0	scaffold_7	1062879	1162879
Aspergillus_fumigatus_DMC2_AF100-3B	38	36	2	0	scaffold_5	3111412	3211412
Aspergillus_fumigatus_DMC2_AF100-3B	31	28	3	0	scaffold_2	3169570	3269570
Aspergillus_fumigatus_DMC2_AF100-3B	34	32	2	0	scaffold_6	1483524	1583524
Aspergillus_fumigatus_DMC2_AF100-3B	29	23	6	0	scaffold_6	1744796	1844796
Aspergillus_fumigatus_DMC2_AF100-3B	35	34	1	0	scaffold_8	486481	586481
Aspergillus_fumigatus_DMC2_AF100-3B	33	30	3	0	scaffold_5	3336817	3436817
Aspergillus_fumigatus_DMC2_AF100-3B	30	30	0	0	scaffold_1	1253531	1353531
Aspergillus_fumigatus_DMC2_AF100-3B	34	25	9	0	scaffold_5	2943835	3043835
Aspergillus_fumigatus_DMC2_AF100-3B	39	35	4	0	scaffold_1	3586425	3686425
Aspergillus_fumigatus_DMC2_AF100-3B	43	42	1	0	scaffold_2	4077644	4177644
Aspergillus_fumigatus_DMC2_AF100-3B	44	41	3	0	scaffold_3	2672743	2772743
Aspergillus_fumigatus_DMC2_AF100-3B	36	36	0	0	scaffold_1	570018	670018
Aspergillus_fumigatus_DMC2_AF100-3B	36	31	5	0	scaffold_7	1291272	1391272
Aspergillus_fumigatus_DMC2_AF100-3B	39	36	3	0	scaffold_5	690576	790576
Aspergillus_fumigatus_DMC2_AF100-3B	39	39	0	0	scaffold_4	3081623	3181623
Aspergillus_fumigatus_DMC2_AF100-3B	19	17	2	0	scaffold_3	1142727	1242727
Aspergillus_fumigatus_DMC2_AF100-3B	40	33	7	0	scaffold_1	3402744	3502744
Aspergillus_fumigatus_DMC2_AF100-3B	34	32	2	0	scaffold_1	1205616	1305616
Aspergillus_fumigatus_DMC2_AF100-3B	42	39	3	0	scaffold_2	2710716	2810716
Aspergillus_fumigatus_DMC2_AF100-3B	38	33	5	0	scaffold_6	3329787	3429787
Aspergillus_fumigatus_DMC2_AF100-3B	43	38	5	0	scaffold_6	2300054	2400054
Aspergillus_fumigatus_DMC2_AF100-3B	41	34	7	0	scaffold_4	1526046	1626046
Aspergillus_fumigatus_DMC2_AF100-3B	31	28	3	0	scaffold_6	1784999	1884999
Aspergillus_fumigatus_DMC2_AF100-3B	36	34	2	0	scaffold_3	1985019	2085019
Aspergillus_fumigatus_DMC2_AF100-3B	39	39	0	0	scaffold_5	3173499	3273499
Aspergillus_fumigatus_DMC2_AF100-3B	34	32	2	0	scaffold_4	751843	851843
Aspergillus_fumigatus_DMC2_AF100-3B	28	14	14	0	scaffold_6	40465	140465
Aspergillus_fumigatus_DMC2_AF100-3B	37	35	2	0	scaffold_1	2114811	2214811
Aspergillus_fumigatus_DMC2_AF100-3B	42	37	5	0	scaffold_3	53293	153293
Aspergillus_fumigatus_DMC2_AF100-3B	40	37	3	0	scaffold_1	3504689	3604689
Aspergillus_fumigatus_DMC2_AF100-3B	35	35	0	0	scaffold_1	556059	656059
Aspergillus_fumigatus_DMC2_AF100-3B	33	31	2	0	scaffold_7	572359	672359
Aspergillus_fumigatus_DMC2_AF100-3B	28	26	2	0	scaffold_4	1816595	1916595
Aspergillus_fumigatus_DMC2_AF100-3B	37	35	2	0	scaffold_3	2002615	2102615
Aspergillus_fumigatus_DMC2_AF100-3B	48	34	14	0	scaffold_5	144671	244671
Aspergillus_fumigatus_DMC2_AF100-3B	24	17	7	0	scaffold_5	323095	423095
Aspergillus_fumigatus_DMC2_AF100-3B	42	41	1	0	scaffold_3	2293476	2393476
Aspergillus_fumigatus_DMC2_AF100-3B	36	35	1	0	scaffold_4	1975390	2075390
Aspergillus_fumigatus_DMC2_AF100-3B	29	27	2	0	scaffold_1	2636444	2736444
Aspergillus_fumigatus_DMC2_AF100-3B	46	38	8	0	scaffold_8	1221839	1321839
Aspergillus_fumigatus_DMC2_AF100-3B	36	33	3	0	scaffold_4	2313451	2413451
Aspergillus_fumigatus_DMC2_AF100-3B	28	25	3	0	scaffold_3	2825965	2925965
Aspergillus_fumigatus_DMC2_AF100-3B	39	35	4	0	scaffold_7	1215239	1315239
Aspergillus_fumigatus_DMC2_AF100-3B	37	32	5	0	scaffold_7	1092474	1192474
Aspergillus_fumigatus_DMC2_AF100-3B	31	31	0	0	scaffold_2	4153479	4253479
Aspergillus_fumigatus_DMC2_AF100-3B	33	29	4	0	scaffold_5	1308116	1408116
Aspergillus_fumigatus_DMC2_AF100-3B	35	31	4	0	scaffold_2	3964307	4064307
Aspergillus_fumigatus_DMC2_AF100-3B	44	42	2	0	scaffold_1	2137957	2237957
Aspergillus_fumigatus_DMC2_AF100-3B	37	35	2	0	scaffold_7	31316	131316
Aspergillus_fumigatus_DMC2_AF100-3B	38	35	3	0	scaffold_4	1077449	1177449
Aspergillus_fumigatus_DMC2_AF100-3B	43	36	7	0	scaffold_3	239958	339958
Aspergillus_fumigatus_DMC2_AF100-3B	41	35	6	0	scaffold_4	2389639	2489639
Aspergillus_fumigatus_DMC2_AF100-3B	15	14	1	0	scaffold_5	1356663	1456663
Aspergillus_fumigatus_DMC2_AF100-3B	42	38	4	0	scaffold_5	668535	768535
Aspergillus_fumigatus_DMC2_AF100-3B	36	32	4	0	scaffold_4	1250134	1350134
Aspergillus_fumigatus_DMC2_AF100-3B	41	38	3	0	scaffold_2	2532230	2632230
Aspergillus_fumigatus_DMC2_AF100-3B	41	36	5	0	scaffold_5	2511489	2611489
Aspergillus_fumigatus_DMC2_AF100-3B	29	26	3	0	scaffold_5	1580227	1680227
Aspergillus_fumigatus_DMC2_AF100-3B	36	34	2	0	scaffold_3	1930743	2030743
Aspergillus_fumigatus_DMC2_AF100-3B	36	34	2	0	scaffold_3	1656457	1756457
Aspergillus_fumigatus_DMC2_AF100-3B	46	41	5	0	scaffold_4	2459752	2559752
Aspergillus_fumigatus_DMC2_AF100-3B	5	4	1	0	scaffold_5	2306344	2406344
Aspergillus_fumigatus_DMC2_AF100-3B	27	27	0	0	scaffold_3	3169958	3269958
Aspergillus_fumigatus_DMC2_AF100-3B	36	34	2	0	scaffold_7	996921	1096921
Aspergillus_fumigatus_DMC2_AF100-3B	44	39	5	0	scaffold_2	1831742	1931742
Aspergillus_fumigatus_DMC2_AF100-3B	34	32	2	0	scaffold_6	1508312	1608312
Aspergillus_fumigatus_DMC2_AF100-3B	37	36	1	0	scaffold_8	1081019	1181019
Aspergillus_fumigatus_DMC2_AF100-3B	34	29	5	0	scaffold_3	112323	212323
Aspergillus_fumigatus_DMC2_AF100-3B	50	45	5	0	scaffold_6	3523482	3623482
Aspergillus_fumigatus_DMC2_AF100-3B	34	33	1	0	scaffold_7	979692	1079692
Aspergillus_fumigatus_DMC2_AF100-3B	11	11	0	0	scaffold_1	1797299	1897299
Aspergillus_fumigatus_DMC2_AF100-3B	37	35	2	0	scaffold_3	2879752	2979752
Aspergillus_fumigatus_DMC2_AF100-3B	37	34	3	0	scaffold_2	4411499	4511499
Aspergillus_fumigatus_DMC2_AF100-3B	34	23	11	0	scaffold_5	69472	169472
Aspergillus_fumigatus_DMC2_AF100-3B	37	35	2	0	scaffold_3	3524368	3624368
Aspergillus_fumigatus_DMC2_AF100-3B	41	38	3	0	scaffold_3	2427841	2527841
Aspergillus_fumigatus_DMC2_AF100-3B	45	34	11	0	scaffold_4	3693154	3793154
Aspergillus_fumigatus_DMC2_AF100-3B	8	8	0	0	scaffold_5	1370771	1470771
Aspergillus_fumigatus_DMC2_AF100-3B	34	29	5	0	scaffold_1	3029055	3129055
Aspergillus_fumigatus_DMC2_AF100-3B	39	36	3	0	scaffold_3	3493218	3593218
Aspergillus_fumigatus_DMC2_AF100-3B	37	34	3	0	scaffold_3	837648	937648
Aspergillus_fumigatus_DMC2_AF100-3B	30	28	2	0	scaffold_4	1175797	1275797
Aspergillus_fumigatus_DMC2_AF100-3B	37	36	1	0	scaffold_4	2163695	2263695
Aspergillus_fumigatus_DMC2_AF100-3B	33	29	4	0	scaffold_1	1638022	1738022
Aspergillus_fumigatus_DMC2_AF100-3B	34	32	2	0	scaffold_1	1212779	1312779
Aspergillus_fumigatus_DMC2_AF100-3B	37	35	2	0	scaffold_1	2228322	2328322
Aspergillus_fumigatus_DMC2_AF100-3B	27	20	7	0	scaffold_5	2394537	2494537
Aspergillus_fumigatus_DMC2_AF100-3B	49	40	9	0	scaffold_3	4105598	4205598
Aspergillus_fumigatus_DMC2_AF100-3B	38	36	2	0	scaffold_4	2585346	2685346
Aspergillus_fumigatus_DMC2_AF100-3B	39	35	4	0	scaffold_6	161104	261104
Aspergillus_fumigatus_DMC2_AF100-3B	27	24	3	0	scaffold_3	2816349	2916349
Aspergillus_fumigatus_DMC2_AF100-3B	44	39	5	0	scaffold_6	2415958	2515958
Aspergillus_fumigatus_DMC2_AF100-3B	33	29	4	0	scaffold_2	3469460	3569460
Aspergillus_fumigatus_DMC2_AF100-3B	36	34	2	0	scaffold_6	1545581	1645581
Aspergillus_fumigatus_DMC2_AF100-3B	34	31	3	0	scaffold_1	6229	106229
Aspergillus_fumigatus_DMC2_AF100-3B	44	42	2	0	scaffold_7	897724	997724
Aspergillus_fumigatus_DMC2_AF100-3B	6	5	1	0	scaffold_5	1411512	1511512
Aspergillus_fumigatus_DMC2_AF100-3B	36	33	3	0	scaffold_2	3783716	3883716
Aspergillus_fumigatus_DMC2_AF100-3B	37	37	0	0	scaffold_4	3090172	3190172
Aspergillus_fumigatus_DMC2_AF100-3B	34	31	3	0	scaffold_1	1392637	1492637
Aspergillus_fumigatus_DMC2_AF100-3B	43	37	6	0	scaffold_8	1322721	1422721
Aspergillus_fumigatus_DMC2_AF100-3B	34	32	2	0	scaffold_1	3867221	3967221
Aspergillus_fumigatus_DMC2_AF100-3B	40	37	3	0	scaffold_6	1663782	1763782
Aspergillus_fumigatus_DMC2_AF100-3B	36	35	1	0	scaffold_2	303058	403058
Aspergillus_fumigatus_DMC2_AF100-3B	40	37	3	0	scaffold_6	2272107	2372107
Aspergillus_fumigatus_DMC2_AF100-3B	39	35	4	0	scaffold_1	290726	390726
Aspergillus_fumigatus_DMC2_AF100-3B	45	40	5	0	scaffold_6	2354192	2454192
Aspergillus_fumigatus_DMC2_AF100-3B	34	33	1	0	scaffold_4	2025817	2125817
Aspergillus_fumigatus_DMC2_AF100-3B	36	32	4	0	scaffold_4	2626281	2726281
Aspergillus_fumigatus_DMC2_AF100-3B	36	31	5	0	scaffold_1	1619359	1719359
Aspergillus_fumigatus_DMC2_AF100-3B	37	33	4	0	scaffold_1	4650930	4750930
Aspergillus_fumigatus_DMC2_AF100-3B	44	39	5	0	scaffold_7	1462713	1562713
Aspergillus_fumigatus_DMC2_AF100-3B	35	32	3	0	scaffold_3	2975871	3075871
Aspergillus_fumigatus_DMC2_AF100-3B	34	25	9	0	scaffold_5	2944684	3044684
Aspergillus_fumigatus_DMC2_AF100-3B	43	41	2	0	scaffold_3	2163814	2263814
Aspergillus_fumigatus_DMC2_AF100-3B	27	12	15	0	scaffold_6	34327	134327
Aspergillus_fumigatus_DMC2_AF100-3B	40	36	4	0	scaffold_5	2626735	2726735
Aspergillus_fumigatus_DMC2_AF100-3B	40	39	1	0	scaffold_2	1451530	1551530
Aspergillus_fumigatus_DMC2_AF100-3B	37	34	3	0	scaffold_3	2366941	2466941
Aspergillus_fumigatus_DMC2_AF100-3B	40	36	4	0	scaffold_2	2544383	2644383
Aspergillus_fumigatus_DMC2_AF100-3B	39	35	4	0	scaffold_1	3481635	3581635
Aspergillus_fumigatus_DMC2_AF100-3B	28	22	6	0	scaffold_4	3187883	3287883
Aspergillus_fumigatus_DMC2_AF100-3B	41	34	7	0	scaffold_4	362179	462179
Aspergillus_fumigatus_DMC2_AF100-3B	40	36	4	0	scaffold_2	3293765	3393765
Aspergillus_fumigatus_DMC2_AF100-3B	45	41	4	0	scaffold_2	2056387	2156387
Aspergillus_fumigatus_DMC2_AF100-3B	30	25	5	0	scaffold_8	357224	457224
Aspergillus_fumigatus_DMC2_AF100-3B	50	40	10	0	scaffold_5	156855	256855
Aspergillus_fumigatus_DMC2_AF100-3B	39	35	4	0	scaffold_6	3051679	3151679
Aspergillus_fumigatus_DMC2_AF100-3B	45	44	1	0	scaffold_3	2236572	2336572
Aspergillus_fumigatus_DMC2_AF100-3B	37	34	3	0	scaffold_6	1909035	2009035
Aspergillus_fumigatus_DMC2_AF100-3B	38	34	4	0	scaffold_8	258248	358248
Aspergillus_fumigatus_DMC2_AF100-3B	38	34	4	0	scaffold_6	3046465	3146465
Aspergillus_fumigatus_DMC2_AF100-3B	41	36	5	0	scaffold_1	18098	118098
Aspergillus_fumigatus_DMC2_AF100-3B	24	23	1	0	scaffold_6	1218906	1318906
Aspergillus_fumigatus_DMC2_AF100-3B	36	35	1	0	scaffold_3	3606094	3706094
Aspergillus_fumigatus_DMC2_AF100-3B	35	32	3	0	scaffold_2	3997458	4097458
Aspergillus_fumigatus_DMC2_AF100-3B	40	36	4	0	scaffold_6	1182863	1282863
Aspergillus_fumigatus_DMC2_AF100-3B	37	30	7	0	scaffold_5	2772179	2872179
Aspergillus_fumigatus_DMC2_AF100-3B	31	29	2	0	scaffold_1	1891898	1991898
Aspergillus_fumigatus_DMC2_AF100-3B	44	39	5	0	scaffold_6	1141227	1241227
Aspergillus_fumigatus_DMC2_AF100-3B	32	31	1	0	scaffold_4	643051	743051
Aspergillus_fumigatus_DMC2_AF100-3B	38	35	2	1	scaffold_6	3009931	3109931
Aspergillus_fumigatus_DMC2_AF100-3B	33	33	0	0	scaffold_2	3701985	3801985
Aspergillus_fumigatus_DMC2_AF100-3B	42	35	7	0	scaffold_5	2741987	2841987
Aspergillus_fumigatus_DMC2_AF100-3B	35	35	0	0	scaffold_4	2179068	2279068
Aspergillus_fumigatus_DMC2_AF100-3B	41	37	4	0	scaffold_4	3425576	3525576
Aspergillus_fumigatus_DMC2_AF100-3B	3	3	0	0	scaffold_5	2312854	2412854
Aspergillus_fumigatus_DMC2_AF100-3B	38	37	1	0	scaffold_8	938314	1038314
Aspergillus_fumigatus_DMC2_AF100-3B	29	23	6	0	scaffold_4	3188711	3288711
Aspergillus_fumigatus_DMC2_AF100-3B	37	33	4	0	scaffold_1	3450540	3550540
Aspergillus_fumigatus_DMC2_AF100-3B	31	10	21	0	scaffold_4	1395583	1495583
Aspergillus_fumigatus_DMC2_AF100-3B	34	31	3	0	scaffold_2	3822919	3922919
Aspergillus_fumigatus_DMC2_AF100-3B	15	15	0	0	scaffold_1	1759795	1859795
Aspergillus_fumigatus_DMC2_AF100-3B	26	23	3	0	scaffold_3	2807072	2907072
Aspergillus_fumigatus_DMC2_AF100-3B	13	13	0	0	scaffold_4	1004624	1104624
Aspergillus_fumigatus_DMC2_AF100-3B	35	31	4	0	scaffold_5	2469915	2569915
Aspergillus_fumigatus_DMC2_AF100-3B	33	33	0	0	scaffold_4	599091	699091
Aspergillus_fumigatus_DMC2_AF100-3B	33	31	2	0	scaffold_5	2849992	2949992
Aspergillus_fumigatus_DMC2_AF100-3B	36	35	1	0	scaffold_4	1955379	2055379
Aspergillus_fumigatus_DMC2_AF100-3B	41	37	4	0	scaffold_8	213896	313896
Aspergillus_fumigatus_DMC2_AF100-3B	37	36	1	0	scaffold_8	1079395	1179395
Aspergillus_fumigatus_DMC2_AF100-3B	32	31	1	0	scaffold_5	3319902	3419902
Aspergillus_fumigatus_DMC2_AF100-3B	24	22	2	0	scaffold_1	1702519	1802519
Aspergillus_fumigatus_DMC2_AF100-3B	39	35	4	0	scaffold_4	1694257	1794257
Aspergillus_fumigatus_DMC2_AF100-3B	40	8	32	0	scaffold_1	4523724	4623724
Aspergillus_fumigatus_DMC2_AF100-3B	33	31	2	0	scaffold_2	3547305	3647305
Aspergillus_fumigatus_DMC2_AF100-3B	40	37	3	0	scaffold_6	2270954	2370954
Aspergillus_fumigatus_DMC2_AF100-3B	41	39	2	0	scaffold_3	2301421	2401421
Aspergillus_fumigatus_DMC2_AF100-3B	34	31	3	0	scaffold_2	3541540	3641540
Aspergillus_fumigatus_DMC2_AF100-3B	45	35	10	0	scaffold_4	3494511	3594511
Aspergillus_fumigatus_DMC2_AF100-3B	36	36	0	0	scaffold_5	3125732	3225732
Aspergillus_fumigatus_DMC2_AF100-3B	34	24	10	0	scaffold_6	3209849	3309849
Aspergillus_fumigatus_DMC2_AF100-3B	39	36	3	0	scaffold_2	3839818	3939818
Aspergillus_fumigatus_DMC2_AF100-3B	27	23	4	0	scaffold_8	362373	462373
Aspergillus_fumigatus_DMC2_AF100-3B	30	26	4	0	scaffold_1	3606735	3706735
Aspergillus_fumigatus_DMC2_AF100-3B	37	34	3	0	scaffold_8	802529	902529
Aspergillus_fumigatus_DMC2_AF100-3B	34	32	2	0	scaffold_3	3727587	3827587
Aspergillus_fumigatus_DMC2_AF100-3B	35	33	2	0	scaffold_6	1488410	1588410
Aspergillus_fumigatus_DMC2_AF100-3B	38	33	5	0	scaffold_4	3313189	3413189
Aspergillus_fumigatus_DMC2_AF100-3B	42	38	4	0	scaffold_1	272009	372009
Aspergillus_fumigatus_DMC2_AF100-3B	30	27	3	0	scaffold_1	1086861	1186861
Aspergillus_fumigatus_DMC2_AF100-3B	41	39	2	0	scaffold_1	3512304	3612304
Aspergillus_fumigatus_DMC2_AF100-3B	38	36	2	0	scaffold_4	1499988	1599988
Aspergillus_fumigatus_DMC2_AF100-3B	43	43	0	0	scaffold_3	3290088	3390088
Aspergillus_fumigatus_DMC2_AF100-3B	37	32	5	0	scaffold_5	2820759	2920759
Aspergillus_fumigatus_DMC2_AF100-3B	37	36	1	0	scaffold_3	1231493	1331493
Aspergillus_fumigatus_DMC2_AF100-3B	41	35	6	0	scaffold_5	2534008	2634008
Aspergillus_fumigatus_DMC2_AF100-3B	11	10	1	0	scaffold_3	1126837	1226837
Aspergillus_fumigatus_DMC2_AF100-3B	37	33	4	0	scaffold_8	1183728	1283728
Aspergillus_fumigatus_DMC2_AF100-3B	32	32	0	0	scaffold_3	3233969	3333969
Aspergillus_fumigatus_DMC2_AF100-3B	36	31	5	0	scaffold_2	593601	693601
Aspergillus_fumigatus_DMC2_AF100-3B	39	37	2	0	scaffold_3	1967995	2067995
Aspergillus_fumigatus_DMC2_AF100-3B	35	31	4	0	scaffold_1	2581301	2681301
Aspergillus_fumigatus_DMC2_AF100-3B	36	35	1	0	scaffold_1	2766778	2866778
Aspergillus_fumigatus_DMC2_AF100-3B	43	42	1	0	scaffold_3	2268222	2368222
Aspergillus_fumigatus_DMC2_AF100-3B	38	30	8	0	scaffold_4	1595709	1695709
Aspergillus_fumigatus_DMC2_AF100-3B	38	16	22	0	scaffold_1	4305184	4405184
Aspergillus_fumigatus_DMC2_AF100-3B	35	35	0	0	scaffold_3	3383788	3483788
Aspergillus_fumigatus_DMC2_AF100-3B	39	32	7	0	scaffold_1	4212181	4312181
Aspergillus_fumigatus_DMC2_AF100-3B	34	32	2	0	scaffold_1	2504492	2604492
Aspergillus_fumigatus_DMC2_AF100-3B	48	39	9	0	scaffold_4	3601939	3701939
Aspergillus_fumigatus_DMC2_AF100-3B	35	34	1	0	scaffold_4	2200327	2300327
Aspergillus_fumigatus_DMC2_AF100-3B	33	32	1	0	scaffold_8	1419562	1519562
Aspergillus_fumigatus_DMC2_AF100-3B	35	31	4	0	scaffold_1	2604193	2704193
Aspergillus_fumigatus_DMC2_AF100-3B	37	35	2	0	scaffold_3	3624966	3724966
Aspergillus_fumigatus_DMC2_AF100-3B	39	37	2	0	scaffold_2	3358683	3458683
Aspergillus_fumigatus_DMC2_AF100-3B	36	32	4	0	scaffold_5	2106424	2206424
Aspergillus_fumigatus_DMC2_AF100-3B	40	36	4	0	scaffold_5	819474	919474
Aspergillus_fumigatus_DMC2_AF100-3B	48	42	6	0	scaffold_2	20409	120409
Aspergillus_fumigatus_DMC2_AF100-3B	34	28	6	0	scaffold_6	1714048	1814048
Aspergillus_fumigatus_DMC2_AF100-3B	49	38	11	0	scaffold_1	122329	222329
Aspergillus_fumigatus_DMC2_AF100-3B	39	35	4	0	scaffold_2	2011793	2111793
Aspergillus_fumigatus_DMC2_AF100-3B	29	28	1	0	scaffold_4	723248	823248
Aspergillus_fumigatus_DMC2_AF100-3B	41	38	3	0	scaffold_1	4781447	4881447
Aspergillus_fumigatus_DMC2_AF100-3B	35	32	3	0	scaffold_3	831797	931797
Aspergillus_fumigatus_DMC2_AF100-3B	27	26	1	0	scaffold_1	3831922	3931922
Aspergillus_fumigatus_DMC2_AF100-3B	39	39	0	0	scaffold_2	1349920	1449920
Aspergillus_fumigatus_DMC2_AF100-3B	32	31	1	0	scaffold_2	846828	946828
Aspergillus_fumigatus_DMC2_AF100-3B	35	34	1	0	scaffold_1	1322785	1422785
Aspergillus_fumigatus_DMC2_AF100-3B	28	26	2	0	scaffold_2	4439383	4539383
Aspergillus_fumigatus_DMC2_AF100-3B	38	34	4	0	scaffold_5	3360388	3460388
Aspergillus_fumigatus_DMC2_AF100-3B	36	34	2	0	scaffold_3	1447550	1547550
Aspergillus_fumigatus_DMC2_AF100-3B	34	32	2	0	scaffold_1	2682769	2782769
Aspergillus_fumigatus_DMC2_AF100-3B	41	35	6	0	scaffold_5	2535315	2635315
Aspergillus_fumigatus_DMC2_AF100-3B	20	17	3	0	scaffold_1	2046945	2146945
Aspergillus_fumigatus_DMC2_AF100-3B	44	36	8	0	scaffold_4	1542781	1642781
Aspergillus_fumigatus_DMC2_AF100-3B	46	37	9	0	scaffold_4	3505169	3605169
Aspergillus_fumigatus_DMC2_AF100-3B	41	37	4	0	scaffold_5	2554437	2654437
Aspergillus_fumigatus_DMC2_AF100-3B	38	28	10	0	scaffold_5	52376	152376
Aspergillus_fumigatus_DMC2_AF100-3B	49	43	6	0	scaffold_6	2372091	2472091
Aspergillus_fumigatus_DMC2_AF100-3B	22	21	1	0	scaffold_2	1665243	1765243
Aspergillus_fumigatus_DMC2_AF100-3B	32	27	5	0	scaffold_4	3164396	3264396
Aspergillus_fumigatus_DMC2_AF100-3B	27	20	7	0	scaffold_2	2427623	2527623
Aspergillus_fumigatus_DMC2_AF100-3B	13	8	5	0	scaffold_5	2356432	2456432
Aspergillus_fumigatus_DMC2_AF100-3B	35	33	2	0	scaffold_3	3555747	3655747
