STRAIN	TOTAL	CORE	ACCESSORY	SINGLETON	CHROM	START	END
Aspergillus_fumigatus_08-19-02-46	34	33	1	0	scaffold_3	972961	1072961
Aspergillus_fumigatus_08-19-02-46	25	24	1	0	scaffold_2	2508023	2608023
Aspergillus_fumigatus_08-19-02-46	30	29	1	0	scaffold_3	1614584	1714584
Aspergillus_fumigatus_08-19-02-46	40	39	1	0	scaffold_1	3742007	3842007
Aspergillus_fumigatus_08-19-02-46	41	38	3	0	scaffold_6	2264656	2364656
Aspergillus_fumigatus_08-19-02-46	33	33	0	0	scaffold_4	2576089	2676089
Aspergillus_fumigatus_08-19-02-46	34	34	0	0	scaffold_4	3081112	3181112
Aspergillus_fumigatus_08-19-02-46	39	38	1	0	scaffold_3	1167102	1267102
Aspergillus_fumigatus_08-19-02-46	36	33	3	0	scaffold_6	3276362	3376362
Aspergillus_fumigatus_08-19-02-46	33	33	0	0	scaffold_3	3360923	3460923
Aspergillus_fumigatus_08-19-02-46	35	35	0	0	scaffold_1	2149778	2249778
Aspergillus_fumigatus_08-19-02-46	15	13	2	0	scaffold_4	1917841	2017841
Aspergillus_fumigatus_08-19-02-46	30	29	1	0	scaffold_8	1248184	1348184
Aspergillus_fumigatus_08-19-02-46	36	35	1	0	scaffold_1	4027776	4127776
Aspergillus_fumigatus_08-19-02-46	34	34	0	0	scaffold_8	1128053	1228053
Aspergillus_fumigatus_08-19-02-46	30	29	1	0	scaffold_1	3836117	3936117
Aspergillus_fumigatus_08-19-02-46	28	27	1	0	scaffold_8	1526600	1626600
Aspergillus_fumigatus_08-19-02-46	44	41	3	0	scaffold_4	3531708	3631708
Aspergillus_fumigatus_08-19-02-46	31	28	3	0	scaffold_1	2875031	2975031
Aspergillus_fumigatus_08-19-02-46	26	26	0	0	scaffold_6	2812371	2912371
Aspergillus_fumigatus_08-19-02-46	35	33	2	0	scaffold_1	3090647	3190647
Aspergillus_fumigatus_08-19-02-46	38	34	4	0	scaffold_7	64501	164501
Aspergillus_fumigatus_08-19-02-46	37	37	0	0	scaffold_6	1105897	1205897
Aspergillus_fumigatus_08-19-02-46	41	38	3	0	scaffold_7	216405	316405
Aspergillus_fumigatus_08-19-02-46	39	37	2	0	scaffold_5	816625	916625
Aspergillus_fumigatus_08-19-02-46	30	27	3	0	scaffold_1	2734591	2834591
Aspergillus_fumigatus_08-19-02-46	29	29	0	0	scaffold_2	3359690	3459690
Aspergillus_fumigatus_08-19-02-46	33	28	5	0	scaffold_1	2897338	2997338
Aspergillus_fumigatus_08-19-02-46	34	34	0	0	scaffold_5	541690	641690
Aspergillus_fumigatus_08-19-02-46	35	32	3	0	scaffold_7	166762	266762
Aspergillus_fumigatus_08-19-02-46	27	26	1	0	scaffold_1	1014517	1114517
Aspergillus_fumigatus_08-19-02-46	41	38	3	0	scaffold_5	3628398	3728398
Aspergillus_fumigatus_08-19-02-46	37	37	0	0	scaffold_2	1394935	1494935
Aspergillus_fumigatus_08-19-02-46	32	26	6	0	scaffold_1	3398426	3498426
Aspergillus_fumigatus_08-19-02-46	31	29	2	0	scaffold_2	2184622	2284622
Aspergillus_fumigatus_08-19-02-46	30	29	1	0	scaffold_8	1535071	1635071
Aspergillus_fumigatus_08-19-02-46	31	31	0	0	scaffold_2	977029	1077029
Aspergillus_fumigatus_08-19-02-46	35	35	0	0	scaffold_5	424745	524745
Aspergillus_fumigatus_08-19-02-46	33	30	3	0	scaffold_6	577558	677558
Aspergillus_fumigatus_08-19-02-46	29	27	2	0	scaffold_1	1114543	1214543
Aspergillus_fumigatus_08-19-02-46	21	19	2	0	scaffold_1	1680153	1780153
Aspergillus_fumigatus_08-19-02-46	36	34	2	0	scaffold_2	1700064	1800064
Aspergillus_fumigatus_08-19-02-46	28	22	6	0	scaffold_5	3329658	3429658
Aspergillus_fumigatus_08-19-02-46	43	40	3	0	scaffold_1	4746287	4846287
Aspergillus_fumigatus_08-19-02-46	37	36	1	0	scaffold_8	100735	200735
Aspergillus_fumigatus_08-19-02-46	30	30	0	0	scaffold_5	1361630	1461630
Aspergillus_fumigatus_08-19-02-46	35	14	21	0	scaffold_1	4586161	4686161
Aspergillus_fumigatus_08-19-02-46	33	32	1	0	scaffold_8	560645	660645
Aspergillus_fumigatus_08-19-02-46	39	34	5	0	scaffold_6	3510683	3610683
Aspergillus_fumigatus_08-19-02-46	34	34	0	0	scaffold_2	3394113	3494113
Aspergillus_fumigatus_08-19-02-46	32	31	1	0	scaffold_5	1262815	1362815
Aspergillus_fumigatus_08-19-02-46	34	32	2	0	scaffold_1	3094968	3194968
Aspergillus_fumigatus_08-19-02-46	38	35	3	0	scaffold_1	289555	389555
Aspergillus_fumigatus_08-19-02-46	31	30	1	0	scaffold_6	2073239	2173239
Aspergillus_fumigatus_08-19-02-46	35	23	12	0	scaffold_1	4311962	4411962
Aspergillus_fumigatus_08-19-02-46	34	32	2	0	scaffold_2	3202987	3302987
Aspergillus_fumigatus_08-19-02-46	27	25	2	0	scaffold_8	1272258	1372258
Aspergillus_fumigatus_08-19-02-46	35	29	6	0	scaffold_1	3384951	3484951
Aspergillus_fumigatus_08-19-02-46	39	39	0	0	scaffold_3	1720976	1820976
Aspergillus_fumigatus_08-19-02-46	39	39	0	0	scaffold_3	1333008	1433008
Aspergillus_fumigatus_08-19-02-46	30	30	0	0	scaffold_1	725742	825742
Aspergillus_fumigatus_08-19-02-46	36	34	2	0	scaffold_5	2371136	2471136
Aspergillus_fumigatus_08-19-02-46	42	42	0	0	scaffold_7	874852	974852
Aspergillus_fumigatus_08-19-02-46	37	36	1	0	scaffold_6	3427227	3527227
Aspergillus_fumigatus_08-19-02-46	31	28	3	0	scaffold_3	845665	945665
Aspergillus_fumigatus_08-19-02-46	32	32	0	0	scaffold_3	2496684	2596684
Aspergillus_fumigatus_08-19-02-46	14	11	3	0	scaffold_2	179171	279171
Aspergillus_fumigatus_08-19-02-46	27	27	0	0	scaffold_6	2816691	2916691
Aspergillus_fumigatus_08-19-02-46	32	31	1	0	scaffold_4	1317867	1417867
Aspergillus_fumigatus_08-19-02-46	32	31	1	0	scaffold_2	3645941	3745941
Aspergillus_fumigatus_08-19-02-46	36	35	1	0	scaffold_6	1915353	2015353
Aspergillus_fumigatus_08-19-02-46	37	36	1	0	scaffold_1	3689503	3789503
Aspergillus_fumigatus_08-19-02-46	12	12	0	0	scaffold_1	1811596	1911596
Aspergillus_fumigatus_08-19-02-46	31	5	26	0	scaffold_7	1688370	1788370
Aspergillus_fumigatus_08-19-02-46	41	39	2	0	scaffold_3	1892064	1992064
Aspergillus_fumigatus_08-19-02-46	42	40	2	0	scaffold_7	238954	338954
Aspergillus_fumigatus_08-19-02-46	19	13	6	0	scaffold_5	3292522	3392522
Aspergillus_fumigatus_08-19-02-46	27	27	0	0	scaffold_6	2790913	2890913
Aspergillus_fumigatus_08-19-02-46	45	40	5	0	scaffold_5	3698538	3798538
Aspergillus_fumigatus_08-19-02-46	34	33	1	0	scaffold_6	1079178	1179178
Aspergillus_fumigatus_08-19-02-46	33	32	1	0	scaffold_6	1977776	2077776
Aspergillus_fumigatus_08-19-02-46	22	19	3	0	scaffold_4	1894582	1994582
Aspergillus_fumigatus_08-19-02-46	35	32	3	0	scaffold_3	1495754	1595754
Aspergillus_fumigatus_08-19-02-46	37	35	2	0	scaffold_2	3131669	3231669
Aspergillus_fumigatus_08-19-02-46	26	24	2	0	scaffold_1	1037754	1137754
Aspergillus_fumigatus_08-19-02-46	33	32	1	0	scaffold_3	2790822	2890822
Aspergillus_fumigatus_08-19-02-46	34	33	1	0	scaffold_1	2528986	2628986
Aspergillus_fumigatus_08-19-02-46	29	18	11	0	scaffold_4	549464	649464
Aspergillus_fumigatus_08-19-02-46	34	33	1	0	scaffold_2	1093222	1193222
Aspergillus_fumigatus_08-19-02-46	33	32	1	0	scaffold_8	560376	660376
Aspergillus_fumigatus_08-19-02-46	26	21	5	0	scaffold_2	1514003	1614003
Aspergillus_fumigatus_08-19-02-46	33	32	1	0	scaffold_5	2074761	2174761
Aspergillus_fumigatus_08-19-02-46	31	29	2	0	scaffold_3	807387	907387
Aspergillus_fumigatus_08-19-02-46	37	35	2	0	scaffold_5	199917	299917
Aspergillus_fumigatus_08-19-02-46	41	37	4	0	scaffold_6	327900	427900
Aspergillus_fumigatus_08-19-02-46	34	34	0	0	scaffold_4	3024020	3124020
Aspergillus_fumigatus_08-19-02-46	37	36	1	0	scaffold_2	3841663	3941663
Aspergillus_fumigatus_08-19-02-46	31	31	0	0	scaffold_1	1279415	1379415
Aspergillus_fumigatus_08-19-02-46	31	31	0	0	scaffold_1	890890	990890
Aspergillus_fumigatus_08-19-02-46	36	32	4	0	scaffold_1	2918746	3018746
Aspergillus_fumigatus_08-19-02-46	38	29	9	0	scaffold_6	2212827	2312827
Aspergillus_fumigatus_08-19-02-46	35	35	0	0	scaffold_1	2292705	2392705
Aspergillus_fumigatus_08-19-02-46	33	32	1	0	scaffold_1	1522498	1622498
Aspergillus_fumigatus_08-19-02-46	38	35	3	0	scaffold_8	433919	533919
Aspergillus_fumigatus_08-19-02-46	35	32	3	0	scaffold_5	1796246	1896246
Aspergillus_fumigatus_08-19-02-46	37	33	4	0	scaffold_3	2330566	2430566
Aspergillus_fumigatus_08-19-02-46	39	37	2	0	scaffold_5	3110287	3210287
Aspergillus_fumigatus_08-19-02-46	31	27	4	0	scaffold_7	408477	508477
Aspergillus_fumigatus_08-19-02-46	35	32	3	0	scaffold_3	3094524	3194524
Aspergillus_fumigatus_08-19-02-46	39	37	2	0	scaffold_1	3267948	3367948
Aspergillus_fumigatus_08-19-02-46	29	27	2	0	scaffold_1	3238196	3338196
Aspergillus_fumigatus_08-19-02-46	25	18	7	0	scaffold_6	481511	581511
Aspergillus_fumigatus_08-19-02-46	41	36	5	0	scaffold_7	77769	177769
Aspergillus_fumigatus_08-19-02-46	34	33	1	0	scaffold_5	1248985	1348985
Aspergillus_fumigatus_08-19-02-46	26	26	0	0	scaffold_5	1177594	1277594
Aspergillus_fumigatus_08-19-02-46	36	36	0	0	scaffold_6	1542769	1642769
Aspergillus_fumigatus_08-19-02-46	31	31	0	0	scaffold_1	781834	881834
Aspergillus_fumigatus_08-19-02-46	39	37	2	0	scaffold_6	3412165	3512165
Aspergillus_fumigatus_08-19-02-46	23	23	0	0	scaffold_4	3661086	3761086
Aspergillus_fumigatus_08-19-02-46	38	37	1	0	scaffold_4	3824572	3924572
Aspergillus_fumigatus_08-19-02-46	30	29	1	0	scaffold_8	550984	650984
Aspergillus_fumigatus_08-19-02-46	38	36	2	0	scaffold_8	155540	255540
Aspergillus_fumigatus_08-19-02-46	20	18	2	0	scaffold_1	2009626	2109626
Aspergillus_fumigatus_08-19-02-46	37	34	3	0	scaffold_6	1689915	1789915
Aspergillus_fumigatus_08-19-02-46	32	31	1	0	scaffold_4	2765986	2865986
Aspergillus_fumigatus_08-19-02-46	36	35	1	0	scaffold_5	1519022	1619022
Aspergillus_fumigatus_08-19-02-46	42	39	3	0	scaffold_1	4831150	4931150
Aspergillus_fumigatus_08-19-02-46	34	34	0	0	scaffold_4	2965388	3065388
Aspergillus_fumigatus_08-19-02-46	32	32	0	0	scaffold_4	167200	267200
Aspergillus_fumigatus_08-19-02-46	35	34	1	0	scaffold_2	730468	830468
Aspergillus_fumigatus_08-19-02-46	31	31	0	0	scaffold_5	693091	793091
Aspergillus_fumigatus_08-19-02-46	35	33	2	0	scaffold_7	183542	283542
Aspergillus_fumigatus_08-19-02-46	40	40	0	0	scaffold_4	125169	225169
Aspergillus_fumigatus_08-19-02-46	28	25	3	0	scaffold_4	2414025	2514025
Aspergillus_fumigatus_08-19-02-46	32	32	0	0	scaffold_4	1739422	1839422
Aspergillus_fumigatus_08-19-02-46	34	0	34	0	scaffold_1	4408011	4508011
Aspergillus_fumigatus_08-19-02-46	22	19	3	0	scaffold_1	1994132	2094132
Aspergillus_fumigatus_08-19-02-46	30	30	0	0	scaffold_6	2656623	2756623
Aspergillus_fumigatus_08-19-02-46	33	29	4	0	scaffold_3	541955	641955
Aspergillus_fumigatus_08-19-02-46	14	14	0	0	scaffold_1	1808782	1908782
Aspergillus_fumigatus_08-19-02-46	38	33	5	0	scaffold_8	447479	547479
Aspergillus_fumigatus_08-19-02-46	26	25	1	0	scaffold_3	1991974	2091974
Aspergillus_fumigatus_08-19-02-46	14	12	2	0	scaffold_2	137115	237115
Aspergillus_fumigatus_08-19-02-46	35	35	0	0	scaffold_3	3186377	3286377
Aspergillus_fumigatus_08-19-02-46	33	31	2	0	scaffold_2	1674266	1774266
Aspergillus_fumigatus_08-19-02-46	32	31	1	0	scaffold_4	3210617	3310617
Aspergillus_fumigatus_08-19-02-46	39	35	4	0	scaffold_7	123312	223312
Aspergillus_fumigatus_08-19-02-46	31	29	2	0	scaffold_1	1473560	1573560
Aspergillus_fumigatus_08-19-02-46	41	36	5	0	scaffold_1	2941799	3041799
Aspergillus_fumigatus_08-19-02-46	36	33	3	0	scaffold_2	2753284	2853284
Aspergillus_fumigatus_08-19-02-46	29	29	0	0	scaffold_3	712863	812863
Aspergillus_fumigatus_08-19-02-46	34	31	3	0	scaffold_4	1220879	1320879
Aspergillus_fumigatus_08-19-02-46	19	19	0	0	scaffold_4	1062539	1162539
Aspergillus_fumigatus_08-19-02-46	33	32	1	0	scaffold_8	337764	437764
Aspergillus_fumigatus_08-19-02-46	43	39	4	0	scaffold_7	1344492	1444492
Aspergillus_fumigatus_08-19-02-46	35	34	1	0	scaffold_1	2259879	2359879
Aspergillus_fumigatus_08-19-02-46	13	11	2	0	scaffold_8	735463	835463
Aspergillus_fumigatus_08-19-02-46	38	32	6	0	scaffold_1	4286774	4386774
Aspergillus_fumigatus_08-19-02-46	13	12	1	0	scaffold_7	707304	807304
Aspergillus_fumigatus_08-19-02-46	35	34	1	0	scaffold_6	3246315	3346315
Aspergillus_fumigatus_08-19-02-46	28	27	1	0	scaffold_1	2713426	2813426
Aspergillus_fumigatus_08-19-02-46	42	40	2	0	scaffold_4	456306	556306
Aspergillus_fumigatus_08-19-02-46	31	29	2	0	scaffold_2	2141168	2241168
Aspergillus_fumigatus_08-19-02-46	37	37	0	0	scaffold_1	420152	520152
Aspergillus_fumigatus_08-19-02-46	27	23	4	0	scaffold_8	527071	627071
Aspergillus_fumigatus_08-19-02-46	32	30	2	0	scaffold_1	3853833	3953833
Aspergillus_fumigatus_08-19-02-46	44	39	5	0	scaffold_5	3686344	3786344
Aspergillus_fumigatus_08-19-02-46	44	42	2	0	scaffold_7	253322	353322
Aspergillus_fumigatus_08-19-02-46	38	33	5	0	scaffold_1	4239681	4339681
Aspergillus_fumigatus_08-19-02-46	48	46	2	0	scaffold_6	882193	982193
Aspergillus_fumigatus_08-19-02-46	39	38	1	0	scaffold_6	943383	1043383
Aspergillus_fumigatus_08-19-02-46	21	15	6	0	scaffold_2	1541435	1641435
Aspergillus_fumigatus_08-19-02-46	34	28	6	0	scaffold_7	366264	466264
Aspergillus_fumigatus_08-19-02-46	41	36	5	0	scaffold_7	1133022	1233022
Aspergillus_fumigatus_08-19-02-46	33	32	1	0	scaffold_4	2848272	2948272
Aspergillus_fumigatus_08-19-02-46	33	33	0	0	scaffold_1	808678	908678
Aspergillus_fumigatus_08-19-02-46	36	34	2	0	scaffold_1	4043952	4143952
Aspergillus_fumigatus_08-19-02-46	36	34	2	0	scaffold_6	3166892	3266892
Aspergillus_fumigatus_08-19-02-46	31	30	1	0	scaffold_7	809571	909571
Aspergillus_fumigatus_08-19-02-46	38	37	1	0	scaffold_2	1121797	1221797
Aspergillus_fumigatus_08-19-02-46	38	36	2	0	scaffold_4	1409199	1509199
Aspergillus_fumigatus_08-19-02-46	38	29	9	0	scaffold_6	2217164	2317164
Aspergillus_fumigatus_08-19-02-46	38	36	2	0	scaffold_1	2442904	2542904
Aspergillus_fumigatus_08-19-02-46	38	36	2	0	scaffold_6	3109519	3209519
Aspergillus_fumigatus_08-19-02-46	34	32	2	0	scaffold_3	1106520	1206520
Aspergillus_fumigatus_08-19-02-46	15	15	0	0	scaffold_5	1152916	1252916
Aspergillus_fumigatus_08-19-02-46	23	17	6	0	scaffold_2	1556527	1656527
Aspergillus_fumigatus_08-19-02-46	34	33	1	0	scaffold_1	340807	440807
Aspergillus_fumigatus_08-19-02-46	30	27	3	0	scaffold_8	817195	917195
Aspergillus_fumigatus_08-19-02-46	33	29	4	0	scaffold_1	2756846	2856846
Aspergillus_fumigatus_08-19-02-46	32	31	1	0	scaffold_8	887755	987755
Aspergillus_fumigatus_08-19-02-46	36	34	2	0	scaffold_2	1957320	2057320
Aspergillus_fumigatus_08-19-02-46	34	32	2	0	scaffold_1	2850999	2950999
Aspergillus_fumigatus_08-19-02-46	26	26	0	0	scaffold_3	1580982	1680982
Aspergillus_fumigatus_08-19-02-46	42	35	7	0	scaffold_5	3548293	3648293
Aspergillus_fumigatus_08-19-02-46	34	33	1	0	scaffold_6	3199032	3299032
Aspergillus_fumigatus_08-19-02-46	29	27	2	0	scaffold_8	1280091	1380091
Aspergillus_fumigatus_08-19-02-46	35	30	5	0	scaffold_7	341723	441723
Aspergillus_fumigatus_08-19-02-46	33	32	1	0	scaffold_2	1098106	1198106
Aspergillus_fumigatus_08-19-02-46	2	0	2	0	scaffold_7	1564215	1664215
Aspergillus_fumigatus_08-19-02-46	37	36	1	0	scaffold_2	3921870	4021870
Aspergillus_fumigatus_08-19-02-46	25	25	0	0	scaffold_3	755500	855500
Aspergillus_fumigatus_08-19-02-46	41	38	3	0	scaffold_4	2230583	2330583
Aspergillus_fumigatus_08-19-02-46	41	40	1	0	scaffold_6	1840470	1940470
Aspergillus_fumigatus_08-19-02-46	28	28	0	0	scaffold_6	2677820	2777820
Aspergillus_fumigatus_08-19-02-46	37	34	3	0	scaffold_6	3557403	3657403
Aspergillus_fumigatus_08-19-02-46	40	40	0	0	scaffold_4	140524	240524
Aspergillus_fumigatus_08-19-02-46	38	32	6	0	scaffold_1	4289066	4389066
Aspergillus_fumigatus_08-19-02-46	40	35	5	0	scaffold_1	4219329	4319329
Aspergillus_fumigatus_08-19-02-46	44	40	4	0	scaffold_7	1349285	1449285
Aspergillus_fumigatus_08-19-02-46	27	23	4	0	scaffold_3	3963410	4063410
Aspergillus_fumigatus_08-19-02-46	42	40	2	0	scaffold_2	4153323	4253323
Aspergillus_fumigatus_08-19-02-46	31	30	1	0	scaffold_2	3053254	3153254
Aspergillus_fumigatus_08-19-02-46	26	9	17	0	scaffold_6	115142	215142
Aspergillus_fumigatus_08-19-02-46	31	30	1	0	scaffold_1	3011485	3111485
Aspergillus_fumigatus_08-19-02-46	44	39	5	0	scaffold_2	46817	146817
Aspergillus_fumigatus_08-19-02-46	32	32	0	0	scaffold_5	2235503	2335503
Aspergillus_fumigatus_08-19-02-46	34	34	0	0	scaffold_3	3363515	3463515
Aspergillus_fumigatus_08-19-02-46	39	39	0	0	scaffold_1	406645	506645
Aspergillus_fumigatus_08-19-02-46	38	37	1	0	scaffold_1	2424439	2524439
Aspergillus_fumigatus_08-19-02-46	43	43	0	0	scaffold_7	872804	972804
Aspergillus_fumigatus_08-19-02-46	41	35	6	0	scaffold_1	47024	147024
Aspergillus_fumigatus_08-19-02-46	35	34	1	0	scaffold_1	3678118	3778118
Aspergillus_fumigatus_08-19-02-46	32	32	0	0	scaffold_2	851950	951950
Aspergillus_fumigatus_08-19-02-46	41	40	1	0	scaffold_3	1222899	1322899
Aspergillus_fumigatus_08-19-02-46	36	35	1	0	scaffold_2	3844454	3944454
Aspergillus_fumigatus_08-19-02-46	28	25	3	0	scaffold_4	2413649	2513649
Aspergillus_fumigatus_08-19-02-46	39	39	0	0	scaffold_1	466749	566749
Aspergillus_fumigatus_08-19-02-46	37	37	0	0	scaffold_2	3877225	3977225
Aspergillus_fumigatus_08-19-02-46	32	31	1	0	scaffold_4	1667668	1767668
Aspergillus_fumigatus_08-19-02-46	32	32	0	0	scaffold_4	2958075	3058075
Aspergillus_fumigatus_08-19-02-46	34	33	1	0	scaffold_7	535043	635043
Aspergillus_fumigatus_08-19-02-46	32	31	1	0	scaffold_3	2639230	2739230
Aspergillus_fumigatus_08-19-02-46	40	34	6	0	scaffold_1	114177	214177
Aspergillus_fumigatus_08-19-02-46	42	38	4	0	scaffold_6	3358914	3458914
Aspergillus_fumigatus_08-19-02-46	37	32	5	0	scaffold_6	388973	488973
Aspergillus_fumigatus_08-19-02-46	26	26	0	0	scaffold_3	692671	792671
Aspergillus_fumigatus_08-19-02-46	32	25	7	0	scaffold_4	3587436	3687436
Aspergillus_fumigatus_08-19-02-46	10	8	2	0	scaffold_2	1305761	1405761
Aspergillus_fumigatus_08-19-02-46	34	32	2	0	scaffold_7	173379	273379
Aspergillus_fumigatus_08-19-02-46	31	29	2	0	scaffold_1	1485228	1585228
Aspergillus_fumigatus_08-19-02-46	37	37	0	0	scaffold_5	406374	506374
Aspergillus_fumigatus_08-19-02-46	34	34	0	0	scaffold_2	3454427	3554427
Aspergillus_fumigatus_08-19-02-46	27	27	0	0	scaffold_7	604856	704856
Aspergillus_fumigatus_08-19-02-46	31	28	3	0	scaffold_6	690809	790809
Aspergillus_fumigatus_08-19-02-46	14	13	1	0	scaffold_1	1834187	1934187
Aspergillus_fumigatus_08-19-02-46	28	24	4	0	scaffold_4	537437	637437
Aspergillus_fumigatus_08-19-02-46	33	29	4	0	scaffold_6	188253	288253
Aspergillus_fumigatus_08-19-02-46	30	29	1	0	scaffold_7	559218	659218
Aspergillus_fumigatus_08-19-02-46	31	31	0	0	scaffold_2	3367107	3467107
Aspergillus_fumigatus_08-19-02-46	39	37	2	0	scaffold_4	827087	927087
Aspergillus_fumigatus_08-19-02-46	40	39	1	0	scaffold_3	1248791	1348791
Aspergillus_fumigatus_08-19-02-46	32	32	0	0	scaffold_2	4034295	4134295
Aspergillus_fumigatus_08-19-02-46	5	1	4	0	scaffold_7	1578984	1678984
Aspergillus_fumigatus_08-19-02-46	30	26	4	0	scaffold_1	1945056	2045056
Aspergillus_fumigatus_08-19-02-46	37	36	1	0	scaffold_3	147821	247821
Aspergillus_fumigatus_08-19-02-46	43	39	4	0	scaffold_5	3640110	3740110
Aspergillus_fumigatus_08-19-02-46	19	17	2	0	scaffold_4	1904307	2004307
Aspergillus_fumigatus_08-19-02-46	25	22	3	0	scaffold_4	660607	760607
Aspergillus_fumigatus_08-19-02-46	31	30	1	0	scaffold_5	1907473	2007473
Aspergillus_fumigatus_08-19-02-46	34	31	3	0	scaffold_6	551395	651395
Aspergillus_fumigatus_08-19-02-46	41	40	1	0	scaffold_3	1264248	1364248
Aspergillus_fumigatus_08-19-02-46	42	41	1	0	scaffold_1	3756373	3856373
Aspergillus_fumigatus_08-19-02-46	39	37	2	0	scaffold_4	825904	925904
Aspergillus_fumigatus_08-19-02-46	39	38	1	0	scaffold_1	3718300	3818300
Aspergillus_fumigatus_08-19-02-46	37	36	1	0	scaffold_6	1926495	2026495
Aspergillus_fumigatus_08-19-02-46	30	30	0	0	scaffold_1	1361085	1461085
Aspergillus_fumigatus_08-19-02-46	31	25	6	0	scaffold_2	3302276	3402276
Aspergillus_fumigatus_08-19-02-46	40	31	9	0	scaffold_2	10437	110437
Aspergillus_fumigatus_08-19-02-46	30	30	0	0	scaffold_2	3344510	3444510
Aspergillus_fumigatus_08-19-02-46	32	26	6	0	scaffold_1	3448269	3548269
Aspergillus_fumigatus_08-19-02-46	37	35	2	0	scaffold_3	1950684	2050684
Aspergillus_fumigatus_08-19-02-46	39	30	9	0	scaffold_6	2215351	2315351
Aspergillus_fumigatus_08-19-02-46	37	36	1	0	scaffold_5	2330744	2430744
Aspergillus_fumigatus_08-19-02-46	32	31	1	0	scaffold_2	3637811	3737811
Aspergillus_fumigatus_08-19-02-46	29	27	2	0	scaffold_6	2454058	2554058
Aspergillus_fumigatus_08-19-02-46	29	29	0	0	scaffold_4	2876965	2976965
Aspergillus_fumigatus_08-19-02-46	18	12	6	0	scaffold_7	1501037	1601037
Aspergillus_fumigatus_08-19-02-46	37	37	0	0	scaffold_2	3470563	3570563
Aspergillus_fumigatus_08-19-02-46	33	28	5	0	scaffold_7	351062	451062
Aspergillus_fumigatus_08-19-02-46	27	27	0	0	scaffold_6	2787351	2887351
Aspergillus_fumigatus_08-19-02-46	35	35	0	0	scaffold_5	2662376	2762376
Aspergillus_fumigatus_08-19-02-46	40	39	1	0	scaffold_1	3284596	3384596
Aspergillus_fumigatus_08-19-02-46	40	35	5	0	scaffold_5	2471570	2571570
Aspergillus_fumigatus_08-19-02-46	35	34	1	0	scaffold_4	1526804	1626804
Aspergillus_fumigatus_08-19-02-46	41	37	4	0	scaffold_7	1146815	1246815
Aspergillus_fumigatus_08-19-02-46	33	31	2	0	scaffold_4	2379196	2479196
Aspergillus_fumigatus_08-19-02-46	33	32	1	0	scaffold_5	3046083	3146083
Aspergillus_fumigatus_08-19-02-46	39	36	3	0	scaffold_7	1167447	1267447
Aspergillus_fumigatus_08-19-02-46	38	37	1	0	scaffold_3	1155951	1255951
Aspergillus_fumigatus_08-19-02-46	33	30	3	0	scaffold_1	2982409	3082409
Aspergillus_fumigatus_08-19-02-46	39	34	5	0	scaffold_1	4213539	4313539
Aspergillus_fumigatus_08-19-02-46	42	41	1	0	scaffold_6	923516	1023516
Aspergillus_fumigatus_08-19-02-46	41	39	2	0	scaffold_1	4737238	4837238
Aspergillus_fumigatus_08-19-02-46	41	38	3	0	scaffold_3	2375039	2475039
Aspergillus_fumigatus_08-19-02-46	38	37	1	0	scaffold_1	3705516	3805516
Aspergillus_fumigatus_08-19-02-46	31	29	2	0	scaffold_2	490466	590466
Aspergillus_fumigatus_08-19-02-46	38	37	1	0	scaffold_2	3968556	4068556
Aspergillus_fumigatus_08-19-02-46	36	35	1	0	scaffold_2	3896670	3996670
Aspergillus_fumigatus_08-19-02-46	39	4	35	0	scaffold_1	4533833	4633833
Aspergillus_fumigatus_08-19-02-46	39	36	3	0	scaffold_5	99641	199641
Aspergillus_fumigatus_08-19-02-46	15	14	1	0	scaffold_5	1094759	1194759
Aspergillus_fumigatus_08-19-02-46	37	36	1	0	scaffold_5	1740434	1840434
Aspergillus_fumigatus_08-19-02-46	37	36	1	0	scaffold_1	3304578	3404578
Aspergillus_fumigatus_08-19-02-46	39	36	3	0	scaffold_3	1929496	2029496
Aspergillus_fumigatus_08-19-02-46	38	36	2	0	scaffold_4	301930	401930
Aspergillus_fumigatus_08-19-02-46	36	35	1	0	scaffold_1	3929349	4029349
Aspergillus_fumigatus_08-19-02-46	33	32	1	0	scaffold_2	1999853	2099853
Aspergillus_fumigatus_08-19-02-46	36	33	3	0	scaffold_4	1184746	1284746
Aspergillus_fumigatus_08-19-02-46	13	12	1	0	scaffold_6	1235237	1335237
Aspergillus_fumigatus_08-19-02-46	6	6	0	0	scaffold_2	2594678	2694678
Aspergillus_fumigatus_08-19-02-46	34	34	0	0	scaffold_2	3392913	3492913
Aspergillus_fumigatus_08-19-02-46	29	26	3	0	scaffold_8	481985	581985
Aspergillus_fumigatus_08-19-02-46	40	38	2	0	scaffold_7	293851	393851
Aspergillus_fumigatus_08-19-02-46	38	36	2	0	scaffold_5	2896849	2996849
Aspergillus_fumigatus_08-19-02-46	27	26	1	0	scaffold_7	789219	889219
Aspergillus_fumigatus_08-19-02-46	7	5	2	0	scaffold_4	1978269	2078269
Aspergillus_fumigatus_08-19-02-46	34	30	4	0	scaffold_6	3300051	3400051
Aspergillus_fumigatus_08-19-02-46	35	35	0	0	scaffold_2	3455671	3555671
Aspergillus_fumigatus_08-19-02-46	41	41	0	0	scaffold_1	2118428	2218428
Aspergillus_fumigatus_08-19-02-46	38	37	1	0	scaffold_3	1165021	1265021
Aspergillus_fumigatus_08-19-02-46	42	38	4	0	scaffold_1	4816011	4916011
Aspergillus_fumigatus_08-19-02-46	42	41	1	0	scaffold_4	75588	175588
Aspergillus_fumigatus_08-19-02-46	37	36	1	0	scaffold_6	2524588	2624588
Aspergillus_fumigatus_08-19-02-46	38	11	27	0	scaffold_1	4568616	4668616
Aspergillus_fumigatus_08-19-02-46	33	32	1	0	scaffold_6	1963178	2063178
Aspergillus_fumigatus_08-19-02-46	35	33	2	0	scaffold_3	2710632	2810632
Aspergillus_fumigatus_08-19-02-46	27	24	3	0	scaffold_8	797938	897938
Aspergillus_fumigatus_08-19-02-46	12	10	2	0	scaffold_2	1279246	1379246
Aspergillus_fumigatus_08-19-02-46	39	34	5	0	scaffold_7	1112140	1212140
Aspergillus_fumigatus_08-19-02-46	36	35	1	0	scaffold_8	913227	1013227
Aspergillus_fumigatus_08-19-02-46	39	37	2	0	scaffold_3	91474	191474
Aspergillus_fumigatus_08-19-02-46	38	35	3	0	scaffold_8	432268	532268
Aspergillus_fumigatus_08-19-02-46	35	25	10	0	scaffold_1	4616283	4716283
Aspergillus_fumigatus_08-19-02-46	20	20	0	0	scaffold_6	1360614	1460614
Aspergillus_fumigatus_08-19-02-46	29	28	1	0	scaffold_1	2631057	2731057
Aspergillus_fumigatus_08-19-02-46	38	37	1	0	scaffold_3	1803537	1903537
Aspergillus_fumigatus_08-19-02-46	37	36	1	0	scaffold_8	93489	193489
Aspergillus_fumigatus_08-19-02-46	41	39	2	0	scaffold_3	79197	179197
Aspergillus_fumigatus_08-19-02-46	32	31	1	0	scaffold_6	1069579	1169579
Aspergillus_fumigatus_08-19-02-46	26	25	1	0	scaffold_5	1862604	1962604
Aspergillus_fumigatus_08-19-02-46	37	35	2	0	scaffold_4	1818066	1918066
Aspergillus_fumigatus_08-19-02-46	40	35	5	0	scaffold_7	76711	176711
Aspergillus_fumigatus_08-19-02-46	30	28	1	1	scaffold_4	3327789	3427789
Aspergillus_fumigatus_08-19-02-46	33	32	1	0	scaffold_6	2575491	2675491
Aspergillus_fumigatus_08-19-02-46	32	28	4	0	scaffold_4	2474152	2574152
Aspergillus_fumigatus_08-19-02-46	33	27	6	0	scaffold_1	3390545	3490545
Aspergillus_fumigatus_08-19-02-46	39	36	3	0	scaffold_6	1653573	1753573
Aspergillus_fumigatus_08-19-02-46	46	38	8	0	scaffold_7	1377419	1477419
Aspergillus_fumigatus_08-19-02-46	37	28	9	0	scaffold_6	290914	390914
Aspergillus_fumigatus_08-19-02-46	31	30	1	0	scaffold_5	1270580	1370580
Aspergillus_fumigatus_08-19-02-46	37	37	0	0	scaffold_6	1128535	1228535
Aspergillus_fumigatus_08-19-02-46	34	32	2	0	scaffold_2	515491	615491
Aspergillus_fumigatus_08-19-02-46	35	32	3	0	scaffold_5	3357531	3457531
Aspergillus_fumigatus_08-19-02-46	32	30	1	1	scaffold_4	3317354	3417354
Aspergillus_fumigatus_08-19-02-46	37	33	4	0	scaffold_6	362941	462941
Aspergillus_fumigatus_08-19-02-46	42	39	3	0	scaffold_1	4829348	4929348
Aspergillus_fumigatus_08-19-02-46	36	35	1	0	scaffold_3	1795648	1895648
Aspergillus_fumigatus_08-19-02-46	36	35	1	0	scaffold_2	3847142	3947142
Aspergillus_fumigatus_08-19-02-46	35	35	0	0	scaffold_4	3100544	3200544
Aspergillus_fumigatus_08-19-02-46	37	34	3	0	scaffold_5	2845826	2945826
Aspergillus_fumigatus_08-19-02-46	32	31	1	0	scaffold_5	351469	451469
Aspergillus_fumigatus_08-19-02-46	22	19	3	0	scaffold_8	783485	883485
Aspergillus_fumigatus_08-19-02-46	34	34	0	0	scaffold_5	2742986	2842986
Aspergillus_fumigatus_08-19-02-46	30	29	1	0	scaffold_5	2102569	2202569
Aspergillus_fumigatus_08-19-02-46	38	37	1	0	scaffold_3	2106398	2206398
Aspergillus_fumigatus_08-19-02-46	29	29	0	0	scaffold_5	1484914	1584914
Aspergillus_fumigatus_08-19-02-46	30	29	1	0	scaffold_1	1002126	1102126
Aspergillus_fumigatus_08-19-02-46	34	32	2	0	scaffold_4	2501280	2601280
Aspergillus_fumigatus_08-19-02-46	12	12	0	0	scaffold_1	1770390	1870390
Aspergillus_fumigatus_08-19-02-46	35	35	0	0	scaffold_1	605209	705209
Aspergillus_fumigatus_08-19-02-46	35	31	4	0	scaffold_6	3539353	3639353
Aspergillus_fumigatus_08-19-02-46	26	26	0	0	scaffold_3	734346	834346
Aspergillus_fumigatus_08-19-02-46	42	38	4	0	scaffold_5	3676429	3776429
Aspergillus_fumigatus_08-19-02-46	38	29	9	0	scaffold_6	2207766	2307766
Aspergillus_fumigatus_08-19-02-46	43	42	1	0	scaffold_4	3851979	3951979
Aspergillus_fumigatus_08-19-02-46	32	31	1	0	scaffold_3	990323	1090323
Aspergillus_fumigatus_08-19-02-46	33	32	1	0	scaffold_4	3199410	3299410
Aspergillus_fumigatus_08-19-02-46	36	35	1	0	scaffold_6	1602311	1702311
Aspergillus_fumigatus_08-19-02-46	32	29	3	0	scaffold_2	2245138	2345138
Aspergillus_fumigatus_08-19-02-46	41	34	7	0	scaffold_5	3538154	3638154
Aspergillus_fumigatus_08-19-02-46	37	28	9	0	scaffold_6	283093	383093
Aspergillus_fumigatus_08-19-02-46	29	28	1	0	scaffold_8	1250241	1350241
Aspergillus_fumigatus_08-19-02-46	31	29	2	0	scaffold_2	2066571	2166571
Aspergillus_fumigatus_08-19-02-46	36	34	2	0	scaffold_1	236756	336756
Aspergillus_fumigatus_08-19-02-46	29	29	0	0	scaffold_1	1338463	1438463
Aspergillus_fumigatus_08-19-02-46	35	34	1	0	scaffold_2	774261	874261
Aspergillus_fumigatus_08-19-02-46	35	35	0	0	scaffold_2	3565927	3665927
Aspergillus_fumigatus_08-19-02-46	28	27	1	0	scaffold_5	1858231	1958231
Aspergillus_fumigatus_08-19-02-46	38	35	3	0	scaffold_4	3760470	3860470
Aspergillus_fumigatus_08-19-02-46	44	40	4	0	scaffold_7	1349091	1449091
Aspergillus_fumigatus_08-19-02-46	31	30	1	0	scaffold_1	3010888	3110888
Aspergillus_fumigatus_08-19-02-46	32	31	1	0	scaffold_2	3632314	3732314
Aspergillus_fumigatus_08-19-02-46	41	38	3	0	scaffold_7	209825	309825
Aspergillus_fumigatus_08-19-02-46	7	2	5	0	scaffold_7	1538172	1638172
Aspergillus_fumigatus_08-19-02-46	39	36	3	0	scaffold_8	604272	704272
Aspergillus_fumigatus_08-19-02-46	27	9	18	0	scaffold_6	89663	189663
Aspergillus_fumigatus_08-19-02-46	36	32	4	0	scaffold_8	202863	302863
Aspergillus_fumigatus_08-19-02-46	39	35	4	0	scaffold_6	3349854	3449854
Aspergillus_fumigatus_08-19-02-46	43	41	2	0	scaffold_2	2941938	3041938
Aspergillus_fumigatus_08-19-02-46	41	37	4	0	scaffold_5	3627080	3727080
Aspergillus_fumigatus_08-19-02-46	38	27	11	0	scaffold_6	26834	126834
Aspergillus_fumigatus_08-19-02-46	37	35	2	0	scaffold_6	3141170	3241170
Aspergillus_fumigatus_08-19-02-46	29	28	1	0	scaffold_7	1248586	1348586
Aspergillus_fumigatus_08-19-02-46	36	31	5	0	scaffold_2	2856943	2956943
Aspergillus_fumigatus_08-19-02-46	27	24	3	0	scaffold_8	493628	593628
Aspergillus_fumigatus_08-19-02-46	28	28	0	0	scaffold_5	1306453	1406453
Aspergillus_fumigatus_08-19-02-46	40	39	1	0	scaffold_1	3748622	3848622
Aspergillus_fumigatus_08-19-02-46	41	39	2	0	scaffold_7	226373	326373
Aspergillus_fumigatus_08-19-02-46	28	22	6	0	scaffold_5	3328459	3428459
Aspergillus_fumigatus_08-19-02-46	41	40	1	0	scaffold_5	253122	353122
Aspergillus_fumigatus_08-19-02-46	40	39	1	0	scaffold_7	845614	945614
Aspergillus_fumigatus_08-19-02-46	28	28	0	0	scaffold_2	319425	419425
Aspergillus_fumigatus_08-19-02-46	35	32	3	0	scaffold_5	1598680	1698680
Aspergillus_fumigatus_08-19-02-46	36	36	0	0	scaffold_6	2985200	3085200
Aspergillus_fumigatus_08-19-02-46	34	34	0	0	scaffold_7	950721	1050721
Aspergillus_fumigatus_08-19-02-46	37	37	0	0	scaffold_2	707210	807210
Aspergillus_fumigatus_08-19-02-46	36	32	4	0	scaffold_4	869609	969609
Aspergillus_fumigatus_08-19-02-46	38	33	5	0	scaffold_6	3512002	3612002
Aspergillus_fumigatus_08-19-02-46	36	35	1	0	scaffold_4	792077	892077
Aspergillus_fumigatus_08-19-02-46	43	41	2	0	scaffold_6	2907106	3007106
Aspergillus_fumigatus_08-19-02-46	33	32	1	0	scaffold_2	3100020	3200020
Aspergillus_fumigatus_08-19-02-46	30	28	2	0	scaffold_7	1025582	1125582
Aspergillus_fumigatus_08-19-02-46	30	29	1	0	scaffold_7	566994	666994
Aspergillus_fumigatus_08-19-02-46	30	29	1	0	scaffold_1	1583846	1683846
Aspergillus_fumigatus_08-19-02-46	33	33	0	0	scaffold_7	986833	1086833
Aspergillus_fumigatus_08-19-02-46	47	39	8	0	scaffold_7	1388536	1488536
Aspergillus_fumigatus_08-19-02-46	34	34	0	0	scaffold_5	543811	643811
Aspergillus_fumigatus_08-19-02-46	39	36	3	0	scaffold_6	3559131	3659131
Aspergillus_fumigatus_08-19-02-46	12	11	1	0	scaffold_8	727159	827159
Aspergillus_fumigatus_08-19-02-46	31	30	1	0	scaffold_5	2186169	2286169
Aspergillus_fumigatus_08-19-02-46	23	20	3	0	scaffold_4	1892165	1992165
Aspergillus_fumigatus_08-19-02-46	27	27	0	0	scaffold_3	733013	833013
Aspergillus_fumigatus_08-19-02-46	39	37	2	0	scaffold_4	3482057	3582057
Aspergillus_fumigatus_08-19-02-46	23	22	1	0	scaffold_5	1070084	1170084
Aspergillus_fumigatus_08-19-02-46	36	36	0	0	scaffold_2	3533381	3633381
Aspergillus_fumigatus_08-19-02-46	37	36	1	0	scaffold_6	1562486	1662486
Aspergillus_fumigatus_08-19-02-46	37	27	10	0	scaffold_6	297122	397122
Aspergillus_fumigatus_08-19-02-46	31	29	2	0	scaffold_5	2985071	3085071
Aspergillus_fumigatus_08-19-02-46	23	23	0	0	scaffold_5	1172114	1272114
Aspergillus_fumigatus_08-19-02-46	44	39	5	0	scaffold_5	3710671	3810671
Aspergillus_fumigatus_08-19-02-46	41	41	0	0	scaffold_4	80673	180673
Aspergillus_fumigatus_08-19-02-46	36	35	1	0	scaffold_3	133351	233351
Aspergillus_fumigatus_08-19-02-46	3	1	2	0	scaffold_7	1568907	1668907
Aspergillus_fumigatus_08-19-02-46	33	32	1	0	scaffold_2	1198680	1298680
Aspergillus_fumigatus_08-19-02-46	31	29	2	0	scaffold_2	3756865	3856865
Aspergillus_fumigatus_08-19-02-46	33	32	1	0	scaffold_1	2176632	2276632
Aspergillus_fumigatus_08-19-02-46	30	28	2	0	scaffold_3	3430445	3530445
Aspergillus_fumigatus_08-19-02-46	44	41	3	0	scaffold_5	153102	253102
Aspergillus_fumigatus_08-19-02-46	38	36	2	0	scaffold_5	2895638	2995638
Aspergillus_fumigatus_08-19-02-46	41	41	0	0	scaffold_3	1288597	1388597
Aspergillus_fumigatus_08-19-02-46	23	17	6	0	scaffold_2	1548943	1648943
Aspergillus_fumigatus_08-19-02-46	21	20	1	0	scaffold_5	1075425	1175425
Aspergillus_fumigatus_08-19-02-46	41	40	1	0	scaffold_8	134229	234229
Aspergillus_fumigatus_08-19-02-46	39	36	3	0	scaffold_5	112066	212066
Aspergillus_fumigatus_08-19-02-46	38	37	1	0	scaffold_1	3776749	3876749
Aspergillus_fumigatus_08-19-02-46	35	28	7	0	scaffold_2	3247626	3347626
Aspergillus_fumigatus_08-19-02-46	35	34	1	0	scaffold_5	888098	988098
Aspergillus_fumigatus_08-19-02-46	38	35	3	0	scaffold_4	1179571	1279571
Aspergillus_fumigatus_08-19-02-46	44	37	7	0	scaffold_5	3564059	3664059
Aspergillus_fumigatus_08-19-02-46	34	33	1	0	scaffold_1	2228662	2328662
Aspergillus_fumigatus_08-19-02-46	26	20	6	0	scaffold_6	461396	561396
Aspergillus_fumigatus_08-19-02-46	38	38	0	0	scaffold_5	936066	1036066
Aspergillus_fumigatus_08-19-02-46	20	19	1	0	scaffold_4	1109272	1209272
Aspergillus_fumigatus_08-19-02-46	37	36	1	0	scaffold_6	1506408	1606408
Aspergillus_fumigatus_08-19-02-46	36	32	4	0	scaffold_6	779590	879590
Aspergillus_fumigatus_08-19-02-46	28	25	3	0	scaffold_8	537787	637787
Aspergillus_fumigatus_08-19-02-46	43	43	0	0	scaffold_4	1602081	1702081
Aspergillus_fumigatus_08-19-02-46	35	35	0	0	scaffold_1	2310286	2410286
Aspergillus_fumigatus_08-19-02-46	36	36	0	0	scaffold_4	3003096	3103096
Aspergillus_fumigatus_08-19-02-46	35	32	3	0	scaffold_5	1611110	1711110
Aspergillus_fumigatus_08-19-02-46	31	31	0	0	scaffold_4	2953861	3053861
Aspergillus_fumigatus_08-19-02-46	32	29	3	0	scaffold_5	3007395	3107395
Aspergillus_fumigatus_08-19-02-46	35	35	0	0	scaffold_6	2986868	3086868
Aspergillus_fumigatus_08-19-02-46	33	33	0	0	scaffold_2	4009653	4109653
Aspergillus_fumigatus_08-19-02-46	39	37	2	0	scaffold_5	206802	306802
Aspergillus_fumigatus_08-19-02-46	22	19	3	0	scaffold_4	1893620	1993620
Aspergillus_fumigatus_08-19-02-46	29	29	0	0	scaffold_1	1249724	1349724
Aspergillus_fumigatus_08-19-02-46	41	40	1	0	scaffold_2	627316	727316
Aspergillus_fumigatus_08-19-02-46	35	34	1	0	scaffold_2	3822277	3922277
Aspergillus_fumigatus_08-19-02-46	31	30	1	0	scaffold_3	994568	1094568
Aspergillus_fumigatus_08-19-02-46	33	32	1	0	scaffold_6	2846759	2946759
Aspergillus_fumigatus_08-19-02-46	31	30	1	0	scaffold_1	979231	1079231
Aspergillus_fumigatus_08-19-02-46	26	26	0	0	scaffold_3	2016457	2116457
Aspergillus_fumigatus_08-19-02-46	32	32	0	0	scaffold_1	874325	974325
Aspergillus_fumigatus_08-19-02-46	38	36	2	0	scaffold_5	2340577	2440577
Aspergillus_fumigatus_08-19-02-46	39	38	1	0	scaffold_2	4211305	4311305
Aspergillus_fumigatus_08-19-02-46	39	38	1	0	scaffold_1	3725890	3825890
Aspergillus_fumigatus_08-19-02-46	34	33	1	0	scaffold_4	3163253	3263253
Aspergillus_fumigatus_08-19-02-46	34	33	1	0	scaffold_1	340124	440124
Aspergillus_fumigatus_08-19-02-46	32	31	1	0	scaffold_2	808695	908695
Aspergillus_fumigatus_08-19-02-46	33	32	1	0	scaffold_8	341071	441071
Aspergillus_fumigatus_08-19-02-46	19	18	1	0	scaffold_1	1701665	1801665
Aspergillus_fumigatus_08-19-02-46	30	28	2	0	scaffold_4	3284101	3384101
Aspergillus_fumigatus_08-19-02-46	38	36	2	0	scaffold_4	1409888	1509888
Aspergillus_fumigatus_08-19-02-46	39	37	2	0	scaffold_4	824068	924068
Aspergillus_fumigatus_08-19-02-46	23	23	0	0	scaffold_3	2204787	2304787
Aspergillus_fumigatus_08-19-02-46	24	24	0	0	scaffold_4	1048635	1148635
Aspergillus_fumigatus_08-19-02-46	31	29	2	0	scaffold_1	1878714	1978714
Aspergillus_fumigatus_08-19-02-46	36	33	3	0	scaffold_6	561180	661180
