STRAIN	TOTAL	CORE	ACCESSORY	SINGLETON	CHROM	START	END
Aspergillus_fumigatus_12-7505446	33	32	1	0	scaffold_4	1545819	1645819
Aspergillus_fumigatus_12-7505446	29	27	2	0	scaffold_1	2624408	2724408
Aspergillus_fumigatus_12-7505446	33	29	4	0	scaffold_8	1014918	1114918
Aspergillus_fumigatus_12-7505446	21	20	1	0	scaffold_1	3814943	3914943
Aspergillus_fumigatus_12-7505446	40	36	4	0	scaffold_1	235412	335412
Aspergillus_fumigatus_12-7505446	37	30	7	0	scaffold_8	372391	472391
Aspergillus_fumigatus_12-7505446	31	26	5	0	scaffold_2	4223687	4323687
Aspergillus_fumigatus_12-7505446	37	34	3	0	scaffold_1	2293531	2393531
Aspergillus_fumigatus_12-7505446	39	34	5	0	scaffold_3	3995724	4095724
Aspergillus_fumigatus_12-7505446	38	12	26	0	scaffold_5	83523	183523
Aspergillus_fumigatus_12-7505446	33	33	0	0	scaffold_1	2516252	2616252
Aspergillus_fumigatus_12-7505446	38	33	5	0	scaffold_1	3147475	3247475
Aspergillus_fumigatus_12-7505446	36	31	5	0	scaffold_3	2514601	2614601
Aspergillus_fumigatus_12-7505446	39	37	2	0	scaffold_5	2341953	2441953
Aspergillus_fumigatus_12-7505446	39	38	1	0	scaffold_4	3356983	3456983
Aspergillus_fumigatus_12-7505446	20	19	1	0	scaffold_6	1160395	1260395
Aspergillus_fumigatus_12-7505446	45	38	7	0	scaffold_6	2176805	2276805
Aspergillus_fumigatus_12-7505446	40	39	1	0	scaffold_6	2764063	2864063
Aspergillus_fumigatus_12-7505446	34	34	0	0	scaffold_3	2981527	3081527
Aspergillus_fumigatus_12-7505446	38	37	1	0	scaffold_1	2197846	2297846
Aspergillus_fumigatus_12-7505446	32	32	0	0	scaffold_1	2902853	3002853
Aspergillus_fumigatus_12-7505446	16	15	1	0	scaffold_1	3840206	3940206
Aspergillus_fumigatus_12-7505446	35	34	1	0	scaffold_4	1760493	1860493
Aspergillus_fumigatus_12-7505446	49	46	3	0	scaffold_3	3802163	3902163
Aspergillus_fumigatus_12-7505446	36	25	11	0	scaffold_1	4526886	4626886
Aspergillus_fumigatus_12-7505446	39	36	3	0	scaffold_2	2946456	3046456
Aspergillus_fumigatus_12-7505446	37	35	2	0	scaffold_5	1813548	1913548
Aspergillus_fumigatus_12-7505446	37	35	2	0	scaffold_8	819633	919633
Aspergillus_fumigatus_12-7505446	32	31	1	0	scaffold_5	739036	839036
Aspergillus_fumigatus_12-7505446	34	32	2	0	scaffold_1	1289299	1389299
Aspergillus_fumigatus_12-7505446	34	30	4	0	scaffold_2	3541638	3641638
Aspergillus_fumigatus_12-7505446	39	36	3	0	scaffold_3	2018055	2118055
Aspergillus_fumigatus_12-7505446	46	43	3	0	scaffold_3	3847299	3947299
Aspergillus_fumigatus_12-7505446	24	22	2	0	scaffold_1	1711067	1811067
Aspergillus_fumigatus_12-7505446	40	27	13	0	scaffold_5	30520	130520
Aspergillus_fumigatus_12-7505446	34	33	1	0	scaffold_5	2983067	3083067
Aspergillus_fumigatus_12-7505446	30	27	3	0	scaffold_1	2774987	2874987
Aspergillus_fumigatus_12-7505446	39	37	2	0	scaffold_3	1518846	1618846
Aspergillus_fumigatus_12-7505446	28	22	6	0	scaffold_7	503606	603606
Aspergillus_fumigatus_12-7505446	39	34	5	0	scaffold_1	261512	361512
Aspergillus_fumigatus_12-7505446	31	28	3	0	scaffold_6	2599777	2699777
Aspergillus_fumigatus_12-7505446	34	32	2	0	scaffold_6	1506030	1606030
Aspergillus_fumigatus_12-7505446	44	42	2	0	scaffold_2	2305566	2405566
Aspergillus_fumigatus_12-7505446	39	39	0	0	scaffold_4	3328013	3428013
Aspergillus_fumigatus_12-7505446	34	31	3	0	scaffold_6	1376313	1476313
Aspergillus_fumigatus_12-7505446	31	31	0	0	scaffold_2	1367080	1467080
Aspergillus_fumigatus_12-7505446	45	39	6	0	scaffold_5	3199405	3299405
Aspergillus_fumigatus_12-7505446	33	28	5	0	scaffold_2	1128798	1228798
Aspergillus_fumigatus_12-7505446	41	37	4	0	scaffold_5	1403881	1503881
Aspergillus_fumigatus_12-7505446	43	36	7	0	scaffold_5	365990	465990
Aspergillus_fumigatus_12-7505446	42	34	8	0	scaffold_1	3209170	3309170
Aspergillus_fumigatus_12-7505446	22	22	0	0	scaffold_8	625381	725381
Aspergillus_fumigatus_12-7505446	47	39	8	0	scaffold_6	120729	220729
Aspergillus_fumigatus_12-7505446	42	36	6	0	scaffold_6	3170818	3270818
Aspergillus_fumigatus_12-7505446	44	40	4	0	scaffold_3	4017061	4117061
Aspergillus_fumigatus_12-7505446	36	34	2	0	scaffold_2	1206786	1306786
Aspergillus_fumigatus_12-7505446	41	35	6	0	scaffold_6	3150401	3250401
Aspergillus_fumigatus_12-7505446	45	38	7	0	scaffold_6	2178293	2278293
Aspergillus_fumigatus_12-7505446	33	30	3	0	scaffold_5	433332	533332
Aspergillus_fumigatus_12-7505446	41	37	4	0	scaffold_2	1651798	1751798
Aspergillus_fumigatus_12-7505446	32	30	2	0	scaffold_6	1472135	1572135
Aspergillus_fumigatus_12-7505446	34	31	3	0	scaffold_2	3844130	3944130
Aspergillus_fumigatus_12-7505446	37	33	4	0	scaffold_7	297833	397833
Aspergillus_fumigatus_12-7505446	46	41	5	0	scaffold_4	3736692	3836692
Aspergillus_fumigatus_12-7505446	44	42	2	0	scaffold_2	4304409	4404409
Aspergillus_fumigatus_12-7505446	37	34	3	0	scaffold_2	3010254	3110254
Aspergillus_fumigatus_12-7505446	36	34	1	1	scaffold_3	3413458	3513458
Aspergillus_fumigatus_12-7505446	39	35	4	0	scaffold_2	3693556	3793556
Aspergillus_fumigatus_12-7505446	33	31	2	0	scaffold_1	2549287	2649287
Aspergillus_fumigatus_12-7505446	37	29	8	0	scaffold_3	3710679	3810679
Aspergillus_fumigatus_12-7505446	45	45	0	0	scaffold_5	2743621	2843621
Aspergillus_fumigatus_12-7505446	39	33	6	0	scaffold_2	4643829	4743829
Aspergillus_fumigatus_12-7505446	37	34	3	0	scaffold_1	3971091	4071091
Aspergillus_fumigatus_12-7505446	12	11	1	0	scaffold_4	1380871	1480871
Aspergillus_fumigatus_12-7505446	38	34	4	0	scaffold_6	46872	146872
Aspergillus_fumigatus_12-7505446	36	35	1	0	scaffold_5	1308689	1408689
Aspergillus_fumigatus_12-7505446	42	38	4	0	scaffold_5	1468297	1568297
Aspergillus_fumigatus_12-7505446	29	11	18	0	scaffold_3	622027	722027
Aspergillus_fumigatus_12-7505446	37	36	1	0	scaffold_3	824092	924092
Aspergillus_fumigatus_12-7505446	43	41	2	0	scaffold_3	44572	144572
Aspergillus_fumigatus_12-7505446	45	43	2	0	scaffold_4	3757049	3857049
Aspergillus_fumigatus_12-7505446	36	31	5	0	scaffold_2	3218599	3318599
Aspergillus_fumigatus_12-7505446	39	36	3	0	scaffold_4	976495	1076495
Aspergillus_fumigatus_12-7505446	39	38	1	0	scaffold_8	917332	1017332
Aspergillus_fumigatus_12-7505446	37	32	5	0	scaffold_7	438872	538872
Aspergillus_fumigatus_12-7505446	39	34	5	0	scaffold_6	2094881	2194881
Aspergillus_fumigatus_12-7505446	39	36	3	0	scaffold_2	2433081	2533081
Aspergillus_fumigatus_12-7505446	42	35	7	0	scaffold_5	553284	653284
Aspergillus_fumigatus_12-7505446	39	35	4	0	scaffold_6	35565	135565
Aspergillus_fumigatus_12-7505446	36	31	5	0	scaffold_3	701337	801337
Aspergillus_fumigatus_12-7505446	36	32	4	0	scaffold_8	1045377	1145377
Aspergillus_fumigatus_12-7505446	44	37	7	0	scaffold_8	1454735	1554735
Aspergillus_fumigatus_12-7505446	28	27	1	0	scaffold_6	1055658	1155658
Aspergillus_fumigatus_12-7505446	29	25	4	0	scaffold_4	278484	378484
Aspergillus_fumigatus_12-7505446	29	27	2	0	scaffold_1	3445569	3545569
Aspergillus_fumigatus_12-7505446	33	29	4	0	scaffold_4	97040	197040
Aspergillus_fumigatus_12-7505446	41	34	7	0	scaffold_4	2930375	3030375
Aspergillus_fumigatus_12-7505446	33	30	3	0	scaffold_3	1201794	1301794
Aspergillus_fumigatus_12-7505446	38	35	3	0	scaffold_4	1491230	1591230
Aspergillus_fumigatus_12-7505446	37	31	5	1	scaffold_1	4028415	4128415
Aspergillus_fumigatus_12-7505446	40	40	0	0	scaffold_2	1707506	1807506
Aspergillus_fumigatus_12-7505446	46	39	7	0	scaffold_6	223440	323440
Aspergillus_fumigatus_12-7505446	40	37	3	0	scaffold_4	840760	940760
Aspergillus_fumigatus_12-7505446	36	31	5	0	scaffold_2	3225663	3325663
Aspergillus_fumigatus_12-7505446	45	40	5	0	scaffold_5	3170896	3270896
Aspergillus_fumigatus_12-7505446	38	36	2	0	scaffold_5	1513055	1613055
Aspergillus_fumigatus_12-7505446	39	36	3	0	scaffold_3	781355	881355
Aspergillus_fumigatus_12-7505446	39	37	2	0	scaffold_3	2126681	2226681
Aspergillus_fumigatus_12-7505446	37	32	5	0	scaffold_2	1448741	1548741
Aspergillus_fumigatus_12-7505446	30	29	1	0	scaffold_6	1325878	1425878
Aspergillus_fumigatus_12-7505446	34	31	3	0	scaffold_1	919464	1019464
Aspergillus_fumigatus_12-7505446	26	20	6	0	scaffold_7	543127	643127
Aspergillus_fumigatus_12-7505446	29	28	1	0	scaffold_5	1219612	1319612
Aspergillus_fumigatus_12-7505446	36	35	1	0	scaffold_4	1517694	1617694
Aspergillus_fumigatus_12-7505446	41	38	3	0	scaffold_3	3072793	3172793
Aspergillus_fumigatus_12-7505446	40	28	12	0	scaffold_5	256036	356036
Aspergillus_fumigatus_12-7505446	41	38	3	0	scaffold_2	1674154	1774154
Aspergillus_fumigatus_12-7505446	39	36	3	0	scaffold_3	1548114	1648114
Aspergillus_fumigatus_12-7505446	39	34	5	0	scaffold_2	1932946	2032946
Aspergillus_fumigatus_12-7505446	41	40	1	0	scaffold_4	3365676	3465676
Aspergillus_fumigatus_12-7505446	39	33	6	0	scaffold_4	3662992	3762992
Aspergillus_fumigatus_12-7505446	40	38	2	0	scaffold_2	2436961	2536961
Aspergillus_fumigatus_12-7505446	40	37	3	0	scaffold_5	1394795	1494795
Aspergillus_fumigatus_12-7505446	32	32	0	0	scaffold_1	710683	810683
Aspergillus_fumigatus_12-7505446	37	35	2	0	scaffold_7	613871	713871
Aspergillus_fumigatus_12-7505446	30	29	1	0	scaffold_6	1770052	1870052
Aspergillus_fumigatus_12-7505446	43	43	0	0	scaffold_5	2712186	2812186
Aspergillus_fumigatus_12-7505446	46	40	6	0	scaffold_5	326164	426164
Aspergillus_fumigatus_12-7505446	43	39	4	0	scaffold_5	2044931	2144931
Aspergillus_fumigatus_12-7505446	38	30	8	0	scaffold_3	1784172	1884172
Aspergillus_fumigatus_12-7505446	45	36	9	0	scaffold_1	117192	217192
Aspergillus_fumigatus_12-7505446	35	31	4	0	scaffold_2	1164807	1264807
Aspergillus_fumigatus_12-7505446	31	30	1	0	scaffold_2	3986588	4086588
Aspergillus_fumigatus_12-7505446	40	35	5	0	scaffold_6	3143974	3243974
Aspergillus_fumigatus_12-7505446	35	31	4	0	scaffold_2	1159749	1259749
Aspergillus_fumigatus_12-7505446	36	34	2	0	scaffold_6	2689417	2789417
Aspergillus_fumigatus_12-7505446	46	35	10	1	scaffold_1	4080431	4180431
Aspergillus_fumigatus_12-7505446	42	35	7	0	scaffold_6	3173873	3273873
Aspergillus_fumigatus_12-7505446	39	34	5	0	scaffold_4	428000	528000
Aspergillus_fumigatus_12-7505446	41	37	4	0	scaffold_5	3246617	3346617
Aspergillus_fumigatus_12-7505446	37	34	3	0	scaffold_3	2062269	2162269
Aspergillus_fumigatus_12-7505446	41	36	5	0	scaffold_4	2613461	2713461
Aspergillus_fumigatus_12-7505446	33	32	1	0	scaffold_1	2731097	2831097
Aspergillus_fumigatus_12-7505446	38	37	1	0	scaffold_5	1333142	1433142
Aspergillus_fumigatus_12-7505446	38	32	6	0	scaffold_4	2028027	2128027
Aspergillus_fumigatus_12-7505446	40	36	4	0	scaffold_2	1986917	2086917
Aspergillus_fumigatus_12-7505446	38	38	0	0	scaffold_5	2763866	2863866
Aspergillus_fumigatus_12-7505446	29	26	3	0	scaffold_5	3277167	3377167
Aspergillus_fumigatus_12-7505446	34	31	3	0	scaffold_4	890442	990442
Aspergillus_fumigatus_12-7505446	39	37	2	0	scaffold_2	191769	291769
Aspergillus_fumigatus_12-7505446	32	30	2	0	scaffold_2	2028933	2128933
Aspergillus_fumigatus_12-7505446	34	33	1	0	scaffold_3	2838049	2938049
Aspergillus_fumigatus_12-7505446	32	29	3	0	scaffold_2	1416912	1516912
Aspergillus_fumigatus_12-7505446	45	35	10	0	scaffold_3	935163	1035163
Aspergillus_fumigatus_12-7505446	36	34	2	0	scaffold_5	3039727	3139727
Aspergillus_fumigatus_12-7505446	33	28	5	0	scaffold_1	1007817	1107817
Aspergillus_fumigatus_12-7505446	42	33	9	0	scaffold_1	3219470	3319470
Aspergillus_fumigatus_12-7505446	41	37	4	0	scaffold_7	38323	138323
Aspergillus_fumigatus_12-7505446	36	35	1	0	scaffold_6	2388088	2488088
Aspergillus_fumigatus_12-7505446	43	34	9	0	scaffold_1	3223037	3323037
Aspergillus_fumigatus_12-7505446	33	30	3	0	scaffold_1	952243	1052243
Aspergillus_fumigatus_12-7505446	32	32	0	0	scaffold_3	2780461	2880461
Aspergillus_fumigatus_12-7505446	44	40	4	0	scaffold_4	2899161	2999161
Aspergillus_fumigatus_12-7505446	38	36	2	0	scaffold_5	2909186	3009186
Aspergillus_fumigatus_12-7505446	26	24	2	0	scaffold_7	576837	676837
Aspergillus_fumigatus_12-7505446	38	33	5	0	scaffold_3	2556032	2656032
Aspergillus_fumigatus_12-7505446	39	35	4	0	scaffold_4	2735959	2835959
Aspergillus_fumigatus_12-7505446	39	35	4	0	scaffold_2	3168845	3268845
Aspergillus_fumigatus_12-7505446	47	44	3	0	scaffold_3	4103004	4203004
Aspergillus_fumigatus_12-7505446	37	33	4	0	scaffold_7	298655	398655
Aspergillus_fumigatus_12-7505446	40	33	7	0	scaffold_4	2929135	3029135
Aspergillus_fumigatus_12-7505446	37	35	2	0	scaffold_3	2740506	2840506
Aspergillus_fumigatus_12-7505446	37	36	1	0	scaffold_7	651550	751550
Aspergillus_fumigatus_12-7505446	36	31	5	0	scaffold_7	334828	434828
Aspergillus_fumigatus_12-7505446	26	25	1	0	scaffold_5	1010231	1110231
Aspergillus_fumigatus_12-7505446	35	35	0	0	scaffold_6	510082	610082
Aspergillus_fumigatus_12-7505446	36	34	2	0	scaffold_1	2574688	2674688
Aspergillus_fumigatus_12-7505446	40	38	2	0	scaffold_2	2929432	3029432
Aspergillus_fumigatus_12-7505446	40	38	2	0	scaffold_1	3342331	3442331
Aspergillus_fumigatus_12-7505446	30	27	3	0	scaffold_5	460386	560386
Aspergillus_fumigatus_12-7505446	41	37	4	0	scaffold_2	2352995	2452995
Aspergillus_fumigatus_12-7505446	13	12	1	0	scaffold_4	1383951	1483951
Aspergillus_fumigatus_12-7505446	33	30	3	0	scaffold_1	2945761	3045761
Aspergillus_fumigatus_12-7505446	40	29	11	0	scaffold_5	267598	367598
Aspergillus_fumigatus_12-7505446	38	35	3	0	scaffold_2	2913181	3013181
Aspergillus_fumigatus_12-7505446	31	28	3	0	scaffold_1	2621450	2721450
Aspergillus_fumigatus_12-7505446	21	19	2	0	scaffold_4	1398939	1498939
Aspergillus_fumigatus_12-7505446	40	35	5	0	scaffold_1	266128	366128
Aspergillus_fumigatus_12-7505446	33	31	2	0	scaffold_7	894122	994122
Aspergillus_fumigatus_12-7505446	39	35	4	0	scaffold_2	887143	987143
Aspergillus_fumigatus_12-7505446	37	32	5	0	scaffold_2	555860	655860
Aspergillus_fumigatus_12-7505446	45	37	8	0	scaffold_7	1351089	1451089
Aspergillus_fumigatus_12-7505446	40	37	3	0	scaffold_2	2334732	2434732
Aspergillus_fumigatus_12-7505446	24	22	2	0	scaffold_2	2047630	2147630
Aspergillus_fumigatus_12-7505446	44	43	1	0	scaffold_6	963546	1063546
Aspergillus_fumigatus_12-7505446	41	37	4	0	scaffold_6	72168	172168
Aspergillus_fumigatus_12-7505446	42	40	2	0	scaffold_4	616193	716193
Aspergillus_fumigatus_12-7505446	34	31	3	0	scaffold_1	890779	990779
Aspergillus_fumigatus_12-7505446	33	32	1	0	scaffold_7	601365	701365
Aspergillus_fumigatus_12-7505446	33	29	4	0	scaffold_1	1129533	1229533
Aspergillus_fumigatus_12-7505446	42	41	1	0	scaffold_4	2168051	2268051
Aspergillus_fumigatus_12-7505446	30	26	4	0	scaffold_4	280944	380944
Aspergillus_fumigatus_12-7505446	41	34	7	0	scaffold_3	954572	1054572
Aspergillus_fumigatus_12-7505446	41	35	6	0	scaffold_6	3161135	3261135
Aspergillus_fumigatus_12-7505446	8	7	1	0	scaffold_5	969358	1069358
Aspergillus_fumigatus_12-7505446	32	26	6	0	scaffold_3	3667793	3767793
Aspergillus_fumigatus_12-7505446	39	34	5	0	scaffold_7	389135	489135
Aspergillus_fumigatus_12-7505446	46	38	8	0	scaffold_6	3188578	3288578
Aspergillus_fumigatus_12-7505446	36	30	6	0	scaffold_7	460586	560586
Aspergillus_fumigatus_12-7505446	34	30	4	0	scaffold_8	1322230	1422230
Aspergillus_fumigatus_12-7505446	32	0	32	0	scaffold_1	4352964	4452964
Aspergillus_fumigatus_12-7505446	43	40	3	0	scaffold_8	1416912	1516912
Aspergillus_fumigatus_12-7505446	42	39	3	0	scaffold_2	2229793	2329793
Aspergillus_fumigatus_12-7505446	44	41	3	0	scaffold_2	2281986	2381986
Aspergillus_fumigatus_12-7505446	33	31	2	0	scaffold_5	1085368	1185368
Aspergillus_fumigatus_12-7505446	30	27	3	0	scaffold_4	293942	393942
Aspergillus_fumigatus_12-7505446	39	34	5	0	scaffold_3	2559189	2659189
Aspergillus_fumigatus_12-7505446	29	27	2	0	scaffold_3	2882252	2982252
Aspergillus_fumigatus_12-7505446	32	29	3	0	scaffold_2	3569738	3669738
Aspergillus_fumigatus_12-7505446	28	27	1	0	scaffold_1	2923086	3023086
Aspergillus_fumigatus_12-7505446	38	32	6	0	scaffold_4	3216527	3316527
Aspergillus_fumigatus_12-7505446	19	14	5	0	scaffold_4	169245	269245
Aspergillus_fumigatus_12-7505446	45	37	8	0	scaffold_8	165776	265776
Aspergillus_fumigatus_12-7505446	44	38	6	0	scaffold_8	1468679	1568679
Aspergillus_fumigatus_12-7505446	14	13	1	0	scaffold_4	1356816	1456816
Aspergillus_fumigatus_12-7505446	33	25	8	0	scaffold_1	4565856	4665856
Aspergillus_fumigatus_12-7505446	38	36	2	0	scaffold_1	2232164	2332164
Aspergillus_fumigatus_12-7505446	41	36	5	0	scaffold_2	3468808	3568808
Aspergillus_fumigatus_12-7505446	29	24	5	0	scaffold_1	1985548	2085548
Aspergillus_fumigatus_12-7505446	38	33	5	0	scaffold_6	2059323	2159323
Aspergillus_fumigatus_12-7505446	39	35	4	0	scaffold_6	3117567	3217567
Aspergillus_fumigatus_12-7505446	37	34	3	0	scaffold_3	1704557	1804557
Aspergillus_fumigatus_12-7505446	40	31	9	0	scaffold_2	2860885	2960885
Aspergillus_fumigatus_12-7505446	40	35	5	0	scaffold_2	3450700	3550700
Aspergillus_fumigatus_12-7505446	38	36	2	0	scaffold_2	3762918	3862918
Aspergillus_fumigatus_12-7505446	43	41	2	0	scaffold_2	2316727	2416727
Aspergillus_fumigatus_12-7505446	36	33	3	0	scaffold_6	2355544	2455544
Aspergillus_fumigatus_12-7505446	37	35	2	0	scaffold_2	3085042	3185042
Aspergillus_fumigatus_12-7505446	28	26	2	0	scaffold_2	1388437	1488437
Aspergillus_fumigatus_12-7505446	16	16	0	0	scaffold_6	1152407	1252407
Aspergillus_fumigatus_12-7505446	35	33	2	0	scaffold_8	987002	1087002
Aspergillus_fumigatus_12-7505446	35	28	7	0	scaffold_8	1299248	1399248
Aspergillus_fumigatus_12-7505446	39	34	5	0	scaffold_6	345815	445815
Aspergillus_fumigatus_12-7505446	38	35	3	0	scaffold_2	822515	922515
Aspergillus_fumigatus_12-7505446	46	38	8	0	scaffold_6	122830	222830
Aspergillus_fumigatus_12-7505446	43	38	5	0	scaffold_3	1021483	1121483
Aspergillus_fumigatus_12-7505446	42	39	3	0	scaffold_4	2707247	2807247
Aspergillus_fumigatus_12-7505446	50	43	7	0	scaffold_3	4186595	4286595
Aspergillus_fumigatus_12-7505446	38	33	5	0	scaffold_2	4650984	4750984
Aspergillus_fumigatus_12-7505446	37	35	2	0	scaffold_6	2334857	2434857
Aspergillus_fumigatus_12-7505446	21	19	2	0	scaffold_5	2223796	2323796
Aspergillus_fumigatus_12-7505446	29	29	0	0	scaffold_5	2576075	2676075
Aspergillus_fumigatus_12-7505446	45	36	9	0	scaffold_1	17376	117376
Aspergillus_fumigatus_12-7505446	41	35	6	0	scaffold_6	3157297	3257297
Aspergillus_fumigatus_12-7505446	33	2	31	0	scaffold_1	4290374	4390374
Aspergillus_fumigatus_12-7505446	41	39	2	0	scaffold_1	412046	512046
Aspergillus_fumigatus_12-7505446	39	33	6	0	scaffold_6	15245	115245
Aspergillus_fumigatus_12-7505446	37	35	2	0	scaffold_4	1102246	1202246
Aspergillus_fumigatus_12-7505446	39	22	17	0	scaffold_4	2958972	3058972
Aspergillus_fumigatus_12-7505446	34	33	1	0	scaffold_5	2983215	3083215
Aspergillus_fumigatus_12-7505446	42	39	3	0	scaffold_2	1671736	1771736
Aspergillus_fumigatus_12-7505446	44	40	4	0	scaffold_4	1672416	1772416
Aspergillus_fumigatus_12-7505446	46	40	6	0	scaffold_3	858058	958058
Aspergillus_fumigatus_12-7505446	36	29	7	0	scaffold_3	3720325	3820325
Aspergillus_fumigatus_12-7505446	34	33	1	0	scaffold_2	1201139	1301139
Aspergillus_fumigatus_12-7505446	34	32	2	0	scaffold_2	4510339	4610339
Aspergillus_fumigatus_12-7505446	38	37	1	0	scaffold_5	1528175	1628175
Aspergillus_fumigatus_12-7505446	31	30	1	0	scaffold_5	2443069	2543069
Aspergillus_fumigatus_12-7505446	37	36	1	0	scaffold_8	1196751	1296751
Aspergillus_fumigatus_12-7505446	40	39	1	0	scaffold_2	269573	369573
Aspergillus_fumigatus_12-7505446	35	33	2	0	scaffold_7	1543915	1643915
Aspergillus_fumigatus_12-7505446	43	41	2	0	scaffold_5	1630272	1730272
Aspergillus_fumigatus_12-7505446	45	42	3	0	scaffold_2	4328551	4428551
Aspergillus_fumigatus_12-7505446	40	35	5	0	scaffold_5	2036228	2136228
Aspergillus_fumigatus_12-7505446	42	37	5	0	scaffold_4	675081	775081
Aspergillus_fumigatus_12-7505446	28	24	4	0	scaffold_1	1063243	1163243
Aspergillus_fumigatus_12-7505446	36	32	4	0	scaffold_7	425134	525134
Aspergillus_fumigatus_12-7505446	34	29	5	0	scaffold_8	353489	453489
Aspergillus_fumigatus_12-7505446	37	35	2	0	scaffold_3	1551703	1651703
Aspergillus_fumigatus_12-7505446	37	33	4	0	scaffold_3	190864	290864
Aspergillus_fumigatus_12-7505446	37	33	4	0	scaffold_3	3736974	3836974
Aspergillus_fumigatus_12-7505446	36	35	1	0	scaffold_6	2402479	2502479
Aspergillus_fumigatus_12-7505446	34	32	2	0	scaffold_6	636121	736121
Aspergillus_fumigatus_12-7505446	37	36	1	0	scaffold_7	1209704	1309704
Aspergillus_fumigatus_12-7505446	34	29	5	0	scaffold_8	414306	514306
Aspergillus_fumigatus_12-7505446	35	34	1	0	scaffold_6	2404757	2504757
Aspergillus_fumigatus_12-7505446	35	33	2	0	scaffold_5	3040569	3140569
Aspergillus_fumigatus_12-7505446	44	39	5	0	scaffold_7	138429	238429
Aspergillus_fumigatus_12-7505446	38	36	2	0	scaffold_2	2420423	2520423
Aspergillus_fumigatus_12-7505446	36	35	1	0	scaffold_5	2870204	2970204
Aspergillus_fumigatus_12-7505446	31	17	14	0	scaffold_3	577394	677394
Aspergillus_fumigatus_12-7505446	35	34	1	0	scaffold_7	654526	754526
Aspergillus_fumigatus_12-7505446	47	40	7	0	scaffold_6	3261895	3361895
Aspergillus_fumigatus_12-7505446	42	40	2	0	scaffold_2	1825594	1925594
Aspergillus_fumigatus_12-7505446	31	29	2	0	scaffold_7	879440	979440
Aspergillus_fumigatus_12-7505446	35	31	4	0	scaffold_1	1568103	1668103
Aspergillus_fumigatus_12-7505446	36	32	4	0	scaffold_7	358056	458056
Aspergillus_fumigatus_12-7505446	32	29	3	0	scaffold_1	2098614	2198614
Aspergillus_fumigatus_12-7505446	36	36	0	0	scaffold_2	4131396	4231396
Aspergillus_fumigatus_12-7505446	35	31	4	0	scaffold_7	310685	410685
Aspergillus_fumigatus_12-7505446	40	35	5	0	scaffold_4	2074939	2174939
Aspergillus_fumigatus_12-7505446	11	11	0	0	scaffold_5	921512	1021512
Aspergillus_fumigatus_12-7505446	31	29	2	0	scaffold_5	1894540	1994540
Aspergillus_fumigatus_12-7505446	37	36	1	0	scaffold_6	1697786	1797786
Aspergillus_fumigatus_12-7505446	38	37	1	0	scaffold_3	2600583	2700583
Aspergillus_fumigatus_12-7505446	37	35	2	0	scaffold_4	1750049	1850049
Aspergillus_fumigatus_12-7505446	34	34	0	0	scaffold_1	3407011	3507011
Aspergillus_fumigatus_12-7505446	43	37	6	0	scaffold_8	1144231	1244231
Aspergillus_fumigatus_12-7505446	41	31	10	0	scaffold_4	2937608	3037608
Aspergillus_fumigatus_12-7505446	31	29	2	0	scaffold_7	879288	979288
Aspergillus_fumigatus_12-7505446	34	32	2	0	scaffold_7	845631	945631
Aspergillus_fumigatus_12-7505446	35	33	2	0	scaffold_4	1061433	1161433
Aspergillus_fumigatus_12-7505446	31	30	1	0	scaffold_1	3419584	3519584
Aspergillus_fumigatus_12-7505446	40	38	2	0	scaffold_1	2590055	2690055
Aspergillus_fumigatus_12-7505446	37	34	3	0	scaffold_3	1220986	1320986
Aspergillus_fumigatus_12-7505446	39	36	3	0	scaffold_4	968737	1068737
Aspergillus_fumigatus_12-7505446	30	29	1	0	scaffold_4	1907825	2007825
Aspergillus_fumigatus_12-7505446	33	31	2	0	scaffold_4	334038	434038
Aspergillus_fumigatus_12-7505446	37	33	4	0	scaffold_3	3757597	3857597
Aspergillus_fumigatus_12-7505446	38	37	1	0	scaffold_7	1586666	1686666
Aspergillus_fumigatus_12-7505446	39	34	5	0	scaffold_2	4276978	4376978
Aspergillus_fumigatus_12-7505446	45	43	2	0	scaffold_4	2664598	2764598
Aspergillus_fumigatus_12-7505446	41	40	1	0	scaffold_8	896976	996976
Aspergillus_fumigatus_12-7505446	40	35	5	0	scaffold_2	859617	959617
Aspergillus_fumigatus_12-7505446	15	14	1	0	scaffold_1	1795037	1895037
Aspergillus_fumigatus_12-7505446	35	34	1	0	scaffold_5	758339	858339
Aspergillus_fumigatus_12-7505446	36	33	3	0	scaffold_6	1979074	2079074
Aspergillus_fumigatus_12-7505446	39	37	2	0	scaffold_8	824157	924157
Aspergillus_fumigatus_12-7505446	30	28	2	0	scaffold_6	1357377	1457377
Aspergillus_fumigatus_12-7505446	40	38	2	0	scaffold_4	801470	901470
Aspergillus_fumigatus_12-7505446	12	11	1	0	scaffold_4	2270953	2370953
Aspergillus_fumigatus_12-7505446	34	32	1	1	scaffold_4	1822072	1922072
Aspergillus_fumigatus_12-7505446	32	31	1	0	scaffold_2	4396496	4496496
Aspergillus_fumigatus_12-7505446	38	34	4	0	scaffold_7	432661	532661
Aspergillus_fumigatus_12-7505446	33	15	18	0	scaffold_4	3060091	3160091
Aspergillus_fumigatus_12-7505446	36	31	5	0	scaffold_3	265756	365756
Aspergillus_fumigatus_12-7505446	40	39	1	0	scaffold_2	1696276	1796276
Aspergillus_fumigatus_12-7505446	38	34	4	0	scaffold_2	4614910	4714910
Aspergillus_fumigatus_12-7505446	35	27	8	0	scaffold_1	4567788	4667788
Aspergillus_fumigatus_12-7505446	36	35	1	0	scaffold_3	1664349	1764349
Aspergillus_fumigatus_12-7505446	4	4	0	0	scaffold_4	2295967	2395967
Aspergillus_fumigatus_12-7505446	37	33	4	0	scaffold_8	325086	425086
Aspergillus_fumigatus_12-7505446	35	34	1	0	scaffold_4	3396360	3496360
Aspergillus_fumigatus_12-7505446	35	34	1	0	scaffold_7	1558548	1658548
Aspergillus_fumigatus_12-7505446	33	30	3	0	scaffold_2	1046677	1146677
Aspergillus_fumigatus_12-7505446	23	16	7	0	scaffold_5	3356506	3456506
Aspergillus_fumigatus_12-7505446	26	20	6	0	scaffold_4	253507	353507
Aspergillus_fumigatus_12-7505446	41	37	4	0	scaffold_5	404334	504334
Aspergillus_fumigatus_12-7505446	31	31	0	0	scaffold_1	723787	823787
Aspergillus_fumigatus_12-7505446	34	30	4	0	scaffold_1	3580661	3680661
Aspergillus_fumigatus_12-7505446	39	23	16	0	scaffold_4	2957960	3057960
Aspergillus_fumigatus_12-7505446	34	31	3	0	scaffold_1	855269	955269
Aspergillus_fumigatus_12-7505446	31	28	3	0	scaffold_1	2784264	2884264
Aspergillus_fumigatus_12-7505446	35	32	3	0	scaffold_1	823515	923515
Aspergillus_fumigatus_12-7505446	36	31	5	0	scaffold_7	289125	389125
Aspergillus_fumigatus_12-7505446	40	36	4	0	scaffold_2	3434737	3534737
Aspergillus_fumigatus_12-7505446	35	33	2	0	scaffold_4	1450831	1550831
Aspergillus_fumigatus_12-7505446	35	33	2	0	scaffold_2	3026200	3126200
Aspergillus_fumigatus_12-7505446	37	34	3	0	scaffold_4	2842479	2942479
Aspergillus_fumigatus_12-7505446	43	39	4	0	scaffold_8	132233	232233
Aspergillus_fumigatus_12-7505446	4	4	0	0	scaffold_4	2295844	2395844
Aspergillus_fumigatus_12-7505446	40	35	5	0	scaffold_2	1936019	2036019
Aspergillus_fumigatus_12-7505446	41	32	9	0	scaffold_5	305344	405344
Aspergillus_fumigatus_12-7505446	34	33	1	0	scaffold_2	4517458	4617458
Aspergillus_fumigatus_12-7505446	40	36	4	0	scaffold_2	3728149	3828149
Aspergillus_fumigatus_12-7505446	38	35	3	0	scaffold_5	3066213	3166213
Aspergillus_fumigatus_12-7505446	44	37	7	0	scaffold_8	1125596	1225596
Aspergillus_fumigatus_12-7505446	23	21	2	0	scaffold_1	3866616	3966616
Aspergillus_fumigatus_12-7505446	42	40	2	0	scaffold_4	3773566	3873566
Aspergillus_fumigatus_12-7505446	39	39	0	0	scaffold_2	314335	414335
Aspergillus_fumigatus_12-7505446	40	37	3	0	scaffold_4	1460246	1560246
Aspergillus_fumigatus_12-7505446	38	32	6	0	scaffold_3	2303132	2403132
Aspergillus_fumigatus_12-7505446	43	38	5	0	scaffold_2	2220034	2320034
Aspergillus_fumigatus_12-7505446	34	2	32	0	scaffold_1	4294424	4394424
Aspergillus_fumigatus_12-7505446	40	38	2	0	scaffold_8	927895	1027895
Aspergillus_fumigatus_12-7505446	38	35	3	0	scaffold_5	1357875	1457875
Aspergillus_fumigatus_12-7505446	41	38	3	0	scaffold_6	821711	921711
Aspergillus_fumigatus_12-7505446	30	27	3	0	scaffold_4	1571944	1671944
Aspergillus_fumigatus_12-7505446	30	30	0	0	scaffold_3	2783413	2883413
Aspergillus_fumigatus_12-7505446	36	33	3	0	scaffold_3	1345533	1445533
Aspergillus_fumigatus_12-7505446	43	37	6	0	scaffold_6	2197400	2297400
Aspergillus_fumigatus_12-7505446	36	31	5	0	scaffold_5	198582	298582
Aspergillus_fumigatus_12-7505446	35	32	3	0	scaffold_3	1366159	1466159
Aspergillus_fumigatus_12-7505446	38	37	1	0	scaffold_7	1587344	1687344
Aspergillus_fumigatus_12-7505446	35	35	0	0	scaffold_1	602545	702545
Aspergillus_fumigatus_12-7505446	36	34	2	0	scaffold_5	1706641	1806641
Aspergillus_fumigatus_12-7505446	39	37	2	0	scaffold_3	1519168	1619168
Aspergillus_fumigatus_12-7505446	47	45	2	0	scaffold_5	2076309	2176309
Aspergillus_fumigatus_12-7505446	43	37	6	0	scaffold_1	302418	402418
Aspergillus_fumigatus_12-7505446	31	29	2	0	scaffold_6	3077957	3177957
Aspergillus_fumigatus_12-7505446	37	31	6	0	scaffold_7	452261	552261
Aspergillus_fumigatus_12-7505446	48	40	8	0	scaffold_8	1487026	1587026
Aspergillus_fumigatus_12-7505446	44	34	10	0	scaffold_3	928899	1028899
Aspergillus_fumigatus_12-7505446	38	35	3	0	scaffold_3	2706980	2806980
Aspergillus_fumigatus_12-7505446	39	32	7	0	scaffold_5	564454	664454
Aspergillus_fumigatus_12-7505446	34	32	2	0	scaffold_6	1860331	1960331
Aspergillus_fumigatus_12-7505446	39	38	1	0	scaffold_3	3035665	3135665
Aspergillus_fumigatus_12-7505446	43	38	5	0	scaffold_6	3298888	3398888
Aspergillus_fumigatus_12-7505446	36	30	6	0	scaffold_5	3393232	3493232
Aspergillus_fumigatus_12-7505446	4	4	0	0	scaffold_4	2296492	2396492
Aspergillus_fumigatus_12-7505446	33	31	2	0	scaffold_3	1259839	1359839
Aspergillus_fumigatus_12-7505446	36	35	1	0	scaffold_1	2343324	2443324
Aspergillus_fumigatus_12-7505446	36	35	1	0	scaffold_2	1999194	2099194
Aspergillus_fumigatus_12-7505446	37	26	11	0	scaffold_4	3136939	3236939
Aspergillus_fumigatus_12-7505446	37	36	1	0	scaffold_5	1292358	1392358
Aspergillus_fumigatus_12-7505446	32	30	2	0	scaffold_6	703428	803428
Aspergillus_fumigatus_12-7505446	46	38	8	0	scaffold_7	1348492	1448492
Aspergillus_fumigatus_12-7505446	35	32	3	0	scaffold_1	1965292	2065292
Aspergillus_fumigatus_12-7505446	21	18	3	0	scaffold_5	3308202	3408202
Aspergillus_fumigatus_12-7505446	40	36	4	0	scaffold_2	1626491	1726491
Aspergillus_fumigatus_12-7505446	39	34	5	0	scaffold_2	1941210	2041210
Aspergillus_fumigatus_12-7505446	38	36	2	0	scaffold_2	216694	316694
Aspergillus_fumigatus_12-7505446	38	35	3	0	scaffold_3	3196956	3296956
Aspergillus_fumigatus_12-7505446	33	30	3	0	scaffold_1	3620655	3720655
Aspergillus_fumigatus_12-7505446	40	34	6	0	scaffold_7	75057	175057
Aspergillus_fumigatus_12-7505446	49	44	5	0	scaffold_8	1539448	1639448
Aspergillus_fumigatus_12-7505446	32	32	0	0	scaffold_2	3606830	3706830
Aspergillus_fumigatus_12-7505446	38	36	2	0	scaffold_4	940663	1040663
Aspergillus_fumigatus_12-7505446	41	38	3	0	scaffold_2	2270511	2370511
Aspergillus_fumigatus_12-7505446	30	27	3	0	scaffold_6	2853198	2953198
Aspergillus_fumigatus_12-7505446	37	17	20	0	scaffold_5	58265	158265
Aspergillus_fumigatus_12-7505446	34	30	3	1	scaffold_1	4023782	4123782
Aspergillus_fumigatus_12-7505446	35	34	1	0	scaffold_5	2865782	2965782
Aspergillus_fumigatus_12-7505446	38	33	5	0	scaffold_3	1810838	1910838
Aspergillus_fumigatus_12-7505446	42	39	3	0	scaffold_2	2278823	2378823
Aspergillus_fumigatus_12-7505446	36	32	4	0	scaffold_7	446401	546401
Aspergillus_fumigatus_12-7505446	34	29	5	0	scaffold_3	2487314	2587314
Aspergillus_fumigatus_12-7505446	41	35	6	0	scaffold_8	78013	178013
Aspergillus_fumigatus_12-7505446	41	38	3	0	scaffold_4	1154284	1254284
Aspergillus_fumigatus_12-7505446	31	28	2	1	scaffold_3	3341420	3441420
Aspergillus_fumigatus_12-7505446	42	40	2	0	scaffold_4	3818814	3918814
Aspergillus_fumigatus_12-7505446	45	43	2	0	scaffold_4	3755227	3855227
Aspergillus_fumigatus_12-7505446	39	36	3	0	scaffold_6	2307445	2407445
Aspergillus_fumigatus_12-7505446	36	35	1	0	scaffold_6	2422724	2522724
Aspergillus_fumigatus_12-7505446	40	39	1	0	scaffold_8	1386376	1486376
Aspergillus_fumigatus_12-7505446	36	32	4	0	scaffold_1	2842439	2942439
Aspergillus_fumigatus_12-7505446	40	36	4	0	scaffold_2	1520321	1620321
Aspergillus_fumigatus_12-7505446	37	35	2	0	scaffold_2	2015141	2115141
Aspergillus_fumigatus_12-7505446	35	33	2	0	scaffold_6	3096589	3196589
Aspergillus_fumigatus_12-7505446	39	35	4	0	scaffold_4	2740606	2840606
Aspergillus_fumigatus_12-7505446	33	31	2	0	scaffold_6	657913	757913
Aspergillus_fumigatus_12-7505446	51	45	6	0	scaffold_2	64675	164675
Aspergillus_fumigatus_12-7505446	43	40	3	0	scaffold_1	4729999	4829999
Aspergillus_fumigatus_12-7505446	26	25	1	0	scaffold_8	773834	873834
Aspergillus_fumigatus_12-7505446	32	30	2	0	scaffold_1	3747044	3847044
Aspergillus_fumigatus_12-7505446	37	31	6	0	scaffold_2	1459183	1559183
Aspergillus_fumigatus_12-7505446	36	36	0	0	scaffold_4	3340884	3440884
Aspergillus_fumigatus_12-7505446	26	24	2	0	scaffold_4	1300535	1400535
Aspergillus_fumigatus_12-7505446	34	29	5	0	scaffold_3	270922	370922
Aspergillus_fumigatus_12-7505446	32	29	3	0	scaffold_6	2595883	2695883
Aspergillus_fumigatus_12-7505446	34	32	2	0	scaffold_1	915052	1015052
Aspergillus_fumigatus_12-7505446	34	22	12	0	scaffold_1	1909902	2009902
Aspergillus_fumigatus_12-7505446	45	38	7	0	scaffold_6	3249914	3349914
Aspergillus_fumigatus_12-7505446	48	39	9	0	scaffold_8	215373	315373
Aspergillus_fumigatus_12-7505446	38	36	2	0	scaffold_6	2378634	2478634
Aspergillus_fumigatus_12-7505446	38	33	5	0	scaffold_1	4593790	4693790
Aspergillus_fumigatus_12-7505446	42	38	4	0	scaffold_7	156214	256214
Aspergillus_fumigatus_12-7505446	30	30	0	0	scaffold_5	2518496	2618496
Aspergillus_fumigatus_12-7505446	43	40	3	0	scaffold_6	439270	539270
Aspergillus_fumigatus_12-7505446	39	28	11	0	scaffold_5	259844	359844
Aspergillus_fumigatus_12-7505446	35	34	1	0	scaffold_6	2400714	2500714
Aspergillus_fumigatus_12-7505446	4	4	0	0	scaffold_5	945183	1045183
Aspergillus_fumigatus_12-7505446	0	0	0	0	scaffold_4	2311661	2411661
Aspergillus_fumigatus_12-7505446	41	39	2	0	scaffold_1	3333658	3433658
Aspergillus_fumigatus_12-7505446	36	33	3	0	scaffold_4	3546429	3646429
Aspergillus_fumigatus_12-7505446	29	27	2	0	scaffold_6	1791549	1891549
Aspergillus_fumigatus_12-7505446	39	36	3	0	scaffold_8	508667	608667
Aspergillus_fumigatus_12-7505446	45	40	5	0	scaffold_6	3302749	3402749
Aspergillus_fumigatus_12-7505446	42	36	6	0	scaffold_1	4614909	4714909
Aspergillus_fumigatus_12-7505446	19	13	6	0	scaffold_5	3326342	3426342
Aspergillus_fumigatus_12-7505446	38	34	4	0	scaffold_4	1212622	1312622
Aspergillus_fumigatus_12-7505446	17	15	2	0	scaffold_8	720813	820813
Aspergillus_fumigatus_12-7505446	48	37	11	0	scaffold_1	31676	131676
Aspergillus_fumigatus_12-7505446	49	38	11	0	scaffold_1	80189	180189
Aspergillus_fumigatus_12-7505446	47	41	6	0	scaffold_1	4681441	4781441
Aspergillus_fumigatus_12-7505446	32	27	5	0	scaffold_3	1966969	2066969
Aspergillus_fumigatus_12-7505446	41	27	14	0	scaffold_4	2946522	3046522
Aspergillus_fumigatus_12-7505446	34	29	5	0	scaffold_2	3533717	3633717
Aspergillus_fumigatus_12-7505446	34	31	3	0	scaffold_1	876047	976047
Aspergillus_fumigatus_12-7505446	35	33	1	1	scaffold_3	3385005	3485005
Aspergillus_fumigatus_12-7505446	40	37	3	0	scaffold_2	2472240	2572240
Aspergillus_fumigatus_12-7505446	36	31	5	0	scaffold_8	55244	155244
Aspergillus_fumigatus_12-7505446	31	26	5	0	scaffold_1	1031941	1131941
Aspergillus_fumigatus_12-7505446	36	32	4	0	scaffold_4	3267409	3367409
Aspergillus_fumigatus_12-7505446	41	29	12	0	scaffold_5	248290	348290
Aspergillus_fumigatus_12-7505446	36	33	3	0	scaffold_2	1167958	1267958
Aspergillus_fumigatus_12-7505446	34	28	6	0	scaffold_3	692071	792071
Aspergillus_fumigatus_12-7505446	38	35	3	0	scaffold_6	1960915	2060915
Aspergillus_fumigatus_12-7505446	37	34	3	0	scaffold_8	1353833	1453833
Aspergillus_fumigatus_12-7505446	35	33	2	0	scaffold_2	3378573	3478573
Aspergillus_fumigatus_12-7505446	36	0	36	0	scaffold_1	4320477	4420477
Aspergillus_fumigatus_12-7505446	35	33	2	0	scaffold_5	2968976	3068976
Aspergillus_fumigatus_12-7505446	37	34	3	0	scaffold_1	3956680	4056680
Aspergillus_fumigatus_12-7505446	36	29	7	0	scaffold_8	391400	491400
Aspergillus_fumigatus_12-7505446	38	33	5	0	scaffold_3	3968581	4068581
Aspergillus_fumigatus_12-7505446	44	37	7	0	scaffold_6	3215290	3315290
Aspergillus_fumigatus_12-7505446	34	33	1	0	scaffold_1	1234245	1334245
Aspergillus_fumigatus_12-7505446	28	26	2	0	scaffold_1	3765006	3865006
Aspergillus_fumigatus_12-7505446	31	25	6	0	scaffold_3	3694194	3794194
Aspergillus_fumigatus_12-7505446	35	33	2	0	scaffold_4	1719629	1819629
