STRAIN	TOTAL	CORE	ACCESSORY	SINGLETON	CHROM	START	END
Aspergillus_fumigatus_DMC2_AF100-2B	16	15	1	0	scaffold_6	267032	317032
Aspergillus_fumigatus_DMC2_AF100-2B	19	18	1	0	scaffold_4	2479683	2529683
Aspergillus_fumigatus_DMC2_AF100-2B	24	19	5	0	scaffold_4	304563	354563
Aspergillus_fumigatus_DMC2_AF100-2B	17	16	1	0	scaffold_3	2603472	2653472
Aspergillus_fumigatus_DMC2_AF100-2B	21	21	0	0	scaffold_6	3430281	3480281
Aspergillus_fumigatus_DMC2_AF100-2B	16	14	2	0	scaffold_3	3596848	3646848
Aspergillus_fumigatus_DMC2_AF100-2B	18	17	1	0	scaffold_3	1339469	1389469
Aspergillus_fumigatus_DMC2_AF100-2B	17	17	0	0	scaffold_2	703357	753357
Aspergillus_fumigatus_DMC2_AF100-2B	18	16	2	0	scaffold_1	3314217	3364217
Aspergillus_fumigatus_DMC2_AF100-2B	19	19	0	0	scaffold_1	1070972	1120972
Aspergillus_fumigatus_DMC2_AF100-2B	13	13	0	0	scaffold_5	2783378	2833378
Aspergillus_fumigatus_DMC2_AF100-2B	24	22	2	0	scaffold_1	2837235	2887235
Aspergillus_fumigatus_DMC2_AF100-2B	17	0	17	0	scaffold_2	3857799	3907799
Aspergillus_fumigatus_DMC2_AF100-2B	19	18	1	0	scaffold_5	1904666	1954666
Aspergillus_fumigatus_DMC2_AF100-2B	16	13	3	0	scaffold_6	2980544	3030544
Aspergillus_fumigatus_DMC2_AF100-2B	15	14	1	0	scaffold_2	2827777	2877777
Aspergillus_fumigatus_DMC2_AF100-2B	17	17	0	0	scaffold_5	3015168	3065168
Aspergillus_fumigatus_DMC2_AF100-2B	7	4	3	0	scaffold_4	61542	111542
Aspergillus_fumigatus_DMC2_AF100-2B	23	19	4	0	scaffold_4	3331081	3381081
Aspergillus_fumigatus_DMC2_AF100-2B	16	15	1	0	scaffold_5	899042	949042
Aspergillus_fumigatus_DMC2_AF100-2B	19	17	2	0	scaffold_1	983590	1033590
Aspergillus_fumigatus_DMC2_AF100-2B	0	0	0	0	scaffold_4	3909301	3959301
Aspergillus_fumigatus_DMC2_AF100-2B	13	12	1	0	scaffold_6	2898418	2948418
Aspergillus_fumigatus_DMC2_AF100-2B	21	19	2	0	scaffold_2	1966613	2016613
Aspergillus_fumigatus_DMC2_AF100-2B	12	7	5	0	scaffold_4	3555571	3605571
Aspergillus_fumigatus_DMC2_AF100-2B	18	16	2	0	scaffold_3	2354258	2404258
Aspergillus_fumigatus_DMC2_AF100-2B	17	17	0	0	scaffold_6	932790	982790
Aspergillus_fumigatus_DMC2_AF100-2B	20	19	1	0	scaffold_4	2858899	2908899
Aspergillus_fumigatus_DMC2_AF100-2B	16	15	1	0	scaffold_6	1660428	1710428
Aspergillus_fumigatus_DMC2_AF100-2B	21	20	1	0	scaffold_7	150541	200541
Aspergillus_fumigatus_DMC2_AF100-2B	23	20	3	0	scaffold_3	999776	1049776
Aspergillus_fumigatus_DMC2_AF100-2B	19	17	2	0	scaffold_2	905295	955295
Aspergillus_fumigatus_DMC2_AF100-2B	12	11	1	0	scaffold_8	754817	804817
Aspergillus_fumigatus_DMC2_AF100-2B	19	17	2	0	scaffold_1	1537323	1587323
Aspergillus_fumigatus_DMC2_AF100-2B	21	20	1	0	scaffold_7	387490	437490
Aspergillus_fumigatus_DMC2_AF100-2B	18	18	0	0	scaffold_2	682877	732877
Aspergillus_fumigatus_DMC2_AF100-2B	24	20	4	0	scaffold_7	1947554	1997554
Aspergillus_fumigatus_DMC2_AF100-2B	19	18	1	0	scaffold_4	1009717	1059717
Aspergillus_fumigatus_DMC2_AF100-2B	14	13	1	0	scaffold_1	1221216	1271216
Aspergillus_fumigatus_DMC2_AF100-2B	13	12	1	0	scaffold_3	1612666	1662666
Aspergillus_fumigatus_DMC2_AF100-2B	21	18	3	0	scaffold_2	375802	425802
Aspergillus_fumigatus_DMC2_AF100-2B	20	19	1	0	scaffold_3	321750	371750
Aspergillus_fumigatus_DMC2_AF100-2B	19	18	1	0	scaffold_5	1667544	1717544
Aspergillus_fumigatus_DMC2_AF100-2B	22	20	2	0	scaffold_2	1968777	2018777
Aspergillus_fumigatus_DMC2_AF100-2B	25	22	3	0	scaffold_8	1607430	1657430
Aspergillus_fumigatus_DMC2_AF100-2B	21	21	0	0	scaffold_4	2049786	2099786
Aspergillus_fumigatus_DMC2_AF100-2B	24	20	4	0	scaffold_4	138925	188925
Aspergillus_fumigatus_DMC2_AF100-2B	20	18	2	0	scaffold_3	370021	420021
Aspergillus_fumigatus_DMC2_AF100-2B	18	14	4	0	scaffold_2	3602496	3652496
Aspergillus_fumigatus_DMC2_AF100-2B	19	16	3	0	scaffold_4	1843145	1893145
Aspergillus_fumigatus_DMC2_AF100-2B	20	20	0	0	scaffold_1	2609959	2659959
Aspergillus_fumigatus_DMC2_AF100-2B	20	15	5	0	scaffold_1	676306	726306
Aspergillus_fumigatus_DMC2_AF100-2B	15	0	15	0	scaffold_2	3802575	3852575
Aspergillus_fumigatus_DMC2_AF100-2B	19	17	2	0	scaffold_8	852593	902593
Aspergillus_fumigatus_DMC2_AF100-2B	22	21	1	0	scaffold_5	1867470	1917470
Aspergillus_fumigatus_DMC2_AF100-2B	12	11	1	0	scaffold_5	1400268	1450268
Aspergillus_fumigatus_DMC2_AF100-2B	15	13	2	0	scaffold_5	2330196	2380196
Aspergillus_fumigatus_DMC2_AF100-2B	17	16	1	0	scaffold_4	3071039	3121039
Aspergillus_fumigatus_DMC2_AF100-2B	16	15	1	0	scaffold_5	3142916	3192916
Aspergillus_fumigatus_DMC2_AF100-2B	27	20	7	0	scaffold_3	842750	892750
Aspergillus_fumigatus_DMC2_AF100-2B	19	18	1	0	scaffold_6	1095307	1145307
Aspergillus_fumigatus_DMC2_AF100-2B	19	17	2	0	scaffold_6	3331660	3381660
Aspergillus_fumigatus_DMC2_AF100-2B	20	17	3	0	scaffold_3	424885	474885
Aspergillus_fumigatus_DMC2_AF100-2B	11	10	1	0	scaffold_6	2099275	2149275
Aspergillus_fumigatus_DMC2_AF100-2B	24	22	2	0	scaffold_6	626379	676379
Aspergillus_fumigatus_DMC2_AF100-2B	22	20	2	0	scaffold_3	2034684	2084684
Aspergillus_fumigatus_DMC2_AF100-2B	13	11	2	0	scaffold_2	2014534	2064534
Aspergillus_fumigatus_DMC2_AF100-2B	7	6	1	0	scaffold_1	2056133	2106133
Aspergillus_fumigatus_DMC2_AF100-2B	10	9	1	0	scaffold_6	2112844	2162844
Aspergillus_fumigatus_DMC2_AF100-2B	18	18	0	0	scaffold_2	1032290	1082290
Aspergillus_fumigatus_DMC2_AF100-2B	26	23	3	0	scaffold_8	1565761	1615761
Aspergillus_fumigatus_DMC2_AF100-2B	5	3	2	0	scaffold_7	961386	1011386
Aspergillus_fumigatus_DMC2_AF100-2B	19	17	2	0	scaffold_8	209484	259484
Aspergillus_fumigatus_DMC2_AF100-2B	17	16	1	0	scaffold_5	1725370	1775370
Aspergillus_fumigatus_DMC2_AF100-2B	17	16	1	0	scaffold_4	1578012	1628012
Aspergillus_fumigatus_DMC2_AF100-2B	20	17	3	0	scaffold_3	653081	703081
Aspergillus_fumigatus_DMC2_AF100-2B	17	14	3	0	scaffold_2	2951779	3001779
Aspergillus_fumigatus_DMC2_AF100-2B	17	15	2	0	scaffold_2	2843289	2893289
Aspergillus_fumigatus_DMC2_AF100-2B	18	16	2	0	scaffold_1	3836232	3886232
Aspergillus_fumigatus_DMC2_AF100-2B	18	16	2	0	scaffold_5	3173582	3223582
Aspergillus_fumigatus_DMC2_AF100-2B	18	18	0	0	scaffold_6	3065313	3115313
Aspergillus_fumigatus_DMC2_AF100-2B	20	20	0	0	scaffold_5	2940228	2990228
Aspergillus_fumigatus_DMC2_AF100-2B	21	20	1	0	scaffold_2	1963080	2013080
Aspergillus_fumigatus_DMC2_AF100-2B	20	17	3	0	scaffold_4	3136544	3186544
Aspergillus_fumigatus_DMC2_AF100-2B	20	17	3	0	scaffold_2	4061062	4111062
Aspergillus_fumigatus_DMC2_AF100-2B	19	19	0	0	scaffold_8	496762	546762
Aspergillus_fumigatus_DMC2_AF100-2B	18	15	3	0	scaffold_2	2937239	2987239
Aspergillus_fumigatus_DMC2_AF100-2B	18	16	2	0	scaffold_5	3175286	3225286
Aspergillus_fumigatus_DMC2_AF100-2B	16	16	0	0	scaffold_6	2919277	2969277
Aspergillus_fumigatus_DMC2_AF100-2B	23	21	2	0	scaffold_7	10248	60248
Aspergillus_fumigatus_DMC2_AF100-2B	22	20	2	0	scaffold_6	977448	1027448
Aspergillus_fumigatus_DMC2_AF100-2B	22	18	4	0	scaffold_7	1935246	1985246
Aspergillus_fumigatus_DMC2_AF100-2B	15	15	0	0	scaffold_5	2796757	2846757
Aspergillus_fumigatus_DMC2_AF100-2B	16	14	2	0	scaffold_5	1260525	1310525
Aspergillus_fumigatus_DMC2_AF100-2B	20	17	3	0	scaffold_2	370182	420182
Aspergillus_fumigatus_DMC2_AF100-2B	18	18	0	0	scaffold_5	945229	995229
Aspergillus_fumigatus_DMC2_AF100-2B	15	13	2	0	scaffold_7	2153794	2203794
Aspergillus_fumigatus_DMC2_AF100-2B	13	0	13	0	scaffold_2	3789071	3839071
Aspergillus_fumigatus_DMC2_AF100-2B	20	18	2	0	scaffold_6	1315211	1365211
Aspergillus_fumigatus_DMC2_AF100-2B	21	19	2	0	scaffold_3	3040858	3090858
Aspergillus_fumigatus_DMC2_AF100-2B	23	22	1	0	scaffold_1	2179058	2229058
Aspergillus_fumigatus_DMC2_AF100-2B	18	15	3	0	scaffold_8	1309081	1359081
Aspergillus_fumigatus_DMC2_AF100-2B	17	15	2	0	scaffold_1	2811012	2861012
Aspergillus_fumigatus_DMC2_AF100-2B	15	15	0	0	scaffold_2	2588823	2638823
Aspergillus_fumigatus_DMC2_AF100-2B	19	16	3	0	scaffold_4	167982	217982
Aspergillus_fumigatus_DMC2_AF100-2B	13	11	2	0	scaffold_6	88376	138376
Aspergillus_fumigatus_DMC2_AF100-2B	18	17	1	0	scaffold_4	2497952	2547952
Aspergillus_fumigatus_DMC2_AF100-2B	18	18	0	0	scaffold_3	2742664	2792664
Aspergillus_fumigatus_DMC2_AF100-2B	26	20	6	0	scaffold_8	248663	298663
Aspergillus_fumigatus_DMC2_AF100-2B	20	19	1	0	scaffold_1	2875715	2925715
Aspergillus_fumigatus_DMC2_AF100-2B	20	20	0	0	scaffold_4	627783	677783
Aspergillus_fumigatus_DMC2_AF100-2B	20	17	3	0	scaffold_7	42760	92760
Aspergillus_fumigatus_DMC2_AF100-2B	23	21	2	0	scaffold_7	2136197	2186197
Aspergillus_fumigatus_DMC2_AF100-2B	20	18	2	0	scaffold_1	2885097	2935097
Aspergillus_fumigatus_DMC2_AF100-2B	18	16	2	0	scaffold_3	2302822	2352822
Aspergillus_fumigatus_DMC2_AF100-2B	22	20	2	0	scaffold_5	27825	77825
Aspergillus_fumigatus_DMC2_AF100-2B	23	18	5	0	scaffold_4	3633866	3683866
Aspergillus_fumigatus_DMC2_AF100-2B	15	14	1	0	scaffold_1	1102638	1152638
Aspergillus_fumigatus_DMC2_AF100-2B	22	22	0	0	scaffold_5	2906278	2956278
Aspergillus_fumigatus_DMC2_AF100-2B	6	6	0	0	scaffold_3	944748	994748
Aspergillus_fumigatus_DMC2_AF100-2B	7	6	1	0	scaffold_1	2053699	2103699
Aspergillus_fumigatus_DMC2_AF100-2B	20	19	1	0	scaffold_4	1010218	1060218
Aspergillus_fumigatus_DMC2_AF100-2B	21	19	2	0	scaffold_2	1979572	2029572
Aspergillus_fumigatus_DMC2_AF100-2B	17	16	1	0	scaffold_3	4151613	4201613
Aspergillus_fumigatus_DMC2_AF100-2B	6	6	0	0	scaffold_6	2179263	2229263
Aspergillus_fumigatus_DMC2_AF100-2B	18	15	3	0	scaffold_2	1468024	1518024
Aspergillus_fumigatus_DMC2_AF100-2B	18	15	3	0	scaffold_4	1729537	1779537
Aspergillus_fumigatus_DMC2_AF100-2B	19	18	1	0	scaffold_6	575976	625976
Aspergillus_fumigatus_DMC2_AF100-2B	19	19	0	0	scaffold_2	621630	671630
Aspergillus_fumigatus_DMC2_AF100-2B	19	14	5	0	scaffold_2	1735063	1785063
Aspergillus_fumigatus_DMC2_AF100-2B	23	20	3	0	scaffold_4	146132	196132
Aspergillus_fumigatus_DMC2_AF100-2B	20	19	1	0	scaffold_6	3043866	3093866
Aspergillus_fumigatus_DMC2_AF100-2B	9	9	0	0	scaffold_2	1812483	1862483
Aspergillus_fumigatus_DMC2_AF100-2B	17	17	0	0	scaffold_1	3511565	3561565
Aspergillus_fumigatus_DMC2_AF100-2B	14	13	1	0	scaffold_4	2003661	2053661
Aspergillus_fumigatus_DMC2_AF100-2B	17	15	2	0	scaffold_3	3593271	3643271
Aspergillus_fumigatus_DMC2_AF100-2B	21	19	2	0	scaffold_2	2618286	2668286
Aspergillus_fumigatus_DMC2_AF100-2B	16	16	0	0	scaffold_1	817788	867788
Aspergillus_fumigatus_DMC2_AF100-2B	25	22	3	0	scaffold_3	1019384	1069384
Aspergillus_fumigatus_DMC2_AF100-2B	20	17	3	0	scaffold_2	284964	334964
Aspergillus_fumigatus_DMC2_AF100-2B	19	19	0	0	scaffold_4	702244	752244
Aspergillus_fumigatus_DMC2_AF100-2B	17	17	0	0	scaffold_1	316307	366307
Aspergillus_fumigatus_DMC2_AF100-2B	18	15	3	0	scaffold_1	4410525	4460525
Aspergillus_fumigatus_DMC2_AF100-2B	15	14	1	0	scaffold_6	276481	326481
Aspergillus_fumigatus_DMC2_AF100-2B	18	15	3	0	scaffold_1	1324196	1374196
Aspergillus_fumigatus_DMC2_AF100-2B	24	19	5	0	scaffold_5	510980	560980
Aspergillus_fumigatus_DMC2_AF100-2B	16	16	0	0	scaffold_1	3484974	3534974
Aspergillus_fumigatus_DMC2_AF100-2B	19	18	1	0	scaffold_6	912454	962454
Aspergillus_fumigatus_DMC2_AF100-2B	11	11	0	0	scaffold_5	1407757	1457757
Aspergillus_fumigatus_DMC2_AF100-2B	5	3	2	0	scaffold_4	1211126	1261126
Aspergillus_fumigatus_DMC2_AF100-2B	6	1	5	0	scaffold_8	1848804	1898804
Aspergillus_fumigatus_DMC2_AF100-2B	19	8	11	0	scaffold_2	3721843	3771843
Aspergillus_fumigatus_DMC2_AF100-2B	17	13	4	0	scaffold_3	2208242	2258242
Aspergillus_fumigatus_DMC2_AF100-2B	14	14	0	0	scaffold_5	2781713	2831713
Aspergillus_fumigatus_DMC2_AF100-2B	19	19	0	0	scaffold_4	1872373	1922373
Aspergillus_fumigatus_DMC2_AF100-2B	18	18	0	0	scaffold_1	1650196	1700196
Aspergillus_fumigatus_DMC2_AF100-2B	22	20	2	0	scaffold_4	128255	178255
Aspergillus_fumigatus_DMC2_AF100-2B	18	17	1	0	scaffold_3	1711744	1761744
Aspergillus_fumigatus_DMC2_AF100-2B	23	23	0	0	scaffold_4	1053590	1103590
Aspergillus_fumigatus_DMC2_AF100-2B	18	18	0	0	scaffold_4	2155581	2205581
Aspergillus_fumigatus_DMC2_AF100-2B	13	11	2	0	scaffold_4	1187653	1237653
Aspergillus_fumigatus_DMC2_AF100-2B	13	13	0	0	scaffold_5	2725087	2775087
Aspergillus_fumigatus_DMC2_AF100-2B	16	15	0	1	scaffold_3	3646188	3696188
Aspergillus_fumigatus_DMC2_AF100-2B	14	14	0	0	scaffold_6	2148753	2198753
Aspergillus_fumigatus_DMC2_AF100-2B	20	19	1	0	scaffold_1	2874660	2924660
Aspergillus_fumigatus_DMC2_AF100-2B	20	18	2	0	scaffold_4	922703	972703
Aspergillus_fumigatus_DMC2_AF100-2B	20	18	2	0	scaffold_1	3690069	3740069
Aspergillus_fumigatus_DMC2_AF100-2B	20	19	1	0	scaffold_6	3042955	3092955
Aspergillus_fumigatus_DMC2_AF100-2B	17	16	1	0	scaffold_8	1046197	1096197
Aspergillus_fumigatus_DMC2_AF100-2B	23	20	3	0	scaffold_5	3392754	3442754
Aspergillus_fumigatus_DMC2_AF100-2B	19	19	0	0	scaffold_2	2207252	2257252
Aspergillus_fumigatus_DMC2_AF100-2B	21	20	1	0	scaffold_1	599570	649570
Aspergillus_fumigatus_DMC2_AF100-2B	18	17	1	0	scaffold_7	655941	705941
Aspergillus_fumigatus_DMC2_AF100-2B	15	15	0	0	scaffold_1	1474524	1524524
Aspergillus_fumigatus_DMC2_AF100-2B	20	20	0	0	scaffold_7	1386225	1436225
Aspergillus_fumigatus_DMC2_AF100-2B	10	7	3	0	scaffold_2	2097417	2147417
Aspergillus_fumigatus_DMC2_AF100-2B	18	17	1	0	scaffold_4	1898910	1948910
Aspergillus_fumigatus_DMC2_AF100-2B	15	15	0	0	scaffold_4	663733	713733
Aspergillus_fumigatus_DMC2_AF100-2B	22	19	3	0	scaffold_2	3295942	3345942
Aspergillus_fumigatus_DMC2_AF100-2B	17	16	1	0	scaffold_5	617096	667096
Aspergillus_fumigatus_DMC2_AF100-2B	16	12	4	0	scaffold_4	3591927	3641927
Aspergillus_fumigatus_DMC2_AF100-2B	16	14	2	0	scaffold_1	2809084	2859084
Aspergillus_fumigatus_DMC2_AF100-2B	22	22	0	0	scaffold_1	1699994	1749994
Aspergillus_fumigatus_DMC2_AF100-2B	19	18	1	0	scaffold_3	1994403	2044403
Aspergillus_fumigatus_DMC2_AF100-2B	22	20	2	0	scaffold_2	2619388	2669388
Aspergillus_fumigatus_DMC2_AF100-2B	18	16	2	0	scaffold_5	138961	188961
Aspergillus_fumigatus_DMC2_AF100-2B	18	16	2	0	scaffold_3	2294285	2344285
Aspergillus_fumigatus_DMC2_AF100-2B	21	19	2	0	scaffold_6	3445592	3495592
Aspergillus_fumigatus_DMC2_AF100-2B	23	21	2	0	scaffold_5	2504599	2554599
Aspergillus_fumigatus_DMC2_AF100-2B	14	12	2	0	scaffold_5	2405480	2455480
Aspergillus_fumigatus_DMC2_AF100-2B	17	14	3	0	scaffold_3	2220774	2270774
Aspergillus_fumigatus_DMC2_AF100-2B	19	16	3	0	scaffold_1	3595704	3645704
Aspergillus_fumigatus_DMC2_AF100-2B	17	14	2	1	scaffold_2	973195	1023195
Aspergillus_fumigatus_DMC2_AF100-2B	18	16	2	0	scaffold_2	4090017	4140017
Aspergillus_fumigatus_DMC2_AF100-2B	22	20	2	0	scaffold_6	976021	1026021
Aspergillus_fumigatus_DMC2_AF100-2B	12	11	1	0	scaffold_3	1596261	1646261
Aspergillus_fumigatus_DMC2_AF100-2B	16	15	1	0	scaffold_1	1360827	1410827
Aspergillus_fumigatus_DMC2_AF100-2B	20	17	3	0	scaffold_3	3058898	3108898
Aspergillus_fumigatus_DMC2_AF100-2B	19	18	1	0	scaffold_2	1681630	1731630
Aspergillus_fumigatus_DMC2_AF100-2B	19	16	3	0	scaffold_8	442053	492053
Aspergillus_fumigatus_DMC2_AF100-2B	17	16	1	0	scaffold_1	1299981	1349981
Aspergillus_fumigatus_DMC2_AF100-2B	23	23	0	0	scaffold_3	775533	825533
Aspergillus_fumigatus_DMC2_AF100-2B	22	21	1	0	scaffold_8	1418412	1468412
Aspergillus_fumigatus_DMC2_AF100-2B	21	19	2	0	scaffold_8	547077	597077
Aspergillus_fumigatus_DMC2_AF100-2B	19	18	1	0	scaffold_3	1687771	1737771
Aspergillus_fumigatus_DMC2_AF100-2B	20	15	5	0	scaffold_2	3691678	3741678
Aspergillus_fumigatus_DMC2_AF100-2B	23	21	2	0	scaffold_4	3211580	3261580
Aspergillus_fumigatus_DMC2_AF100-2B	17	15	2	0	scaffold_6	1574928	1624928
Aspergillus_fumigatus_DMC2_AF100-2B	14	11	3	0	scaffold_5	2341067	2391067
Aspergillus_fumigatus_DMC2_AF100-2B	15	14	1	0	scaffold_6	2280119	2330119
Aspergillus_fumigatus_DMC2_AF100-2B	19	17	2	0	scaffold_5	580659	630659
Aspergillus_fumigatus_DMC2_AF100-2B	22	22	0	0	scaffold_5	1845631	1895631
Aspergillus_fumigatus_DMC2_AF100-2B	12	12	0	0	scaffold_4	800946	850946
Aspergillus_fumigatus_DMC2_AF100-2B	18	18	0	0	scaffold_2	1046671	1096671
Aspergillus_fumigatus_DMC2_AF100-2B	23	20	3	0	scaffold_2	4203319	4253319
Aspergillus_fumigatus_DMC2_AF100-2B	11	11	0	0	scaffold_6	2120980	2170980
Aspergillus_fumigatus_DMC2_AF100-2B	22	15	7	0	scaffold_5	300764	350764
Aspergillus_fumigatus_DMC2_AF100-2B	25	22	3	0	scaffold_6	397157	447157
Aspergillus_fumigatus_DMC2_AF100-2B	22	22	0	0	scaffold_4	1055625	1105625
Aspergillus_fumigatus_DMC2_AF100-2B	13	12	1	0	scaffold_5	1426450	1476450
Aspergillus_fumigatus_DMC2_AF100-2B	17	17	0	0	scaffold_6	3562785	3612785
Aspergillus_fumigatus_DMC2_AF100-2B	14	14	0	0	scaffold_5	921057	971057
Aspergillus_fumigatus_DMC2_AF100-2B	18	17	1	0	scaffold_4	565758	615758
Aspergillus_fumigatus_DMC2_AF100-2B	18	17	1	0	scaffold_1	2554651	2604651
Aspergillus_fumigatus_DMC2_AF100-2B	22	22	0	0	scaffold_1	1659325	1709325
Aspergillus_fumigatus_DMC2_AF100-2B	21	18	3	0	scaffold_4	1342882	1392882
Aspergillus_fumigatus_DMC2_AF100-2B	14	13	1	0	scaffold_3	1636723	1686723
Aspergillus_fumigatus_DMC2_AF100-2B	22	17	5	0	scaffold_4	1688995	1738995
Aspergillus_fumigatus_DMC2_AF100-2B	12	4	8	0	scaffold_6	5895	55895
Aspergillus_fumigatus_DMC2_AF100-2B	12	10	2	0	scaffold_3	3919924	3969924
Aspergillus_fumigatus_DMC2_AF100-2B	14	13	1	0	scaffold_3	1538023	1588023
Aspergillus_fumigatus_DMC2_AF100-2B	21	17	4	0	scaffold_7	507121	557121
Aspergillus_fumigatus_DMC2_AF100-2B	15	15	0	0	scaffold_2	2787799	2837799
Aspergillus_fumigatus_DMC2_AF100-2B	28	24	4	0	scaffold_3	4236988	4286988
Aspergillus_fumigatus_DMC2_AF100-2B	18	16	2	0	scaffold_6	884056	934056
Aspergillus_fumigatus_DMC2_AF100-2B	17	17	0	0	scaffold_2	590236	640236
Aspergillus_fumigatus_DMC2_AF100-2B	19	18	1	0	scaffold_4	1003744	1053744
Aspergillus_fumigatus_DMC2_AF100-2B	23	21	2	0	scaffold_1	3346667	3396667
Aspergillus_fumigatus_DMC2_AF100-2B	18	16	2	0	scaffold_6	2434526	2484526
Aspergillus_fumigatus_DMC2_AF100-2B	13	10	3	0	scaffold_2	3087218	3137218
Aspergillus_fumigatus_DMC2_AF100-2B	18	18	0	0	scaffold_8	952947	1002947
Aspergillus_fumigatus_DMC2_AF100-2B	19	16	3	0	scaffold_1	526047	576047
Aspergillus_fumigatus_DMC2_AF100-2B	22	20	2	0	scaffold_7	385826	435826
Aspergillus_fumigatus_DMC2_AF100-2B	18	14	4	0	scaffold_3	3967476	4017476
Aspergillus_fumigatus_DMC2_AF100-2B	23	20	3	0	scaffold_1	2426452	2476452
Aspergillus_fumigatus_DMC2_AF100-2B	16	15	1	0	scaffold_6	3288107	3338107
Aspergillus_fumigatus_DMC2_AF100-2B	22	20	2	0	scaffold_4	3293729	3343729
Aspergillus_fumigatus_DMC2_AF100-2B	20	19	1	0	scaffold_3	1733883	1783883
Aspergillus_fumigatus_DMC2_AF100-2B	14	13	1	0	scaffold_1	1377703	1427703
Aspergillus_fumigatus_DMC2_AF100-2B	17	15	2	0	scaffold_1	3833414	3883414
Aspergillus_fumigatus_DMC2_AF100-2B	20	20	0	0	scaffold_2	649243	699243
Aspergillus_fumigatus_DMC2_AF100-2B	21	19	2	0	scaffold_3	4054890	4104890
Aspergillus_fumigatus_DMC2_AF100-2B	21	16	5	0	scaffold_2	3681465	3731465
Aspergillus_fumigatus_DMC2_AF100-2B	20	20	0	0	scaffold_5	1014663	1064663
Aspergillus_fumigatus_DMC2_AF100-2B	24	20	4	0	scaffold_5	505073	555073
Aspergillus_fumigatus_DMC2_AF100-2B	23	19	4	0	scaffold_7	125305	175305
Aspergillus_fumigatus_DMC2_AF100-2B	13	12	1	0	scaffold_3	3268619	3318619
Aspergillus_fumigatus_DMC2_AF100-2B	6	6	0	0	scaffold_6	1209639	1259639
Aspergillus_fumigatus_DMC2_AF100-2B	14	0	14	0	scaffold_2	3797810	3847810
Aspergillus_fumigatus_DMC2_AF100-2B	20	18	2	0	scaffold_6	971935	1021935
Aspergillus_fumigatus_DMC2_AF100-2B	22	20	2	0	scaffold_1	2864301	2914301
Aspergillus_fumigatus_DMC2_AF100-2B	19	19	0	0	scaffold_5	1310763	1360763
Aspergillus_fumigatus_DMC2_AF100-2B	20	15	5	0	scaffold_1	676819	726819
Aspergillus_fumigatus_DMC2_AF100-2B	19	19	0	0	scaffold_6	3134283	3184283
Aspergillus_fumigatus_DMC2_AF100-2B	19	17	2	0	scaffold_6	683058	733058
Aspergillus_fumigatus_DMC2_AF100-2B	16	14	2	0	scaffold_6	2997791	3047791
Aspergillus_fumigatus_DMC2_AF100-2B	0	0	0	0	scaffold_5	1146451	1196451
Aspergillus_fumigatus_DMC2_AF100-2B	22	19	3	0	scaffold_7	105666	155666
Aspergillus_fumigatus_DMC2_AF100-2B	17	17	0	0	scaffold_4	1147467	1197467
Aspergillus_fumigatus_DMC2_AF100-2B	20	17	3	0	scaffold_6	3327780	3377780
Aspergillus_fumigatus_DMC2_AF100-2B	21	21	0	0	scaffold_5	1817092	1867092
Aspergillus_fumigatus_DMC2_AF100-2B	19	15	4	0	scaffold_1	4190412	4240412
Aspergillus_fumigatus_DMC2_AF100-2B	21	20	1	0	scaffold_1	2141491	2191491
Aspergillus_fumigatus_DMC2_AF100-2B	16	14	2	0	scaffold_2	3480984	3530984
Aspergillus_fumigatus_DMC2_AF100-2B	17	13	4	0	scaffold_8	107522	157522
Aspergillus_fumigatus_DMC2_AF100-2B	19	17	2	0	scaffold_3	2580842	2630842
Aspergillus_fumigatus_DMC2_AF100-2B	21	21	0	0	scaffold_6	3509160	3559160
Aspergillus_fumigatus_DMC2_AF100-2B	18	18	0	0	scaffold_2	2246558	2296558
Aspergillus_fumigatus_DMC2_AF100-2B	18	18	0	0	scaffold_1	3884830	3934830
Aspergillus_fumigatus_DMC2_AF100-2B	19	18	1	0	scaffold_6	3442406	3492406
Aspergillus_fumigatus_DMC2_AF100-2B	17	17	0	0	scaffold_1	1058295	1108295
Aspergillus_fumigatus_DMC2_AF100-2B	18	15	3	0	scaffold_3	3378490	3428490
Aspergillus_fumigatus_DMC2_AF100-2B	20	18	2	0	scaffold_1	2163152	2213152
Aspergillus_fumigatus_DMC2_AF100-2B	21	19	2	0	scaffold_6	3307691	3357691
Aspergillus_fumigatus_DMC2_AF100-2B	18	18	0	0	scaffold_2	584133	634133
Aspergillus_fumigatus_DMC2_AF100-2B	20	20	0	0	scaffold_6	1645958	1695958
Aspergillus_fumigatus_DMC2_AF100-2B	16	14	2	0	scaffold_6	2615975	2665975
Aspergillus_fumigatus_DMC2_AF100-2B	22	1	21	0	scaffold_2	3931848	3981848
Aspergillus_fumigatus_DMC2_AF100-2B	18	12	6	0	scaffold_1	663055	713055
Aspergillus_fumigatus_DMC2_AF100-2B	16	13	3	0	scaffold_6	3589583	3639583
Aspergillus_fumigatus_DMC2_AF100-2B	21	20	1	0	scaffold_1	2382481	2432481
Aspergillus_fumigatus_DMC2_AF100-2B	22	22	0	0	scaffold_4	406412	456412
Aspergillus_fumigatus_DMC2_AF100-2B	21	20	1	0	scaffold_3	1898229	1948229
Aspergillus_fumigatus_DMC2_AF100-2B	18	17	1	0	scaffold_4	2866130	2916130
Aspergillus_fumigatus_DMC2_AF100-2B	21	0	21	0	scaffold_2	3879782	3929782
Aspergillus_fumigatus_DMC2_AF100-2B	25	20	5	0	scaffold_8	1171879	1221879
Aspergillus_fumigatus_DMC2_AF100-2B	19	19	0	0	scaffold_1	3894503	3944503
Aspergillus_fumigatus_DMC2_AF100-2B	20	19	1	0	scaffold_1	2139088	2189088
Aspergillus_fumigatus_DMC2_AF100-2B	27	24	3	0	scaffold_5	3362927	3412927
Aspergillus_fumigatus_DMC2_AF100-2B	23	21	2	0	scaffold_3	3804644	3854644
Aspergillus_fumigatus_DMC2_AF100-2B	20	18	2	0	scaffold_5	1558824	1608824
Aspergillus_fumigatus_DMC2_AF100-2B	20	18	2	0	scaffold_6	1288908	1338908
Aspergillus_fumigatus_DMC2_AF100-2B	19	17	2	0	scaffold_3	3292599	3342599
Aspergillus_fumigatus_DMC2_AF100-2B	15	14	1	0	scaffold_3	969602	1019602
Aspergillus_fumigatus_DMC2_AF100-2B	19	18	1	0	scaffold_4	992897	1042897
Aspergillus_fumigatus_DMC2_AF100-2B	17	15	2	0	scaffold_3	2394820	2444820
Aspergillus_fumigatus_DMC2_AF100-2B	20	19	1	0	scaffold_5	1892237	1942237
Aspergillus_fumigatus_DMC2_AF100-2B	25	21	4	0	scaffold_5	3564282	3614282
Aspergillus_fumigatus_DMC2_AF100-2B	22	21	1	0	scaffold_7	2101759	2151759
Aspergillus_fumigatus_DMC2_AF100-2B	26	21	5	0	scaffold_3	2059067	2109067
Aspergillus_fumigatus_DMC2_AF100-2B	17	16	1	0	scaffold_4	2982484	3032484
Aspergillus_fumigatus_DMC2_AF100-2B	22	21	1	0	scaffold_6	368724	418724
Aspergillus_fumigatus_DMC2_AF100-2B	8	2	6	0	scaffold_8	1683309	1733309
Aspergillus_fumigatus_DMC2_AF100-2B	20	20	0	0	scaffold_5	2915653	2965653
Aspergillus_fumigatus_DMC2_AF100-2B	18	18	0	0	scaffold_1	1497189	1547189
Aspergillus_fumigatus_DMC2_AF100-2B	19	19	0	0	scaffold_4	2338054	2388054
Aspergillus_fumigatus_DMC2_AF100-2B	15	12	3	0	scaffold_2	1089911	1139911
Aspergillus_fumigatus_DMC2_AF100-2B	12	11	1	0	scaffold_1	3447887	3497887
Aspergillus_fumigatus_DMC2_AF100-2B	18	16	2	0	scaffold_2	1615570	1665570
Aspergillus_fumigatus_DMC2_AF100-2B	16	15	1	0	scaffold_5	3165467	3215467
Aspergillus_fumigatus_DMC2_AF100-2B	19	19	0	0	scaffold_6	3139303	3189303
Aspergillus_fumigatus_DMC2_AF100-2B	18	15	3	0	scaffold_3	719194	769194
Aspergillus_fumigatus_DMC2_AF100-2B	19	18	1	0	scaffold_3	373124	423124
Aspergillus_fumigatus_DMC2_AF100-2B	20	18	2	0	scaffold_5	3091688	3141688
Aspergillus_fumigatus_DMC2_AF100-2B	20	18	2	0	scaffold_4	2274538	2324538
Aspergillus_fumigatus_DMC2_AF100-2B	16	15	1	0	scaffold_1	1363390	1413390
Aspergillus_fumigatus_DMC2_AF100-2B	22	11	11	0	scaffold_5	2190114	2240114
Aspergillus_fumigatus_DMC2_AF100-2B	21	19	2	0	scaffold_1	987352	1037352
Aspergillus_fumigatus_DMC2_AF100-2B	14	13	1	0	scaffold_5	2548164	2598164
Aspergillus_fumigatus_DMC2_AF100-2B	20	18	2	0	scaffold_1	2155587	2205587
Aspergillus_fumigatus_DMC2_AF100-2B	23	22	1	0	scaffold_4	1046267	1096267
Aspergillus_fumigatus_DMC2_AF100-2B	22	20	2	0	scaffold_3	210298	260298
Aspergillus_fumigatus_DMC2_AF100-2B	18	16	2	0	scaffold_2	3123154	3173154
Aspergillus_fumigatus_DMC2_AF100-2B	16	12	4	0	scaffold_6	3591005	3641005
Aspergillus_fumigatus_DMC2_AF100-2B	17	14	3	0	scaffold_8	1086131	1136131
Aspergillus_fumigatus_DMC2_AF100-2B	16	14	2	0	scaffold_1	2449452	2499452
Aspergillus_fumigatus_DMC2_AF100-2B	18	14	4	0	scaffold_4	3597101	3647101
Aspergillus_fumigatus_DMC2_AF100-2B	20	18	2	0	scaffold_2	2615760	2665760
Aspergillus_fumigatus_DMC2_AF100-2B	7	5	2	0	scaffold_4	65198	115198
Aspergillus_fumigatus_DMC2_AF100-2B	19	18	1	0	scaffold_6	1732949	1782949
Aspergillus_fumigatus_DMC2_AF100-2B	12	11	1	0	scaffold_2	1540930	1590930
Aspergillus_fumigatus_DMC2_AF100-2B	24	21	3	0	scaffold_1	2245017	2295017
Aspergillus_fumigatus_DMC2_AF100-2B	17	15	2	0	scaffold_4	1918874	1968874
Aspergillus_fumigatus_DMC2_AF100-2B	20	17	3	0	scaffold_4	470826	520826
Aspergillus_fumigatus_DMC2_AF100-2B	15	14	1	0	scaffold_5	2552860	2602860
Aspergillus_fumigatus_DMC2_AF100-2B	18	17	1	0	scaffold_5	1727686	1777686
Aspergillus_fumigatus_DMC2_AF100-2B	20	20	0	0	scaffold_5	1313721	1363721
Aspergillus_fumigatus_DMC2_AF100-2B	19	19	0	0	scaffold_4	2692556	2742556
Aspergillus_fumigatus_DMC2_AF100-2B	15	14	1	0	scaffold_8	1366010	1416010
Aspergillus_fumigatus_DMC2_AF100-2B	24	22	2	0	scaffold_2	4248298	4298298
Aspergillus_fumigatus_DMC2_AF100-2B	20	19	1	0	scaffold_6	2925760	2975760
Aspergillus_fumigatus_DMC2_AF100-2B	23	19	4	0	scaffold_7	424752	474752
Aspergillus_fumigatus_DMC2_AF100-2B	16	16	0	0	scaffold_8	1115157	1165157
Aspergillus_fumigatus_DMC2_AF100-2B	17	16	1	0	scaffold_1	766574	816574
Aspergillus_fumigatus_DMC2_AF100-2B	18	16	2	0	scaffold_3	1874137	1924137
Aspergillus_fumigatus_DMC2_AF100-2B	17	14	3	0	scaffold_7	573368	623368
Aspergillus_fumigatus_DMC2_AF100-2B	18	16	2	0	scaffold_2	1054869	1104869
Aspergillus_fumigatus_DMC2_AF100-2B	20	19	1	0	scaffold_7	1368951	1418951
Aspergillus_fumigatus_DMC2_AF100-2B	16	15	1	0	scaffold_2	1362199	1412199
Aspergillus_fumigatus_DMC2_AF100-2B	15	15	0	0	scaffold_6	1405369	1455369
Aspergillus_fumigatus_DMC2_AF100-2B	16	2	14	0	scaffold_8	1809074	1859074
Aspergillus_fumigatus_DMC2_AF100-2B	23	18	5	0	scaffold_1	498378	548378
Aspergillus_fumigatus_DMC2_AF100-2B	13	13	0	0	scaffold_6	243697	293697
Aspergillus_fumigatus_DMC2_AF100-2B	21	20	1	0	scaffold_8	1439055	1489055
Aspergillus_fumigatus_DMC2_AF100-2B	4	1	3	0	scaffold_4	50663	100663
Aspergillus_fumigatus_DMC2_AF100-2B	17	14	3	0	scaffold_7	1920192	1970192
Aspergillus_fumigatus_DMC2_AF100-2B	21	18	3	0	scaffold_6	1867005	1917005
Aspergillus_fumigatus_DMC2_AF100-2B	18	14	4	0	scaffold_2	3006937	3056937
Aspergillus_fumigatus_DMC2_AF100-2B	21	20	1	0	scaffold_5	999717	1049717
Aspergillus_fumigatus_DMC2_AF100-2B	18	16	2	0	scaffold_2	894509	944509
Aspergillus_fumigatus_DMC2_AF100-2B	21	21	0	0	scaffold_6	1613990	1663990
Aspergillus_fumigatus_DMC2_AF100-2B	20	17	3	0	scaffold_6	1928949	1978949
Aspergillus_fumigatus_DMC2_AF100-2B	19	18	1	0	scaffold_6	1727446	1777446
Aspergillus_fumigatus_DMC2_AF100-2B	4	0	4	0	scaffold_4	45216	95216
Aspergillus_fumigatus_DMC2_AF100-2B	15	13	2	0	scaffold_1	631089	681089
Aspergillus_fumigatus_DMC2_AF100-2B	17	14	3	0	scaffold_8	388501	438501
Aspergillus_fumigatus_DMC2_AF100-2B	20	20	0	0	scaffold_2	2403410	2453410
Aspergillus_fumigatus_DMC2_AF100-2B	20	20	0	0	scaffold_2	1584610	1634610
Aspergillus_fumigatus_DMC2_AF100-2B	18	18	0	0	scaffold_1	3193635	3243635
Aspergillus_fumigatus_DMC2_AF100-2B	18	17	1	0	scaffold_1	1956099	2006099
Aspergillus_fumigatus_DMC2_AF100-2B	18	16	2	0	scaffold_4	1784617	1834617
Aspergillus_fumigatus_DMC2_AF100-2B	19	17	2	0	scaffold_7	829188	879188
Aspergillus_fumigatus_DMC2_AF100-2B	19	19	0	0	scaffold_7	1135401	1185401
Aspergillus_fumigatus_DMC2_AF100-2B	19	17	2	0	scaffold_3	2578564	2628564
Aspergillus_fumigatus_DMC2_AF100-2B	15	13	2	0	scaffold_6	2642507	2692507
Aspergillus_fumigatus_DMC2_AF100-2B	20	18	2	0	scaffold_7	64808	114808
Aspergillus_fumigatus_DMC2_AF100-2B	19	14	5	0	scaffold_7	2039515	2089515
Aspergillus_fumigatus_DMC2_AF100-2B	18	16	1	1	scaffold_2	954350	1004350
Aspergillus_fumigatus_DMC2_AF100-2B	16	15	1	0	scaffold_2	3460477	3510477
Aspergillus_fumigatus_DMC2_AF100-2B	19	18	1	0	scaffold_1	3639308	3689308
Aspergillus_fumigatus_DMC2_AF100-2B	19	19	0	0	scaffold_6	3110761	3160761
Aspergillus_fumigatus_DMC2_AF100-2B	15	13	2	0	scaffold_5	2330136	2380136
Aspergillus_fumigatus_DMC2_AF100-2B	19	15	4	0	scaffold_4	3371131	3421131
Aspergillus_fumigatus_DMC2_AF100-2B	18	16	2	0	scaffold_4	1359981	1409981
Aspergillus_fumigatus_DMC2_AF100-2B	20	20	0	0	scaffold_1	354308	404308
Aspergillus_fumigatus_DMC2_AF100-2B	23	21	2	0	scaffold_7	187568	237568
Aspergillus_fumigatus_DMC2_AF100-2B	27	20	7	0	scaffold_2	3563112	3613112
Aspergillus_fumigatus_DMC2_AF100-2B	19	19	0	0	scaffold_5	228955	278955
Aspergillus_fumigatus_DMC2_AF100-2B	16	12	4	0	scaffold_3	2904032	2954032
Aspergillus_fumigatus_DMC2_AF100-2B	23	20	3	0	scaffold_3	2148132	2198132
Aspergillus_fumigatus_DMC2_AF100-2B	18	18	0	0	scaffold_6	1989941	2039941
Aspergillus_fumigatus_DMC2_AF100-2B	12	10	2	0	scaffold_2	1639152	1689152
Aspergillus_fumigatus_DMC2_AF100-2B	22	20	2	0	scaffold_2	19355	69355
Aspergillus_fumigatus_DMC2_AF100-2B	21	16	5	0	scaffold_7	673188	723188
Aspergillus_fumigatus_DMC2_AF100-2B	17	15	2	0	scaffold_2	2485592	2535592
Aspergillus_fumigatus_DMC2_AF100-2B	20	20	0	0	scaffold_1	723223	773223
Aspergillus_fumigatus_DMC2_AF100-2B	17	16	1	0	scaffold_7	869050	919050
Aspergillus_fumigatus_DMC2_AF100-2B	22	22	0	0	scaffold_3	2954147	3004147
Aspergillus_fumigatus_DMC2_AF100-2B	27	23	4	0	scaffold_8	1572793	1622793
Aspergillus_fumigatus_DMC2_AF100-2B	14	12	2	0	scaffold_7	1495196	1545196
Aspergillus_fumigatus_DMC2_AF100-2B	16	16	0	0	scaffold_5	217062	267062
Aspergillus_fumigatus_DMC2_AF100-2B	21	19	2	0	scaffold_1	2873273	2923273
Aspergillus_fumigatus_DMC2_AF100-2B	21	18	3	0	scaffold_4	330834	380834
Aspergillus_fumigatus_DMC2_AF100-2B	16	15	1	0	scaffold_6	3284223	3334223
Aspergillus_fumigatus_DMC2_AF100-2B	17	14	3	0	scaffold_7	1337285	1387285
Aspergillus_fumigatus_DMC2_AF100-2B	17	14	3	0	scaffold_6	2974143	3024143
Aspergillus_fumigatus_DMC2_AF100-2B	16	13	3	0	scaffold_7	1755149	1805149
Aspergillus_fumigatus_DMC2_AF100-2B	21	15	6	0	scaffold_6	2237972	2287972
Aspergillus_fumigatus_DMC2_AF100-2B	17	15	2	0	scaffold_2	3197962	3247962
Aspergillus_fumigatus_DMC2_AF100-2B	18	12	6	0	scaffold_3	3891828	3941828
Aspergillus_fumigatus_DMC2_AF100-2B	17	0	17	0	scaffold_2	3821747	3871747
Aspergillus_fumigatus_DMC2_AF100-2B	21	18	3	0	scaffold_3	1807877	1857877
Aspergillus_fumigatus_DMC2_AF100-2B	15	14	1	0	scaffold_4	1378397	1428397
Aspergillus_fumigatus_DMC2_AF100-2B	13	8	5	0	scaffold_6	21740	71740
Aspergillus_fumigatus_DMC2_AF100-2B	22	20	2	0	scaffold_1	589870	639870
Aspergillus_fumigatus_DMC2_AF100-2B	20	19	1	0	scaffold_3	2857040	2907040
Aspergillus_fumigatus_DMC2_AF100-2B	17	17	0	0	scaffold_2	711194	761194
Aspergillus_fumigatus_DMC2_AF100-2B	17	16	1	0	scaffold_2	785269	835269
Aspergillus_fumigatus_DMC2_AF100-2B	18	16	2	0	scaffold_6	1301406	1351406
Aspergillus_fumigatus_DMC2_AF100-2B	20	19	1	0	scaffold_3	2003729	2053729
Aspergillus_fumigatus_DMC2_AF100-2B	19	17	2	0	scaffold_2	900016	950016
Aspergillus_fumigatus_DMC2_AF100-2B	14	14	0	0	scaffold_5	2678985	2728985
Aspergillus_fumigatus_DMC2_AF100-2B	16	7	9	0	scaffold_3	36255	86255
Aspergillus_fumigatus_DMC2_AF100-2B	18	15	3	0	scaffold_2	3519166	3569166
Aspergillus_fumigatus_DMC2_AF100-2B	19	19	0	0	scaffold_4	2955759	3005759
Aspergillus_fumigatus_DMC2_AF100-2B	19	17	2	0	scaffold_2	2605326	2655326
Aspergillus_fumigatus_DMC2_AF100-2B	16	15	1	0	scaffold_1	3134860	3184860
Aspergillus_fumigatus_DMC2_AF100-2B	20	19	1	0	scaffold_6	1719121	1769121
Aspergillus_fumigatus_DMC2_AF100-2B	14	2	12	0	scaffold_3	559316	609316
Aspergillus_fumigatus_DMC2_AF100-2B	20	18	2	0	scaffold_4	3230459	3280459
Aspergillus_fumigatus_DMC2_AF100-2B	15	15	0	0	scaffold_3	3996555	4046555
Aspergillus_fumigatus_DMC2_AF100-2B	22	21	1	0	scaffold_6	3417132	3467132
Aspergillus_fumigatus_DMC2_AF100-2B	21	17	4	0	scaffold_6	1935511	1985511
Aspergillus_fumigatus_DMC2_AF100-2B	16	16	0	0	scaffold_4	680732	730732
Aspergillus_fumigatus_DMC2_AF100-2B	21	19	2	0	scaffold_1	3339216	3389216
Aspergillus_fumigatus_DMC2_AF100-2B	18	17	1	0	scaffold_3	2366248	2416248
Aspergillus_fumigatus_DMC2_AF100-2B	20	19	1	0	scaffold_3	2860310	2910310
Aspergillus_fumigatus_DMC2_AF100-2B	19	19	0	0	scaffold_3	1505267	1555267
Aspergillus_fumigatus_DMC2_AF100-2B	18	16	2	0	scaffold_4	1458407	1508407
Aspergillus_fumigatus_DMC2_AF100-2B	24	23	1	0	scaffold_6	2066093	2116093
Aspergillus_fumigatus_DMC2_AF100-2B	14	13	1	0	scaffold_3	2502586	2552586
Aspergillus_fumigatus_DMC2_AF100-2B	14	14	0	0	scaffold_4	722085	772085
Aspergillus_fumigatus_DMC2_AF100-2B	25	21	4	0	scaffold_3	112124	162124
Aspergillus_fumigatus_DMC2_AF100-2B	11	9	2	0	scaffold_1	4472414	4522414
Aspergillus_fumigatus_DMC2_AF100-2B	24	21	3	0	scaffold_3	1005345	1055345
Aspergillus_fumigatus_DMC2_AF100-2B	17	16	1	0	scaffold_2	1405067	1455067
Aspergillus_fumigatus_DMC2_AF100-2B	8	8	0	0	scaffold_7	1875712	1925712
Aspergillus_fumigatus_DMC2_AF100-2B	19	18	1	0	scaffold_6	2698490	2748490
Aspergillus_fumigatus_DMC2_AF100-2B	21	18	3	0	scaffold_6	1171955	1221955
Aspergillus_fumigatus_DMC2_AF100-2B	17	17	0	0	scaffold_3	2753067	2803067
Aspergillus_fumigatus_DMC2_AF100-2B	20	19	1	0	scaffold_1	1770245	1820245
Aspergillus_fumigatus_DMC2_AF100-2B	25	19	6	0	scaffold_3	831708	881708
Aspergillus_fumigatus_DMC2_AF100-2B	22	21	1	0	scaffold_1	396324	446324
Aspergillus_fumigatus_DMC2_AF100-2B	21	14	7	0	scaffold_2	3999476	4049476
Aspergillus_fumigatus_DMC2_AF100-2B	19	19	0	0	scaffold_5	818322	868322
Aspergillus_fumigatus_DMC2_AF100-2B	22	22	0	0	scaffold_4	2939042	2989042
Aspergillus_fumigatus_DMC2_AF100-2B	17	15	2	0	scaffold_6	3582761	3632761
Aspergillus_fumigatus_DMC2_AF100-2B	19	0	19	0	scaffold_2	3768448	3818448
Aspergillus_fumigatus_DMC2_AF100-2B	18	17	1	0	scaffold_1	3262049	3312049
Aspergillus_fumigatus_DMC2_AF100-2B	12	9	3	0	scaffold_6	68186	118186
Aspergillus_fumigatus_DMC2_AF100-2B	12	11	1	0	scaffold_5	201208	251208
Aspergillus_fumigatus_DMC2_AF100-2B	18	16	2	0	scaffold_2	4082288	4132288
Aspergillus_fumigatus_DMC2_AF100-2B	19	16	2	1	scaffold_2	960237	1010237
Aspergillus_fumigatus_DMC2_AF100-2B	19	17	2	0	scaffold_8	1054270	1104270
Aspergillus_fumigatus_DMC2_AF100-2B	15	15	0	0	scaffold_2	698506	748506
Aspergillus_fumigatus_DMC2_AF100-2B	21	18	3	0	scaffold_6	650454	700454
Aspergillus_fumigatus_DMC2_AF100-2B	16	15	1	0	scaffold_2	3058348	3108348
Aspergillus_fumigatus_DMC2_AF100-2B	13	13	0	0	scaffold_1	2463191	2513191
Aspergillus_fumigatus_DMC2_AF100-2B	15	15	0	0	scaffold_3	1655982	1705982
Aspergillus_fumigatus_DMC2_AF100-2B	22	20	2	0	scaffold_6	2777358	2827358
Aspergillus_fumigatus_DMC2_AF100-2B	0	0	0	0	scaffold_8	1726712	1776712
Aspergillus_fumigatus_DMC2_AF100-2B	17	17	0	0	scaffold_5	1299107	1349107
Aspergillus_fumigatus_DMC2_AF100-2B	23	19	4	0	scaffold_2	3646425	3696425
Aspergillus_fumigatus_DMC2_AF100-2B	19	18	1	0	scaffold_1	3282665	3332665
Aspergillus_fumigatus_DMC2_AF100-2B	20	18	2	0	scaffold_1	3695525	3745525
Aspergillus_fumigatus_DMC2_AF100-2B	17	16	1	0	scaffold_1	540699	590699
Aspergillus_fumigatus_DMC2_AF100-2B	18	15	3	0	scaffold_5	628842	678842
Aspergillus_fumigatus_DMC2_AF100-2B	16	16	0	0	scaffold_4	1128618	1178618
Aspergillus_fumigatus_DMC2_AF100-2B	11	11	0	0	scaffold_8	673566	723566
Aspergillus_fumigatus_DMC2_AF100-2B	8	7	1	0	scaffold_2	1872720	1922720
Aspergillus_fumigatus_DMC2_AF100-2B	12	10	2	0	scaffold_3	3567121	3617121
Aspergillus_fumigatus_DMC2_AF100-2B	19	19	0	0	scaffold_5	2039754	2089754
Aspergillus_fumigatus_DMC2_AF100-2B	6	1	5	0	scaffold_8	1850753	1900753
Aspergillus_fumigatus_DMC2_AF100-2B	17	14	3	0	scaffold_2	1466970	1516970
Aspergillus_fumigatus_DMC2_AF100-2B	20	16	4	0	scaffold_4	503043	553043
Aspergillus_fumigatus_DMC2_AF100-2B	1	1	0	0	scaffold_5	1167783	1217783
Aspergillus_fumigatus_DMC2_AF100-2B	15	11	4	0	scaffold_1	3956198	4006198
Aspergillus_fumigatus_DMC2_AF100-2B	17	17	0	0	scaffold_2	3134250	3184250
Aspergillus_fumigatus_DMC2_AF100-2B	21	19	2	0	scaffold_5	3253481	3303481
Aspergillus_fumigatus_DMC2_AF100-2B	21	17	4	0	scaffold_1	3578739	3628739
