STRAIN	TOTAL	CORE	ACCESSORY	SINGLETON	CHROM	START	END
Aspergillus_fumigatus_F15767	13	12	1	0	scaffold_7	1271206	1321206
Aspergillus_fumigatus_F15767	17	17	0	0	scaffold_2	2655882	2705882
Aspergillus_fumigatus_F15767	17	16	1	0	scaffold_3	3760312	3810312
Aspergillus_fumigatus_F15767	18	17	1	0	scaffold_3	2675521	2725521
Aspergillus_fumigatus_F15767	15	13	2	0	scaffold_2	1020819	1070819
Aspergillus_fumigatus_F15767	17	17	0	0	scaffold_4	601497	651497
Aspergillus_fumigatus_F15767	22	21	1	0	scaffold_2	319825	369825
Aspergillus_fumigatus_F15767	20	19	1	0	scaffold_2	1216633	1266633
Aspergillus_fumigatus_F15767	10	0	10	0	scaffold_7	1875048	1925048
Aspergillus_fumigatus_F15767	12	11	1	0	scaffold_8	845361	895361
Aspergillus_fumigatus_F15767	18	11	7	0	scaffold_1	387235	437235
Aspergillus_fumigatus_F15767	14	12	2	0	scaffold_2	3539568	3589568
Aspergillus_fumigatus_F15767	24	22	2	0	scaffold_5	3556233	3606233
Aspergillus_fumigatus_F15767	23	14	9	0	scaffold_3	3645718	3695718
Aspergillus_fumigatus_F15767	14	14	0	0	scaffold_4	685211	735211
Aspergillus_fumigatus_F15767	16	14	2	0	scaffold_7	20537	70537
Aspergillus_fumigatus_F15767	11	11	0	0	scaffold_6	2740813	2790813
Aspergillus_fumigatus_F15767	19	19	0	0	scaffold_5	3009429	3059429
Aspergillus_fumigatus_F15767	13	10	3	0	scaffold_4	3284604	3334604
Aspergillus_fumigatus_F15767	22	21	1	0	scaffold_3	1985675	2035675
Aspergillus_fumigatus_F15767	18	17	1	0	scaffold_3	2881882	2931882
Aspergillus_fumigatus_F15767	19	19	0	0	scaffold_1	2758255	2808255
Aspergillus_fumigatus_F15767	18	16	2	0	scaffold_1	4776104	4826104
Aspergillus_fumigatus_F15767	17	15	2	0	scaffold_1	3532896	3582896
Aspergillus_fumigatus_F15767	19	18	1	0	scaffold_1	3446262	3496262
Aspergillus_fumigatus_F15767	24	23	1	0	scaffold_2	4703333	4753333
Aspergillus_fumigatus_F15767	19	14	5	0	scaffold_3	999528	1049528
Aspergillus_fumigatus_F15767	22	20	2	0	scaffold_3	2293071	2343071
Aspergillus_fumigatus_F15767	21	17	4	0	scaffold_1	498287	548287
Aspergillus_fumigatus_F15767	7	5	2	0	scaffold_4	1158276	1208276
Aspergillus_fumigatus_F15767	19	19	0	0	scaffold_5	3205489	3255489
Aspergillus_fumigatus_F15767	24	22	2	0	scaffold_5	3530776	3580776
Aspergillus_fumigatus_F15767	20	18	2	0	scaffold_3	2158557	2208557
Aspergillus_fumigatus_F15767	16	15	1	0	scaffold_4	3442532	3492532
Aspergillus_fumigatus_F15767	19	18	1	0	scaffold_3	252701	302701
Aspergillus_fumigatus_F15767	23	22	1	0	scaffold_3	535179	585179
Aspergillus_fumigatus_F15767	17	15	2	0	scaffold_1	4790447	4840447
Aspergillus_fumigatus_F15767	16	13	3	0	scaffold_2	1088453	1138453
Aspergillus_fumigatus_F15767	23	21	2	0	scaffold_3	464069	514069
Aspergillus_fumigatus_F15767	17	14	3	0	scaffold_2	3413983	3463983
Aspergillus_fumigatus_F15767	24	23	1	0	scaffold_6	687249	737249
Aspergillus_fumigatus_F15767	13	13	0	0	scaffold_1	4192280	4242280
Aspergillus_fumigatus_F15767	19	18	1	0	scaffold_3	831852	881852
Aspergillus_fumigatus_F15767	17	13	4	0	scaffold_3	1088913	1138913
Aspergillus_fumigatus_F15767	19	19	0	0	scaffold_8	605078	655078
Aspergillus_fumigatus_F15767	7	6	1	0	scaffold_5	154441	204441
Aspergillus_fumigatus_F15767	16	15	1	0	scaffold_2	2879292	2929292
Aspergillus_fumigatus_F15767	20	17	3	0	scaffold_5	1859352	1909352
Aspergillus_fumigatus_F15767	17	15	2	0	scaffold_1	4802955	4852955
Aspergillus_fumigatus_F15767	24	20	4	0	scaffold_1	3785803	3835803
Aspergillus_fumigatus_F15767	12	9	3	0	scaffold_5	203951	253951
Aspergillus_fumigatus_F15767	17	17	0	0	scaffold_2	598639	648639
Aspergillus_fumigatus_F15767	16	14	2	0	scaffold_4	1927152	1977152
Aspergillus_fumigatus_F15767	19	13	6	0	scaffold_2	4470247	4520247
Aspergillus_fumigatus_F15767	17	15	2	0	scaffold_1	3349663	3399663
Aspergillus_fumigatus_F15767	13	12	1	0	scaffold_8	1265302	1315302
Aspergillus_fumigatus_F15767	20	16	4	0	scaffold_1	1637814	1687814
Aspergillus_fumigatus_F15767	22	22	0	0	scaffold_1	4467517	4517517
Aspergillus_fumigatus_F15767	17	16	1	0	scaffold_5	970700	1020700
Aspergillus_fumigatus_F15767	25	24	1	0	scaffold_6	729132	779132
Aspergillus_fumigatus_F15767	13	13	0	0	scaffold_8	1282587	1332587
Aspergillus_fumigatus_F15767	20	14	6	0	scaffold_1	979741	1029741
Aspergillus_fumigatus_F15767	12	10	2	0	scaffold_5	2373625	2423625
Aspergillus_fumigatus_F15767	23	23	0	0	scaffold_5	2619287	2669287
Aspergillus_fumigatus_F15767	18	15	3	0	scaffold_1	4360675	4410675
Aspergillus_fumigatus_F15767	16	16	0	0	scaffold_4	646836	696836
Aspergillus_fumigatus_F15767	19	17	2	0	scaffold_5	3416050	3466050
Aspergillus_fumigatus_F15767	23	20	3	0	scaffold_6	655189	705189
Aspergillus_fumigatus_F15767	16	16	0	0	scaffold_1	4172681	4222681
Aspergillus_fumigatus_F15767	16	14	2	0	scaffold_8	1516400	1566400
Aspergillus_fumigatus_F15767	19	19	0	0	scaffold_6	1020462	1070462
Aspergillus_fumigatus_F15767	19	16	3	0	scaffold_1	2086501	2136501
Aspergillus_fumigatus_F15767	19	16	3	0	scaffold_8	1468478	1518478
Aspergillus_fumigatus_F15767	19	19	0	0	scaffold_6	2815484	2865484
Aspergillus_fumigatus_F15767	13	12	1	0	scaffold_5	2981619	3031619
Aspergillus_fumigatus_F15767	14	12	2	0	scaffold_8	559431	609431
Aspergillus_fumigatus_F15767	24	22	2	0	scaffold_5	3558205	3608205
Aspergillus_fumigatus_F15767	18	17	1	0	scaffold_4	866638	916638
Aspergillus_fumigatus_F15767	22	19	3	0	scaffold_2	4591553	4641553
Aspergillus_fumigatus_F15767	27	22	5	0	scaffold_4	3616096	3666096
Aspergillus_fumigatus_F15767	17	7	10	0	scaffold_1	397641	447641
Aspergillus_fumigatus_F15767	15	14	1	0	scaffold_6	909884	959884
Aspergillus_fumigatus_F15767	19	17	2	0	scaffold_4	1335147	1385147
Aspergillus_fumigatus_F15767	12	9	3	0	scaffold_5	1469169	1519169
Aspergillus_fumigatus_F15767	8	0	8	0	scaffold_5	2157116	2207116
Aspergillus_fumigatus_F15767	19	16	3	0	scaffold_7	462234	512234
Aspergillus_fumigatus_F15767	17	16	1	0	scaffold_1	1396571	1446571
Aspergillus_fumigatus_F15767	16	15	1	0	scaffold_4	742450	792450
Aspergillus_fumigatus_F15767	17	17	0	0	scaffold_6	3276994	3326994
Aspergillus_fumigatus_F15767	15	15	0	0	scaffold_1	4170826	4220826
Aspergillus_fumigatus_F15767	20	18	2	0	scaffold_2	2805296	2855296
Aspergillus_fumigatus_F15767	14	14	0	0	scaffold_5	2718733	2768733
Aspergillus_fumigatus_F15767	19	17	2	0	scaffold_4	1268236	1318236
Aspergillus_fumigatus_F15767	14	12	2	0	scaffold_1	1426492	1476492
Aspergillus_fumigatus_F15767	19	17	2	0	scaffold_6	1581578	1631578
Aspergillus_fumigatus_F15767	18	17	1	0	scaffold_3	1994640	2044640
Aspergillus_fumigatus_F15767	18	18	0	0	scaffold_3	117792	167792
Aspergillus_fumigatus_F15767	18	18	0	0	scaffold_3	111260	161260
Aspergillus_fumigatus_F15767	15	15	0	0	scaffold_6	2955933	3005933
Aspergillus_fumigatus_F15767	20	17	3	0	scaffold_1	3634706	3684706
Aspergillus_fumigatus_F15767	19	17	2	0	scaffold_2	1373497	1423497
Aspergillus_fumigatus_F15767	23	20	3	0	scaffold_4	2533644	2583644
Aspergillus_fumigatus_F15767	10	0	10	0	scaffold_7	1875019	1925019
Aspergillus_fumigatus_F15767	17	17	0	0	scaffold_1	3437205	3487205
Aspergillus_fumigatus_F15767	16	14	2	0	scaffold_8	1518740	1568740
Aspergillus_fumigatus_F15767	21	20	1	0	scaffold_3	4031106	4081106
Aspergillus_fumigatus_F15767	20	20	0	0	scaffold_5	3153433	3203433
Aspergillus_fumigatus_F15767	18	17	1	0	scaffold_5	346511	396511
Aspergillus_fumigatus_F15767	23	20	3	0	scaffold_8	1641343	1691343
Aspergillus_fumigatus_F15767	18	14	4	0	scaffold_2	4075101	4125101
Aspergillus_fumigatus_F15767	22	21	1	0	scaffold_4	3199234	3249234
Aspergillus_fumigatus_F15767	19	19	0	0	scaffold_4	2848813	2898813
Aspergillus_fumigatus_F15767	22	21	1	0	scaffold_1	566269	616269
Aspergillus_fumigatus_F15767	29	27	2	0	scaffold_1	456312	506312
Aspergillus_fumigatus_F15767	20	18	2	0	scaffold_1	923661	973661
Aspergillus_fumigatus_F15767	19	18	1	0	scaffold_8	1000974	1050974
Aspergillus_fumigatus_F15767	12	10	2	0	scaffold_4	1143067	1193067
Aspergillus_fumigatus_F15767	17	15	2	0	scaffold_8	1300876	1350876
Aspergillus_fumigatus_F15767	13	12	1	0	scaffold_2	2997452	3047452
Aspergillus_fumigatus_F15767	20	20	0	0	scaffold_6	1002365	1052365
Aspergillus_fumigatus_F15767	14	13	1	0	scaffold_3	2967754	3017754
Aspergillus_fumigatus_F15767	24	18	6	0	scaffold_5	79057	129057
Aspergillus_fumigatus_F15767	18	17	1	0	scaffold_6	761765	811765
Aspergillus_fumigatus_F15767	25	24	1	0	scaffold_6	706360	756360
Aspergillus_fumigatus_F15767	17	16	1	0	scaffold_1	3520825	3570825
Aspergillus_fumigatus_F15767	20	17	3	0	scaffold_5	1859217	1909217
Aspergillus_fumigatus_F15767	15	15	0	0	scaffold_3	1490711	1540711
Aspergillus_fumigatus_F15767	18	16	2	0	scaffold_2	4516599	4566599
Aspergillus_fumigatus_F15767	18	18	0	0	scaffold_2	955303	1005303
Aspergillus_fumigatus_F15767	15	14	1	0	scaffold_5	503304	553304
Aspergillus_fumigatus_F15767	21	21	0	0	scaffold_6	1835847	1885847
Aspergillus_fumigatus_F15767	21	19	2	0	scaffold_5	578448	628448
Aspergillus_fumigatus_F15767	19	16	3	0	scaffold_1	4366642	4416642
Aspergillus_fumigatus_F15767	18	17	1	0	scaffold_8	577198	627198
Aspergillus_fumigatus_F15767	19	18	1	0	scaffold_6	3080676	3130676
Aspergillus_fumigatus_F15767	12	10	2	0	scaffold_4	2224772	2274772
Aspergillus_fumigatus_F15767	18	17	1	0	scaffold_8	489366	539366
Aspergillus_fumigatus_F15767	18	16	2	0	scaffold_4	3002124	3052124
Aspergillus_fumigatus_F15767	22	21	1	0	scaffold_8	1063342	1113342
Aspergillus_fumigatus_F15767	16	15	1	0	scaffold_5	2695048	2745048
Aspergillus_fumigatus_F15767	14	13	0	1	scaffold_4	1354715	1404715
Aspergillus_fumigatus_F15767	18	16	2	0	scaffold_8	359522	409522
Aspergillus_fumigatus_F15767	14	13	1	0	scaffold_8	708921	758921
Aspergillus_fumigatus_F15767	20	18	2	0	scaffold_3	2699707	2749707
Aspergillus_fumigatus_F15767	17	17	0	0	scaffold_1	3263400	3313400
Aspergillus_fumigatus_F15767	21	3	18	0	scaffold_5	2239946	2289946
Aspergillus_fumigatus_F15767	27	19	8	0	scaffold_2	4005406	4055406
Aspergillus_fumigatus_F15767	23	22	1	0	scaffold_2	4723354	4773354
Aspergillus_fumigatus_F15767	22	22	0	0	scaffold_6	2901930	2951930
Aspergillus_fumigatus_F15767	23	19	4	0	scaffold_8	107533	157533
Aspergillus_fumigatus_F15767	23	22	1	0	scaffold_2	4689209	4739209
Aspergillus_fumigatus_F15767	16	13	3	0	scaffold_6	441633	491633
Aspergillus_fumigatus_F15767	19	18	1	0	scaffold_2	2302280	2352280
Aspergillus_fumigatus_F15767	21	21	0	0	scaffold_6	1643304	1693304
Aspergillus_fumigatus_F15767	25	24	1	0	scaffold_8	1422816	1472816
Aspergillus_fumigatus_F15767	18	17	1	0	scaffold_6	2692159	2742159
Aspergillus_fumigatus_F15767	18	15	3	0	scaffold_6	2320024	2370024
Aspergillus_fumigatus_F15767	18	15	3	0	scaffold_4	3582738	3632738
Aspergillus_fumigatus_F15767	21	19	2	0	scaffold_3	2154396	2204396
Aspergillus_fumigatus_F15767	19	19	0	0	scaffold_2	517702	567702
Aspergillus_fumigatus_F15767	20	16	4	0	scaffold_1	1658059	1708059
Aspergillus_fumigatus_F15767	20	18	2	0	scaffold_5	2434976	2484976
Aspergillus_fumigatus_F15767	11	11	0	0	scaffold_3	1240433	1290433
Aspergillus_fumigatus_F15767	25	3	22	0	scaffold_3	935267	985267
Aspergillus_fumigatus_F15767	19	16	3	0	scaffold_4	2409746	2459746
Aspergillus_fumigatus_F15767	15	13	2	0	scaffold_3	2087425	2137425
Aspergillus_fumigatus_F15767	18	18	0	0	scaffold_6	1286680	1336680
Aspergillus_fumigatus_F15767	17	16	1	0	scaffold_1	4045356	4095356
Aspergillus_fumigatus_F15767	18	0	18	0	scaffold_2	4211832	4261832
Aspergillus_fumigatus_F15767	22	18	4	0	scaffold_2	58999	108999
Aspergillus_fumigatus_F15767	21	19	2	0	scaffold_7	1630065	1680065
Aspergillus_fumigatus_F15767	19	16	3	0	scaffold_5	2525438	2575438
Aspergillus_fumigatus_F15767	13	12	1	0	scaffold_8	1273033	1323033
Aspergillus_fumigatus_F15767	16	13	3	0	scaffold_3	19154	69154
Aspergillus_fumigatus_F15767	9	8	1	0	scaffold_1	4839226	4889226
Aspergillus_fumigatus_F15767	19	19	0	0	scaffold_3	214203	264203
Aspergillus_fumigatus_F15767	6	5	1	0	scaffold_4	1661953	1711953
Aspergillus_fumigatus_F15767	16	13	3	0	scaffold_3	1131385	1181385
Aspergillus_fumigatus_F15767	22	21	1	0	scaffold_6	3044315	3094315
Aspergillus_fumigatus_F15767	16	16	0	0	scaffold_2	1291601	1341601
Aspergillus_fumigatus_F15767	13	13	0	0	scaffold_2	1710287	1760287
Aspergillus_fumigatus_F15767	18	16	2	0	scaffold_6	3293819	3343819
Aspergillus_fumigatus_F15767	7	7	0	0	scaffold_5	195383	245383
Aspergillus_fumigatus_F15767	17	15	2	0	scaffold_3	2063652	2113652
Aspergillus_fumigatus_F15767	24	22	2	0	scaffold_7	1418820	1468820
Aspergillus_fumigatus_F15767	18	16	2	0	scaffold_4	1313130	1363130
Aspergillus_fumigatus_F15767	19	17	2	0	scaffold_4	870135	920135
Aspergillus_fumigatus_F15767	23	23	0	0	scaffold_7	903147	953147
Aspergillus_fumigatus_F15767	18	16	2	0	scaffold_3	1974074	2024074
Aspergillus_fumigatus_F15767	19	18	1	0	scaffold_1	1204304	1254304
Aspergillus_fumigatus_F15767	20	18	2	0	scaffold_5	1882981	1932981
Aspergillus_fumigatus_F15767	28	24	4	0	scaffold_6	3319994	3369994
Aspergillus_fumigatus_F15767	18	17	1	0	scaffold_1	2039711	2089711
Aspergillus_fumigatus_F15767	20	18	2	0	scaffold_5	3622648	3672648
Aspergillus_fumigatus_F15767	14	13	1	0	scaffold_6	908375	958375
Aspergillus_fumigatus_F15767	15	12	3	0	scaffold_1	1525253	1575253
Aspergillus_fumigatus_F15767	1	1	0	0	scaffold_1	2244518	2294518
Aspergillus_fumigatus_F15767	20	19	1	0	scaffold_2	2301488	2351488
Aspergillus_fumigatus_F15767	16	15	1	0	scaffold_6	2676651	2726651
Aspergillus_fumigatus_F15767	17	14	3	0	scaffold_2	1421434	1471434
Aspergillus_fumigatus_F15767	18	17	1	0	scaffold_6	106912	156912
Aspergillus_fumigatus_F15767	24	22	2	0	scaffold_5	3535041	3585041
Aspergillus_fumigatus_F15767	17	17	0	0	scaffold_3	1500953	1550953
Aspergillus_fumigatus_F15767	26	23	3	0	scaffold_3	1165905	1215905
Aspergillus_fumigatus_F15767	18	18	0	0	scaffold_5	1999576	2049576
Aspergillus_fumigatus_F15767	13	12	1	0	scaffold_2	3010909	3060909
Aspergillus_fumigatus_F15767	16	16	0	0	scaffold_4	955846	1005846
Aspergillus_fumigatus_F15767	15	11	4	0	scaffold_2	3350106	3400106
Aspergillus_fumigatus_F15767	0	0	0	0	scaffold_6	1159579	1209579
Aspergillus_fumigatus_F15767	13	11	2	0	scaffold_3	3324224	3374224
Aspergillus_fumigatus_F15767	11	0	11	0	scaffold_2	4384998	4434998
Aspergillus_fumigatus_F15767	19	17	2	0	scaffold_8	465437	515437
Aspergillus_fumigatus_F15767	24	21	3	0	scaffold_4	3739486	3789486
Aspergillus_fumigatus_F15767	19	18	1	0	scaffold_2	1191352	1241352
Aspergillus_fumigatus_F15767	25	18	7	0	scaffold_3	1076983	1126983
Aspergillus_fumigatus_F15767	18	18	0	0	scaffold_3	565151	615151
Aspergillus_fumigatus_F15767	17	17	0	0	scaffold_5	2001894	2051894
Aspergillus_fumigatus_F15767	16	14	2	0	scaffold_1	4018152	4068152
Aspergillus_fumigatus_F15767	22	19	3	0	scaffold_3	346491	396491
Aspergillus_fumigatus_F15767	13	13	0	0	scaffold_6	2775319	2825319
Aspergillus_fumigatus_F15767	13	13	0	0	scaffold_1	4192950	4242950
Aspergillus_fumigatus_F15767	21	20	1	0	scaffold_5	548622	598622
Aspergillus_fumigatus_F15767	23	21	2	0	scaffold_8	225811	275811
Aspergillus_fumigatus_F15767	25	24	1	0	scaffold_5	2058804	2108804
Aspergillus_fumigatus_F15767	7	2	5	0	scaffold_6	3504133	3554133
Aspergillus_fumigatus_F15767	20	18	2	0	scaffold_3	837535	887535
Aspergillus_fumigatus_F15767	21	18	3	0	scaffold_4	3416945	3466945
Aspergillus_fumigatus_F15767	24	23	1	0	scaffold_5	2062303	2112303
Aspergillus_fumigatus_F15767	16	16	0	0	scaffold_6	2041022	2091022
Aspergillus_fumigatus_F15767	18	16	2	0	scaffold_2	2896877	2946877
Aspergillus_fumigatus_F15767	18	15	3	0	scaffold_5	1834941	1884941
Aspergillus_fumigatus_F15767	20	18	2	0	scaffold_3	1543970	1593970
Aspergillus_fumigatus_F15767	18	17	1	0	scaffold_6	2506096	2556096
Aspergillus_fumigatus_F15767	17	15	2	0	scaffold_7	37779	87779
Aspergillus_fumigatus_F15767	17	16	1	0	scaffold_6	2540731	2590731
Aspergillus_fumigatus_F15767	17	16	1	0	scaffold_6	125682	175682
Aspergillus_fumigatus_F15767	21	17	4	0	scaffold_2	3149969	3199969
Aspergillus_fumigatus_F15767	19	19	0	0	scaffold_3	3484903	3534903
Aspergillus_fumigatus_F15767	19	18	1	0	scaffold_6	341747	391747
Aspergillus_fumigatus_F15767	22	18	4	0	scaffold_2	3772329	3822329
Aspergillus_fumigatus_F15767	18	18	0	0	scaffold_2	2660586	2710586
Aspergillus_fumigatus_F15767	24	19	5	0	scaffold_4	3680670	3730670
Aspergillus_fumigatus_F15767	21	19	2	0	scaffold_5	956933	1006933
Aspergillus_fumigatus_F15767	20	19	1	0	scaffold_2	851878	901878
Aspergillus_fumigatus_F15767	19	18	1	0	scaffold_2	1153817	1203817
Aspergillus_fumigatus_F15767	15	13	2	0	scaffold_2	3559200	3609200
Aspergillus_fumigatus_F15767	21	21	0	0	scaffold_1	1950078	2000078
Aspergillus_fumigatus_F15767	20	17	3	0	scaffold_3	801458	851458
Aspergillus_fumigatus_F15767	20	19	1	0	scaffold_4	893303	943303
Aspergillus_fumigatus_F15767	16	15	1	0	scaffold_5	1691505	1741505
Aspergillus_fumigatus_F15767	9	0	9	0	scaffold_7	1901364	1951364
Aspergillus_fumigatus_F15767	18	16	2	0	scaffold_3	3196933	3246933
Aspergillus_fumigatus_F15767	17	16	1	0	scaffold_1	4063991	4113991
Aspergillus_fumigatus_F15767	19	19	0	0	scaffold_4	3155561	3205561
Aspergillus_fumigatus_F15767	17	16	1	0	scaffold_5	971422	1021422
Aspergillus_fumigatus_F15767	19	17	2	0	scaffold_6	462393	512393
Aspergillus_fumigatus_F15767	17	16	1	0	scaffold_4	2664077	2714077
Aspergillus_fumigatus_F15767	22	21	1	0	scaffold_8	624831	674831
Aspergillus_fumigatus_F15767	18	16	2	0	scaffold_3	1893038	1943038
Aspergillus_fumigatus_F15767	23	22	1	0	scaffold_8	177767	227767
Aspergillus_fumigatus_F15767	15	11	4	0	scaffold_4	1697586	1747586
Aspergillus_fumigatus_F15767	8	7	1	0	scaffold_6	1177991	1227991
Aspergillus_fumigatus_F15767	19	19	0	0	scaffold_8	1032101	1082101
Aspergillus_fumigatus_F15767	17	15	2	0	scaffold_1	773449	823449
Aspergillus_fumigatus_F15767	16	15	1	0	scaffold_1	3163418	3213418
Aspergillus_fumigatus_F15767	21	19	2	0	scaffold_3	355254	405254
Aspergillus_fumigatus_F15767	21	18	3	0	scaffold_8	1148073	1198073
Aspergillus_fumigatus_F15767	12	10	2	0	scaffold_4	2223293	2273293
Aspergillus_fumigatus_F15767	24	6	18	0	scaffold_3	929549	979549
Aspergillus_fumigatus_F15767	20	18	2	0	scaffold_2	2421139	2471139
Aspergillus_fumigatus_F15767	21	21	0	0	scaffold_3	562788	612788
Aspergillus_fumigatus_F15767	19	18	1	0	scaffold_1	2382586	2432586
Aspergillus_fumigatus_F15767	19	15	4	0	scaffold_3	3773264	3823264
Aspergillus_fumigatus_F15767	19	17	2	0	scaffold_5	2773025	2823025
Aspergillus_fumigatus_F15767	21	21	0	0	scaffold_5	1630378	1680378
Aspergillus_fumigatus_F15767	18	17	1	0	scaffold_4	856225	906225
Aspergillus_fumigatus_F15767	23	22	1	0	scaffold_5	1517229	1567229
Aspergillus_fumigatus_F15767	16	15	1	0	scaffold_4	1120223	1170223
Aspergillus_fumigatus_F15767	24	20	4	0	scaffold_3	504271	554271
Aspergillus_fumigatus_F15767	18	17	1	0	scaffold_8	482152	532152
Aspergillus_fumigatus_F15767	16	14	2	0	scaffold_6	1433524	1483524
Aspergillus_fumigatus_F15767	0	0	0	0	scaffold_2	1812993	1862993
Aspergillus_fumigatus_F15767	15	14	1	0	scaffold_2	905887	955887
Aspergillus_fumigatus_F15767	19	19	0	0	scaffold_3	3852598	3902598
Aspergillus_fumigatus_F15767	15	15	0	0	scaffold_6	2786103	2836103
Aspergillus_fumigatus_F15767	25	19	6	0	scaffold_3	1062596	1112596
Aspergillus_fumigatus_F15767	18	17	1	0	scaffold_5	3378704	3428704
Aspergillus_fumigatus_F15767	21	18	3	0	scaffold_2	4111142	4161142
Aspergillus_fumigatus_F15767	22	19	3	0	scaffold_5	1960007	2010007
Aspergillus_fumigatus_F15767	17	15	2	0	scaffold_6	2095677	2145677
Aspergillus_fumigatus_F15767	19	18	1	0	scaffold_3	272012	322012
Aspergillus_fumigatus_F15767	19	19	0	0	scaffold_4	2303756	2353756
Aspergillus_fumigatus_F15767	20	18	2	0	scaffold_5	1871475	1921475
Aspergillus_fumigatus_F15767	20	19	1	0	scaffold_6	1546154	1596154
Aspergillus_fumigatus_F15767	16	15	1	0	scaffold_6	2642536	2692536
Aspergillus_fumigatus_F15767	22	17	5	0	scaffold_2	3864947	3914947
Aspergillus_fumigatus_F15767	20	19	1	0	scaffold_4	2373906	2423906
Aspergillus_fumigatus_F15767	17	16	1	0	scaffold_2	2636502	2686502
Aspergillus_fumigatus_F15767	21	20	1	0	scaffold_6	230423	280423
Aspergillus_fumigatus_F15767	14	12	2	0	scaffold_1	2285714	2335714
Aspergillus_fumigatus_F15767	18	17	1	0	scaffold_5	323466	373466
Aspergillus_fumigatus_F15767	17	16	1	0	scaffold_3	2007619	2057619
Aspergillus_fumigatus_F15767	9	0	9	0	scaffold_5	2170612	2220612
Aspergillus_fumigatus_F15767	15	14	1	0	scaffold_5	3059703	3109703
Aspergillus_fumigatus_F15767	17	13	4	0	scaffold_3	2436973	2486973
Aspergillus_fumigatus_F15767	3	3	0	0	scaffold_1	2250792	2300792
Aspergillus_fumigatus_F15767	16	16	0	0	scaffold_1	1048360	1098360
Aspergillus_fumigatus_F15767	25	23	2	0	scaffold_5	3535583	3585583
Aspergillus_fumigatus_F15767	16	15	1	0	scaffold_3	3366943	3416943
Aspergillus_fumigatus_F15767	8	7	1	0	scaffold_1	2212554	2262554
Aspergillus_fumigatus_F15767	21	19	2	0	scaffold_5	574780	624780
Aspergillus_fumigatus_F15767	17	17	0	0	scaffold_3	1212629	1262629
Aspergillus_fumigatus_F15767	20	18	2	0	scaffold_4	1266590	1316590
Aspergillus_fumigatus_F15767	23	19	4	0	scaffold_4	3718039	3768039
Aspergillus_fumigatus_F15767	22	20	2	0	scaffold_8	1599923	1649923
Aspergillus_fumigatus_F15767	19	17	2	0	scaffold_2	800210	850210
Aspergillus_fumigatus_F15767	11	6	5	0	scaffold_1	37178	87178
Aspergillus_fumigatus_F15767	15	12	3	0	scaffold_2	1446809	1496809
Aspergillus_fumigatus_F15767	25	20	5	0	scaffold_8	143095	193095
Aspergillus_fumigatus_F15767	24	20	4	0	scaffold_8	110312	160312
Aspergillus_fumigatus_F15767	20	17	3	0	scaffold_2	1353814	1403814
Aspergillus_fumigatus_F15767	18	18	0	0	scaffold_5	3141549	3191549
Aspergillus_fumigatus_F15767	22	21	1	0	scaffold_6	2487470	2537470
Aspergillus_fumigatus_F15767	19	18	1	0	scaffold_3	2763374	2813374
Aspergillus_fumigatus_F15767	18	15	3	0	scaffold_2	2918034	2968034
Aspergillus_fumigatus_F15767	15	15	0	0	scaffold_4	766102	816102
Aspergillus_fumigatus_F15767	16	15	1	0	scaffold_4	1956942	2006942
Aspergillus_fumigatus_F15767	15	15	0	0	scaffold_4	3271218	3321218
Aspergillus_fumigatus_F15767	22	21	1	0	scaffold_4	1593481	1643481
Aspergillus_fumigatus_F15767	22	20	2	0	scaffold_1	904793	954793
Aspergillus_fumigatus_F15767	5	5	0	0	scaffold_3	1270159	1320159
Aspergillus_fumigatus_F15767	18	2	16	0	scaffold_5	2207930	2257930
Aspergillus_fumigatus_F15767	16	11	5	0	scaffold_1	23867	73867
Aspergillus_fumigatus_F15767	17	13	4	0	scaffold_7	1077941	1127941
Aspergillus_fumigatus_F15767	19	17	2	0	scaffold_6	453262	503262
Aspergillus_fumigatus_F15767	17	17	0	0	scaffold_1	1137685	1187685
Aspergillus_fumigatus_F15767	19	17	2	0	scaffold_1	1476262	1526262
Aspergillus_fumigatus_F15767	18	18	0	0	scaffold_5	2018095	2068095
Aspergillus_fumigatus_F15767	19	18	1	0	scaffold_1	3880189	3930189
Aspergillus_fumigatus_F15767	14	13	1	0	scaffold_4	1515744	1565744
Aspergillus_fumigatus_F15767	20	20	0	0	scaffold_1	2842207	2892207
Aspergillus_fumigatus_F15767	18	16	2	0	scaffold_8	1116992	1166992
Aspergillus_fumigatus_F15767	24	21	3	0	scaffold_3	1171133	1221133
Aspergillus_fumigatus_F15767	17	17	0	0	scaffold_2	1228858	1278858
Aspergillus_fumigatus_F15767	7	1	6	0	scaffold_1	207343	257343
Aspergillus_fumigatus_F15767	18	16	2	0	scaffold_2	377318	427318
Aspergillus_fumigatus_F15767	17	16	1	0	scaffold_4	1501462	1551462
Aspergillus_fumigatus_F15767	0	0	0	0	scaffold_5	167788	217788
Aspergillus_fumigatus_F15767	17	17	0	0	scaffold_4	1497894	1547894
Aspergillus_fumigatus_F15767	17	17	0	0	scaffold_2	954321	1004321
Aspergillus_fumigatus_F15767	18	16	2	0	scaffold_3	1894576	1944576
Aspergillus_fumigatus_F15767	18	17	1	0	scaffold_3	101977	151977
Aspergillus_fumigatus_F15767	19	18	1	0	scaffold_5	1375561	1425561
Aspergillus_fumigatus_F15767	17	16	1	0	scaffold_2	1327440	1377440
Aspergillus_fumigatus_F15767	20	18	2	0	scaffold_1	2373015	2423015
Aspergillus_fumigatus_F15767	17	16	1	0	scaffold_8	657311	707311
Aspergillus_fumigatus_F15767	18	17	1	0	scaffold_1	3399892	3449892
Aspergillus_fumigatus_F15767	23	18	5	0	scaffold_4	3372701	3422701
Aspergillus_fumigatus_F15767	20	19	1	0	scaffold_2	2606923	2656923
Aspergillus_fumigatus_F15767	20	19	1	0	scaffold_4	3243329	3293329
Aspergillus_fumigatus_F15767	22	21	1	0	scaffold_2	3741707	3791707
Aspergillus_fumigatus_F15767	19	17	2	0	scaffold_6	1561009	1611009
Aspergillus_fumigatus_F15767	18	17	1	0	scaffold_4	2086307	2136307
Aspergillus_fumigatus_F15767	21	21	0	0	scaffold_7	940124	990124
Aspergillus_fumigatus_F15767	17	16	1	0	scaffold_6	1706867	1756867
Aspergillus_fumigatus_F15767	20	18	2	0	scaffold_1	784356	834356
Aspergillus_fumigatus_F15767	16	15	1	0	scaffold_6	871813	921813
Aspergillus_fumigatus_F15767	17	16	1	0	scaffold_6	1707717	1757717
Aspergillus_fumigatus_F15767	16	15	1	0	scaffold_1	1544533	1594533
Aspergillus_fumigatus_F15767	12	11	1	0	scaffold_1	3687962	3737962
Aspergillus_fumigatus_F15767	16	15	1	0	scaffold_1	4130552	4180552
Aspergillus_fumigatus_F15767	21	17	4	0	scaffold_1	3308280	3358280
Aspergillus_fumigatus_F15767	21	19	2	0	scaffold_5	1028146	1078146
Aspergillus_fumigatus_F15767	21	21	0	0	scaffold_2	2361018	2411018
Aspergillus_fumigatus_F15767	18	0	18	0	scaffold_2	4400404	4450404
Aspergillus_fumigatus_F15767	22	21	1	0	scaffold_3	2238478	2288478
Aspergillus_fumigatus_F15767	28	23	5	0	scaffold_5	39288	89288
Aspergillus_fumigatus_F15767	21	19	2	0	scaffold_8	1651717	1701717
Aspergillus_fumigatus_F15767	16	16	0	0	scaffold_4	841359	891359
Aspergillus_fumigatus_F15767	20	18	2	0	scaffold_1	2808229	2858229
Aspergillus_fumigatus_F15767	3	2	1	0	scaffold_7	725913	775913
Aspergillus_fumigatus_F15767	13	9	4	0	scaffold_5	2963984	3013984
Aspergillus_fumigatus_F15767	22	20	2	0	scaffold_4	2567328	2617328
Aspergillus_fumigatus_F15767	23	20	3	0	scaffold_3	3597231	3647231
Aspergillus_fumigatus_F15767	17	16	1	0	scaffold_3	1510017	1560017
Aspergillus_fumigatus_F15767	15	2	13	0	scaffold_5	2195393	2245393
Aspergillus_fumigatus_F15767	0	0	0	0	scaffold_2	4335715	4385715
Aspergillus_fumigatus_F15767	17	17	0	0	scaffold_2	2375755	2425755
Aspergillus_fumigatus_F15767	22	21	1	0	scaffold_8	621217	671217
Aspergillus_fumigatus_F15767	20	20	0	0	scaffold_7	944872	994872
Aspergillus_fumigatus_F15767	16	15	1	0	scaffold_3	1384176	1434176
Aspergillus_fumigatus_F15767	19	16	3	0	scaffold_5	1179841	1229841
Aspergillus_fumigatus_F15767	20	19	1	0	scaffold_5	3384862	3434862
Aspergillus_fumigatus_F15767	17	16	1	0	scaffold_3	3913371	3963371
Aspergillus_fumigatus_F15767	13	13	0	0	scaffold_6	2706441	2756441
Aspergillus_fumigatus_F15767	23	17	6	0	scaffold_2	168972	218972
Aspergillus_fumigatus_F15767	18	16	2	0	scaffold_5	2675369	2725369
Aspergillus_fumigatus_F15767	13	13	0	0	scaffold_2	1712837	1762837
Aspergillus_fumigatus_F15767	18	17	1	0	scaffold_3	103970	153970
Aspergillus_fumigatus_F15767	17	15	2	0	scaffold_1	3531001	3581001
Aspergillus_fumigatus_F15767	22	19	3	0	scaffold_5	1959182	2009182
Aspergillus_fumigatus_F15767	19	13	6	0	scaffold_4	3332140	3382140
Aspergillus_fumigatus_F15767	18	16	1	1	scaffold_3	3455219	3505219
Aspergillus_fumigatus_F15767	21	18	3	0	scaffold_4	462493	512493
Aspergillus_fumigatus_F15767	25	25	0	0	scaffold_1	4625810	4675810
Aspergillus_fumigatus_F15767	17	13	4	0	scaffold_6	2326169	2376169
Aspergillus_fumigatus_F15767	13	12	1	0	scaffold_2	1251115	1301115
Aspergillus_fumigatus_F15767	15	14	1	0	scaffold_5	1688058	1738058
Aspergillus_fumigatus_F15767	20	14	6	0	scaffold_6	2166921	2216921
Aspergillus_fumigatus_F15767	17	16	1	0	scaffold_2	3633412	3683412
Aspergillus_fumigatus_F15767	20	17	3	0	scaffold_5	1183511	1233511
Aspergillus_fumigatus_F15767	18	15	3	0	scaffold_6	2318264	2368264
Aspergillus_fumigatus_F15767	15	15	0	0	scaffold_2	3819460	3869460
Aspergillus_fumigatus_F15767	21	19	2	0	scaffold_1	3900011	3950011
Aspergillus_fumigatus_F15767	20	20	0	0	scaffold_8	1177667	1227667
Aspergillus_fumigatus_F15767	15	13	2	0	scaffold_5	1231495	1281495
Aspergillus_fumigatus_F15767	25	20	5	0	scaffold_8	146167	196167
Aspergillus_fumigatus_F15767	16	16	0	0	scaffold_6	1041201	1091201
Aspergillus_fumigatus_F15767	24	22	2	0	scaffold_5	3544933	3594933
Aspergillus_fumigatus_F15767	7	7	0	0	scaffold_2	1836909	1886909
Aspergillus_fumigatus_F15767	24	24	0	0	scaffold_5	2616202	2666202
Aspergillus_fumigatus_F15767	20	4	16	0	scaffold_1	89932	139932
Aspergillus_fumigatus_F15767	22	21	1	0	scaffold_6	236924	286924
Aspergillus_fumigatus_F15767	13	0	13	0	scaffold_2	4268514	4318514
Aspergillus_fumigatus_F15767	19	18	1	0	scaffold_6	763834	813834
Aspergillus_fumigatus_F15767	18	17	1	0	scaffold_2	1870540	1920540
Aspergillus_fumigatus_F15767	21	20	1	0	scaffold_5	543358	593358
Aspergillus_fumigatus_F15767	20	19	1	0	scaffold_2	1899696	1949696
Aspergillus_fumigatus_F15767	17	13	4	0	scaffold_2	1657850	1707850
Aspergillus_fumigatus_F15767	3	3	0	0	scaffold_8	757081	807081
Aspergillus_fumigatus_F15767	21	21	0	0	scaffold_8	1201417	1251417
Aspergillus_fumigatus_F15767	20	17	3	0	scaffold_1	3633640	3683640
Aspergillus_fumigatus_F15767	8	1	7	0	scaffold_1	291562	341562
Aspergillus_fumigatus_F15767	22	18	4	0	scaffold_7	1525305	1575305
Aspergillus_fumigatus_F15767	21	21	0	0	scaffold_5	638405	688405
Aspergillus_fumigatus_F15767	17	15	2	0	scaffold_6	2662318	2712318
Aspergillus_fumigatus_F15767	18	17	1	0	scaffold_1	856132	906132
Aspergillus_fumigatus_F15767	16	15	1	0	scaffold_5	3287520	3337520
Aspergillus_fumigatus_F15767	13	12	1	0	scaffold_6	196676	246676
Aspergillus_fumigatus_F15767	22	20	2	0	scaffold_3	358799	408799
Aspergillus_fumigatus_F15767	23	19	4	0	scaffold_5	2476517	2526517
Aspergillus_fumigatus_F15767	17	11	6	0	scaffold_1	20539	70539
Aspergillus_fumigatus_F15767	22	19	3	0	scaffold_2	4114729	4164729
Aspergillus_fumigatus_F15767	14	14	0	0	scaffold_5	2723242	2773242
Aspergillus_fumigatus_F15767	10	8	2	0	scaffold_4	3831297	3881297
Aspergillus_fumigatus_F15767	13	11	2	0	scaffold_2	3556292	3606292
Aspergillus_fumigatus_F15767	21	19	2	0	scaffold_1	3899362	3949362
Aspergillus_fumigatus_F15767	7	5	2	0	scaffold_4	3841820	3891820
Aspergillus_fumigatus_F15767	18	16	2	0	scaffold_1	1758877	1808877
Aspergillus_fumigatus_F15767	16	15	1	0	scaffold_5	3364008	3414008
Aspergillus_fumigatus_F15767	23	18	5	0	scaffold_4	3353201	3403201
Aspergillus_fumigatus_F15767	17	16	1	0	scaffold_1	857882	907882
Aspergillus_fumigatus_F15767	19	6	13	0	scaffold_2	4192435	4242435
Aspergillus_fumigatus_F15767	17	16	1	0	scaffold_3	2606166	2656166
Aspergillus_fumigatus_F15767	19	17	2	0	scaffold_4	2436313	2486313
Aspergillus_fumigatus_F15767	17	16	1	0	scaffold_6	3383210	3433210
Aspergillus_fumigatus_F15767	17	3	14	0	scaffold_1	119742	169742
Aspergillus_fumigatus_F15767	19	18	1	0	scaffold_5	2095398	2145398
Aspergillus_fumigatus_F15767	20	20	0	0	scaffold_4	2311728	2361728
Aspergillus_fumigatus_F15767	23	19	4	0	scaffold_3	65753	115753
Aspergillus_fumigatus_F15767	20	19	1	0	scaffold_2	2259094	2309094
Aspergillus_fumigatus_F15767	22	20	2	0	scaffold_3	2297600	2347600
Aspergillus_fumigatus_F15767	15	14	1	0	scaffold_2	2749439	2799439
Aspergillus_fumigatus_F15767	20	16	4	0	scaffold_2	4145849	4195849
Aspergillus_fumigatus_F15767	0	0	0	0	scaffold_6	1149239	1199239
Aspergillus_fumigatus_F15767	22	17	5	0	scaffold_4	3384053	3434053
Aspergillus_fumigatus_F15767	19	17	2	0	scaffold_6	1562472	1612472
Aspergillus_fumigatus_F15767	17	14	3	0	scaffold_4	3468822	3518822
Aspergillus_fumigatus_F15767	2	0	2	0	scaffold_7	1703832	1753832
Aspergillus_fumigatus_F15767	19	18	1	0	scaffold_1	1385106	1435106
Aspergillus_fumigatus_F15767	17	16	1	0	scaffold_2	1235794	1285794
Aspergillus_fumigatus_F15767	19	18	1	0	scaffold_5	350774	400774
Aspergillus_fumigatus_F15767	20	19	1	0	scaffold_5	546881	596881
Aspergillus_fumigatus_F15767	15	13	2	0	scaffold_1	1424984	1474984
Aspergillus_fumigatus_F15767	20	20	0	0	scaffold_2	527056	577056
Aspergillus_fumigatus_F15767	25	23	2	0	scaffold_1	4404749	4454749
Aspergillus_fumigatus_F15767	27	25	2	0	scaffold_2	4629246	4679246
Aspergillus_fumigatus_F15767	16	15	1	0	scaffold_1	4106835	4156835
Aspergillus_fumigatus_F15767	25	23	2	0	scaffold_2	4634317	4684317
Aspergillus_fumigatus_F15767	20	2	18	0	scaffold_5	2219021	2269021
Aspergillus_fumigatus_F15767	16	16	0	0	scaffold_4	1965974	2015974
Aspergillus_fumigatus_F15767	23	22	1	0	scaffold_1	4619142	4669142
Aspergillus_fumigatus_F15767	20	19	1	0	scaffold_8	939087	989087
Aspergillus_fumigatus_F15767	18	18	0	0	scaffold_4	2176976	2226976
Aspergillus_fumigatus_F15767	21	19	2	0	scaffold_5	3526492	3576492
Aspergillus_fumigatus_F15767	20	18	2	0	scaffold_5	2771685	2821685
Aspergillus_fumigatus_F15767	14	14	0	0	scaffold_2	3520735	3570735
Aspergillus_fumigatus_F15767	12	5	7	0	scaffold_6	579198	629198
Aspergillus_fumigatus_F15767	18	16	2	0	scaffold_2	386170	436170
Aspergillus_fumigatus_F15767	18	16	2	0	scaffold_3	2563133	2613133
Aspergillus_fumigatus_F15767	20	20	0	0	scaffold_8	1051059	1101059
Aspergillus_fumigatus_F15767	17	16	1	0	scaffold_6	2617317	2667317
Aspergillus_fumigatus_F15767	19	19	0	0	scaffold_4	2123352	2173352
Aspergillus_fumigatus_F15767	16	15	1	0	scaffold_2	2885508	2935508
Aspergillus_fumigatus_F15767	22	21	1	0	scaffold_4	3523953	3573953
Aspergillus_fumigatus_F15767	22	20	2	0	scaffold_8	23728	73728
Aspergillus_fumigatus_F15767	18	16	2	0	scaffold_2	2404900	2454900
Aspergillus_fumigatus_F15767	19	17	2	0	scaffold_1	2498262	2548262
Aspergillus_fumigatus_F15767	17	16	1	0	scaffold_1	4112208	4162208
Aspergillus_fumigatus_F15767	21	20	1	0	scaffold_2	474950	524950
