STRAIN	TOTAL	CORE	ACCESSORY	SINGLETON	CHROM	START	END
Aspergillus_fumigatus_IFM_60514	15	11	4	0	scaffold_3	16239	66239
Aspergillus_fumigatus_IFM_60514	18	17	1	0	scaffold_3	3116397	3166397
Aspergillus_fumigatus_IFM_60514	16	15	1	0	scaffold_2	3627369	3677369
Aspergillus_fumigatus_IFM_60514	13	9	4	0	scaffold_3	982448	1032448
Aspergillus_fumigatus_IFM_60514	18	17	1	0	scaffold_5	3092159	3142159
Aspergillus_fumigatus_IFM_60514	21	20	1	0	scaffold_4	540031	590031
Aspergillus_fumigatus_IFM_60514	22	20	2	0	scaffold_2	168782	218782
Aspergillus_fumigatus_IFM_60514	7	6	1	0	scaffold_2	1932014	1982014
Aspergillus_fumigatus_IFM_60514	18	18	0	0	scaffold_6	3000808	3050808
Aspergillus_fumigatus_IFM_60514	20	18	2	0	scaffold_6	1924560	1974560
Aspergillus_fumigatus_IFM_60514	0	0	0	0	scaffold_8	1029738	1079738
Aspergillus_fumigatus_IFM_60514	15	14	1	0	scaffold_8	956500	1006500
Aspergillus_fumigatus_IFM_60514	17	17	0	0	scaffold_4	2239165	2289165
Aspergillus_fumigatus_IFM_60514	21	20	1	0	scaffold_2	3058161	3108161
Aspergillus_fumigatus_IFM_60514	18	17	1	0	scaffold_5	2135880	2185880
Aspergillus_fumigatus_IFM_60514	17	15	2	0	scaffold_3	1612959	1662959
Aspergillus_fumigatus_IFM_60514	23	23	0	0	scaffold_6	2900223	2950223
Aspergillus_fumigatus_IFM_60514	17	15	2	0	scaffold_2	2666421	2716421
Aspergillus_fumigatus_IFM_60514	16	16	0	0	scaffold_5	2035589	2085589
Aspergillus_fumigatus_IFM_60514	15	12	3	0	scaffold_4	3882101	3932101
Aspergillus_fumigatus_IFM_60514	18	14	4	0	scaffold_1	3202191	3252191
Aspergillus_fumigatus_IFM_60514	29	24	5	0	scaffold_6	3318881	3368881
Aspergillus_fumigatus_IFM_60514	17	16	1	0	scaffold_4	895747	945747
Aspergillus_fumigatus_IFM_60514	17	14	3	0	scaffold_1	1020572	1070572
Aspergillus_fumigatus_IFM_60514	17	16	1	0	scaffold_6	126733	176733
Aspergillus_fumigatus_IFM_60514	22	21	1	0	scaffold_7	636599	686599
Aspergillus_fumigatus_IFM_60514	17	15	2	0	scaffold_1	1381557	1431557
Aspergillus_fumigatus_IFM_60514	16	13	3	0	scaffold_1	1005140	1055140
Aspergillus_fumigatus_IFM_60514	21	19	2	0	scaffold_4	3595144	3645144
Aspergillus_fumigatus_IFM_60514	21	20	1	0	scaffold_5	589775	639775
Aspergillus_fumigatus_IFM_60514	22	19	3	0	scaffold_4	3721333	3771333
Aspergillus_fumigatus_IFM_60514	19	13	6	0	scaffold_4	3388012	3438012
Aspergillus_fumigatus_IFM_60514	21	20	1	0	scaffold_5	1403473	1453473
Aspergillus_fumigatus_IFM_60514	23	22	1	0	scaffold_2	4047789	4097789
Aspergillus_fumigatus_IFM_60514	17	14	3	0	scaffold_3	2346128	2396128
Aspergillus_fumigatus_IFM_60514	19	18	1	0	scaffold_1	4649663	4699663
Aspergillus_fumigatus_IFM_60514	20	20	0	0	scaffold_4	550799	600799
Aspergillus_fumigatus_IFM_60514	22	20	2	0	scaffold_8	1545381	1595381
Aspergillus_fumigatus_IFM_60514	18	16	2	0	scaffold_1	4572960	4622960
Aspergillus_fumigatus_IFM_60514	23	21	2	0	scaffold_3	555833	605833
Aspergillus_fumigatus_IFM_60514	12	1	11	0	scaffold_3	627770	677770
Aspergillus_fumigatus_IFM_60514	23	19	4	0	scaffold_1	3787307	3837307
Aspergillus_fumigatus_IFM_60514	17	15	2	0	scaffold_2	3692197	3742197
Aspergillus_fumigatus_IFM_60514	23	19	4	0	scaffold_6	3572963	3622963
Aspergillus_fumigatus_IFM_60514	25	19	6	0	scaffold_4	3772771	3822771
Aspergillus_fumigatus_IFM_60514	27	23	4	0	scaffold_5	60462	110462
Aspergillus_fumigatus_IFM_60514	20	20	0	0	scaffold_6	1500267	1550267
Aspergillus_fumigatus_IFM_60514	19	18	1	0	scaffold_6	812884	862884
Aspergillus_fumigatus_IFM_60514	21	19	2	0	scaffold_1	2123412	2173412
Aspergillus_fumigatus_IFM_60514	17	6	11	0	scaffold_1	4449290	4499290
Aspergillus_fumigatus_IFM_60514	22	22	0	0	scaffold_6	1206601	1256601
Aspergillus_fumigatus_IFM_60514	25	23	2	0	scaffold_5	2085267	2135267
Aspergillus_fumigatus_IFM_60514	15	14	1	0	scaffold_4	2840478	2890478
Aspergillus_fumigatus_IFM_60514	18	0	18	0	scaffold_1	4261096	4311096
Aspergillus_fumigatus_IFM_60514	14	12	2	0	scaffold_2	3959387	4009387
Aspergillus_fumigatus_IFM_60514	18	18	0	0	scaffold_1	572887	622887
Aspergillus_fumigatus_IFM_60514	22	20	2	0	scaffold_8	1545206	1595206
Aspergillus_fumigatus_IFM_60514	18	16	2	0	scaffold_2	899653	949653
Aspergillus_fumigatus_IFM_60514	20	20	0	0	scaffold_4	3267326	3317326
Aspergillus_fumigatus_IFM_60514	15	15	0	0	scaffold_4	2017365	2067365
Aspergillus_fumigatus_IFM_60514	22	19	3	0	scaffold_5	103031	153031
Aspergillus_fumigatus_IFM_60514	19	19	0	0	scaffold_7	950781	1000781
Aspergillus_fumigatus_IFM_60514	16	16	0	0	scaffold_4	1337833	1387833
Aspergillus_fumigatus_IFM_60514	19	17	2	0	scaffold_2	4332723	4382723
Aspergillus_fumigatus_IFM_60514	17	13	4	0	scaffold_1	1402600	1452600
Aspergillus_fumigatus_IFM_60514	17	14	3	0	scaffold_4	1886486	1936486
Aspergillus_fumigatus_IFM_60514	19	19	0	0	scaffold_7	1056341	1106341
Aspergillus_fumigatus_IFM_60514	27	22	5	0	scaffold_4	3858380	3908380
Aspergillus_fumigatus_IFM_60514	18	18	0	0	scaffold_6	1590707	1640707
Aspergillus_fumigatus_IFM_60514	18	17	1	0	scaffold_3	282668	332668
Aspergillus_fumigatus_IFM_60514	12	12	0	0	scaffold_2	3333755	3383755
Aspergillus_fumigatus_IFM_60514	4	4	0	0	scaffold_2	1878714	1928714
Aspergillus_fumigatus_IFM_60514	20	17	3	0	scaffold_1	3278946	3328946
Aspergillus_fumigatus_IFM_60514	15	15	0	0	scaffold_7	708247	758247
Aspergillus_fumigatus_IFM_60514	15	14	1	0	scaffold_1	1488550	1538550
Aspergillus_fumigatus_IFM_60514	18	18	0	0	scaffold_2	2903540	2953540
Aspergillus_fumigatus_IFM_60514	10	9	1	0	scaffold_3	1014859	1064859
Aspergillus_fumigatus_IFM_60514	24	22	2	0	scaffold_3	563914	613914
Aspergillus_fumigatus_IFM_60514	17	16	1	0	scaffold_4	893859	943859
Aspergillus_fumigatus_IFM_60514	20	17	3	0	scaffold_7	335858	385858
Aspergillus_fumigatus_IFM_60514	13	12	1	0	scaffold_7	1307151	1357151
Aspergillus_fumigatus_IFM_60514	19	18	1	0	scaffold_2	1811406	1861406
Aspergillus_fumigatus_IFM_60514	0	0	0	0	scaffold_6	1101217	1151217
Aspergillus_fumigatus_IFM_60514	19	17	2	0	scaffold_4	970516	1020516
Aspergillus_fumigatus_IFM_60514	9	8	1	0	scaffold_3	129660	179660
Aspergillus_fumigatus_IFM_60514	9	8	1	0	scaffold_2	4462177	4512177
Aspergillus_fumigatus_IFM_60514	20	17	3	0	scaffold_4	1527041	1577041
Aspergillus_fumigatus_IFM_60514	18	10	8	0	scaffold_8	1649436	1699436
Aspergillus_fumigatus_IFM_60514	18	17	1	0	scaffold_6	1437851	1487851
Aspergillus_fumigatus_IFM_60514	17	16	1	0	scaffold_1	3082618	3132618
Aspergillus_fumigatus_IFM_60514	23	22	1	0	scaffold_5	2572290	2622290
Aspergillus_fumigatus_IFM_60514	15	15	0	0	scaffold_1	1293757	1343757
Aspergillus_fumigatus_IFM_60514	16	16	0	0	scaffold_6	2559140	2609140
Aspergillus_fumigatus_IFM_60514	12	10	2	0	scaffold_8	813476	863476
Aspergillus_fumigatus_IFM_60514	19	19	0	0	scaffold_6	2443031	2493031
Aspergillus_fumigatus_IFM_60514	22	20	2	0	scaffold_1	986989	1036989
Aspergillus_fumigatus_IFM_60514	14	11	3	0	scaffold_1	1949593	1999593
Aspergillus_fumigatus_IFM_60514	14	13	1	0	scaffold_5	1846085	1896085
Aspergillus_fumigatus_IFM_60514	26	23	3	0	scaffold_5	664622	714622
Aspergillus_fumigatus_IFM_60514	16	13	3	0	scaffold_1	1022429	1072429
Aspergillus_fumigatus_IFM_60514	19	18	1	0	scaffold_7	682749	732749
Aspergillus_fumigatus_IFM_60514	19	18	1	0	scaffold_3	1419473	1469473
Aspergillus_fumigatus_IFM_60514	16	16	0	0	scaffold_2	836619	886619
Aspergillus_fumigatus_IFM_60514	21	19	2	0	scaffold_1	2435570	2485570
Aspergillus_fumigatus_IFM_60514	20	16	4	0	scaffold_2	474574	524574
Aspergillus_fumigatus_IFM_60514	11	11	0	0	scaffold_3	141991	191991
Aspergillus_fumigatus_IFM_60514	22	21	1	0	scaffold_2	4270015	4320015
Aspergillus_fumigatus_IFM_60514	19	19	0	0	scaffold_3	3301071	3351071
Aspergillus_fumigatus_IFM_60514	23	21	2	0	scaffold_7	227610	277610
Aspergillus_fumigatus_IFM_60514	20	19	1	0	scaffold_1	544165	594165
Aspergillus_fumigatus_IFM_60514	16	15	1	0	scaffold_5	3042299	3092299
Aspergillus_fumigatus_IFM_60514	18	18	0	0	scaffold_4	3207293	3257293
Aspergillus_fumigatus_IFM_60514	16	16	0	0	scaffold_5	1802530	1852530
Aspergillus_fumigatus_IFM_60514	16	15	1	0	scaffold_2	1400882	1450882
Aspergillus_fumigatus_IFM_60514	20	20	0	0	scaffold_4	2705506	2755506
Aspergillus_fumigatus_IFM_60514	23	18	5	0	scaffold_2	148601	198601
Aspergillus_fumigatus_IFM_60514	19	18	1	0	scaffold_4	757670	807670
Aspergillus_fumigatus_IFM_60514	17	15	2	0	scaffold_2	1707248	1757248
Aspergillus_fumigatus_IFM_60514	12	8	4	0	scaffold_5	2269753	2319753
Aspergillus_fumigatus_IFM_60514	16	15	1	0	scaffold_6	1685014	1735014
Aspergillus_fumigatus_IFM_60514	16	15	1	0	scaffold_6	914733	964733
Aspergillus_fumigatus_IFM_60514	16	16	0	0	scaffold_5	3327231	3377231
Aspergillus_fumigatus_IFM_60514	18	16	2	0	scaffold_4	1504027	1554027
Aspergillus_fumigatus_IFM_60514	24	20	4	0	scaffold_4	2617790	2667790
Aspergillus_fumigatus_IFM_60514	15	13	2	0	scaffold_1	1025588	1075588
Aspergillus_fumigatus_IFM_60514	15	15	0	0	scaffold_2	705261	755261
Aspergillus_fumigatus_IFM_60514	22	18	4	0	scaffold_3	2360085	2410085
Aspergillus_fumigatus_IFM_60514	15	12	3	0	scaffold_6	2333265	2383265
Aspergillus_fumigatus_IFM_60514	19	18	1	0	scaffold_6	1458771	1508771
Aspergillus_fumigatus_IFM_60514	17	14	3	0	scaffold_4	1885117	1935117
Aspergillus_fumigatus_IFM_60514	23	21	2	0	scaffold_2	943243	993243
Aspergillus_fumigatus_IFM_60514	21	21	0	0	scaffold_5	802620	852620
Aspergillus_fumigatus_IFM_60514	14	13	1	0	scaffold_1	3856867	3906867
Aspergillus_fumigatus_IFM_60514	19	17	2	0	scaffold_8	1113244	1163244
Aspergillus_fumigatus_IFM_60514	17	17	0	0	scaffold_2	792868	842868
Aspergillus_fumigatus_IFM_60514	20	18	2	0	scaffold_2	2175642	2225642
Aspergillus_fumigatus_IFM_60514	23	19	4	0	scaffold_7	131600	181600
Aspergillus_fumigatus_IFM_60514	19	19	0	0	scaffold_4	1161396	1211396
Aspergillus_fumigatus_IFM_60514	17	17	0	0	scaffold_2	3361427	3411427
Aspergillus_fumigatus_IFM_60514	18	16	2	0	scaffold_5	3261641	3311641
Aspergillus_fumigatus_IFM_60514	24	22	2	0	scaffold_5	1549858	1599858
Aspergillus_fumigatus_IFM_60514	19	19	0	0	scaffold_6	2446088	2496088
Aspergillus_fumigatus_IFM_60514	16	15	1	0	scaffold_4	1980349	2030349
Aspergillus_fumigatus_IFM_60514	24	22	2	0	scaffold_5	421250	471250
Aspergillus_fumigatus_IFM_60514	19	19	0	0	scaffold_4	595899	645899
Aspergillus_fumigatus_IFM_60514	18	17	1	0	scaffold_4	722600	772600
Aspergillus_fumigatus_IFM_60514	20	17	3	0	scaffold_8	1509962	1559962
Aspergillus_fumigatus_IFM_60514	21	21	0	0	scaffold_5	3502722	3552722
Aspergillus_fumigatus_IFM_60514	22	19	3	0	scaffold_3	2161028	2211028
Aspergillus_fumigatus_IFM_60514	28	24	4	0	scaffold_4	3838126	3888126
Aspergillus_fumigatus_IFM_60514	23	21	2	0	scaffold_6	238397	288397
Aspergillus_fumigatus_IFM_60514	18	18	0	0	scaffold_1	2182195	2232195
Aspergillus_fumigatus_IFM_60514	14	12	2	0	scaffold_1	1987602	2037602
Aspergillus_fumigatus_IFM_60514	24	24	0	0	scaffold_6	2454526	2504526
Aspergillus_fumigatus_IFM_60514	22	21	1	0	scaffold_3	1572873	1622873
Aspergillus_fumigatus_IFM_60514	23	20	3	0	scaffold_5	1529344	1579344
Aspergillus_fumigatus_IFM_60514	12	12	0	0	scaffold_2	3326984	3376984
Aspergillus_fumigatus_IFM_60514	14	12	2	0	scaffold_1	2756462	2806462
Aspergillus_fumigatus_IFM_60514	21	20	1	0	scaffold_6	1863986	1913986
Aspergillus_fumigatus_IFM_60514	20	20	0	0	scaffold_2	3909426	3959426
Aspergillus_fumigatus_IFM_60514	17	17	0	0	scaffold_2	1014333	1064333
Aspergillus_fumigatus_IFM_60514	16	13	3	0	scaffold_6	654424	704424
Aspergillus_fumigatus_IFM_60514	23	23	0	0	scaffold_6	2452971	2502971
Aspergillus_fumigatus_IFM_60514	24	20	4	0	scaffold_3	510176	560176
Aspergillus_fumigatus_IFM_60514	16	14	2	0	scaffold_1	3683392	3733392
Aspergillus_fumigatus_IFM_60514	17	16	1	0	scaffold_6	130235	180235
Aspergillus_fumigatus_IFM_60514	8	8	0	0	scaffold_3	3963082	4013082
Aspergillus_fumigatus_IFM_60514	16	14	2	0	scaffold_8	31663	81663
Aspergillus_fumigatus_IFM_60514	15	12	3	0	scaffold_1	1676493	1726493
Aspergillus_fumigatus_IFM_60514	16	14	2	0	scaffold_6	614957	664957
Aspergillus_fumigatus_IFM_60514	23	20	3	0	scaffold_1	3820170	3870170
Aspergillus_fumigatus_IFM_60514	19	17	2	0	scaffold_4	135947	185947
Aspergillus_fumigatus_IFM_60514	20	17	3	0	scaffold_4	1867519	1917519
Aspergillus_fumigatus_IFM_60514	18	17	1	0	scaffold_1	3607294	3657294
Aspergillus_fumigatus_IFM_60514	18	18	0	0	scaffold_7	1030073	1080073
Aspergillus_fumigatus_IFM_60514	21	19	2	0	scaffold_5	2405803	2455803
Aspergillus_fumigatus_IFM_60514	13	13	0	0	scaffold_1	766172	816172
Aspergillus_fumigatus_IFM_60514	18	17	1	0	scaffold_4	908577	958577
Aspergillus_fumigatus_IFM_60514	22	21	1	0	scaffold_4	1073240	1123240
Aspergillus_fumigatus_IFM_60514	16	16	0	0	scaffold_2	2391050	2441050
Aspergillus_fumigatus_IFM_60514	17	14	3	0	scaffold_8	1328082	1378082
Aspergillus_fumigatus_IFM_60514	22	20	2	0	scaffold_7	163853	213853
Aspergillus_fumigatus_IFM_60514	22	20	2	0	scaffold_2	2737563	2787563
Aspergillus_fumigatus_IFM_60514	19	18	1	0	scaffold_2	2148327	2198327
Aspergillus_fumigatus_IFM_60514	20	8	12	0	scaffold_5	3878	53878
Aspergillus_fumigatus_IFM_60514	19	17	2	0	scaffold_2	3937905	3987905
Aspergillus_fumigatus_IFM_60514	16	13	3	0	scaffold_4	446119	496119
Aspergillus_fumigatus_IFM_60514	18	16	2	0	scaffold_6	37	50037
Aspergillus_fumigatus_IFM_60514	18	17	1	0	scaffold_3	1697236	1747236
Aspergillus_fumigatus_IFM_60514	21	18	3	0	scaffold_2	911372	961372
Aspergillus_fumigatus_IFM_60514	18	18	0	0	scaffold_5	817888	867888
Aspergillus_fumigatus_IFM_60514	17	15	2	0	scaffold_3	596534	646534
Aspergillus_fumigatus_IFM_60514	15	14	1	0	scaffold_5	476066	526066
Aspergillus_fumigatus_IFM_60514	19	18	1	0	scaffold_5	980973	1030973
Aspergillus_fumigatus_IFM_60514	22	21	1	0	scaffold_8	286315	336315
Aspergillus_fumigatus_IFM_60514	13	12	1	0	scaffold_1	1457151	1507151
Aspergillus_fumigatus_IFM_60514	20	19	1	0	scaffold_8	1441592	1491592
Aspergillus_fumigatus_IFM_60514	17	11	6	0	scaffold_5	2280527	2330527
Aspergillus_fumigatus_IFM_60514	18	17	1	0	scaffold_5	967158	1017158
Aspergillus_fumigatus_IFM_60514	18	17	1	0	scaffold_1	3087372	3137372
Aspergillus_fumigatus_IFM_60514	15	14	1	0	scaffold_4	160200	210200
Aspergillus_fumigatus_IFM_60514	20	14	6	0	scaffold_1	4503647	4553647
Aspergillus_fumigatus_IFM_60514	23	18	5	0	scaffold_6	273863	323863
Aspergillus_fumigatus_IFM_60514	19	17	2	0	scaffold_1	4580828	4630828
Aspergillus_fumigatus_IFM_60514	17	13	4	0	scaffold_4	3530859	3580859
Aspergillus_fumigatus_IFM_60514	12	11	1	0	scaffold_1	1264324	1314324
Aspergillus_fumigatus_IFM_60514	17	16	1	0	scaffold_1	3945843	3995843
Aspergillus_fumigatus_IFM_60514	15	13	2	0	scaffold_6	2376699	2426699
Aspergillus_fumigatus_IFM_60514	15	14	1	0	scaffold_4	1596218	1646218
Aspergillus_fumigatus_IFM_60514	6	3	3	0	scaffold_7	779020	829020
Aspergillus_fumigatus_IFM_60514	23	18	5	0	scaffold_1	3801203	3851203
Aspergillus_fumigatus_IFM_60514	21	20	1	0	scaffold_1	861659	911659
Aspergillus_fumigatus_IFM_60514	18	18	0	0	scaffold_1	2182163	2232163
Aspergillus_fumigatus_IFM_60514	17	17	0	0	scaffold_5	3643615	3693615
Aspergillus_fumigatus_IFM_60514	23	19	4	0	scaffold_8	344688	394688
Aspergillus_fumigatus_IFM_60514	14	14	0	0	scaffold_6	2955347	3005347
Aspergillus_fumigatus_IFM_60514	15	13	2	0	scaffold_8	1349442	1399442
Aspergillus_fumigatus_IFM_60514	17	14	3	0	scaffold_8	1096955	1146955
Aspergillus_fumigatus_IFM_60514	16	15	1	0	scaffold_1	3936498	3986498
Aspergillus_fumigatus_IFM_60514	21	19	2	0	scaffold_6	1947312	1997312
Aspergillus_fumigatus_IFM_60514	20	18	2	0	scaffold_2	174310	224310
Aspergillus_fumigatus_IFM_60514	21	21	0	0	scaffold_2	2894189	2944189
Aspergillus_fumigatus_IFM_60514	23	19	4	0	scaffold_1	4141285	4191285
Aspergillus_fumigatus_IFM_60514	24	21	3	0	scaffold_7	1359679	1409679
Aspergillus_fumigatus_IFM_60514	20	20	0	0	scaffold_6	2448010	2498010
Aspergillus_fumigatus_IFM_60514	24	24	0	0	scaffold_6	1309911	1359911
Aspergillus_fumigatus_IFM_60514	18	17	1	0	scaffold_1	1597213	1647213
Aspergillus_fumigatus_IFM_60514	16	14	2	0	scaffold_2	2331233	2381233
Aspergillus_fumigatus_IFM_60514	18	17	1	0	scaffold_4	3181082	3231082
Aspergillus_fumigatus_IFM_60514	17	16	1	0	scaffold_1	972750	1022750
Aspergillus_fumigatus_IFM_60514	20	17	3	0	scaffold_2	3666972	3716972
Aspergillus_fumigatus_IFM_60514	23	22	1	0	scaffold_8	1551964	1601964
Aspergillus_fumigatus_IFM_60514	15	15	0	0	scaffold_1	2493107	2543107
Aspergillus_fumigatus_IFM_60514	18	18	0	0	scaffold_4	2174181	2224181
Aspergillus_fumigatus_IFM_60514	16	16	0	0	scaffold_2	720058	770058
Aspergillus_fumigatus_IFM_60514	16	16	0	0	scaffold_2	749784	799784
Aspergillus_fumigatus_IFM_60514	19	16	3	0	scaffold_4	1860303	1910303
Aspergillus_fumigatus_IFM_60514	21	20	1	0	scaffold_3	423626	473626
Aspergillus_fumigatus_IFM_60514	16	15	0	1	scaffold_3	3328484	3378484
Aspergillus_fumigatus_IFM_60514	19	18	1	0	scaffold_3	1597541	1647541
Aspergillus_fumigatus_IFM_60514	18	16	2	0	scaffold_4	2482825	2532825
Aspergillus_fumigatus_IFM_60514	15	14	1	0	scaffold_6	1376411	1426411
Aspergillus_fumigatus_IFM_60514	18	15	3	0	scaffold_5	2861726	2911726
Aspergillus_fumigatus_IFM_60514	15	15	0	0	scaffold_4	608883	658883
Aspergillus_fumigatus_IFM_60514	25	20	5	0	scaffold_5	2553196	2603196
Aspergillus_fumigatus_IFM_60514	17	15	2	0	scaffold_8	1325076	1375076
Aspergillus_fumigatus_IFM_60514	21	21	0	0	scaffold_5	631573	681573
Aspergillus_fumigatus_IFM_60514	14	12	2	0	scaffold_6	2385496	2435496
Aspergillus_fumigatus_IFM_60514	19	17	2	0	scaffold_4	975124	1025124
Aspergillus_fumigatus_IFM_60514	18	16	2	0	scaffold_2	2665137	2715137
Aspergillus_fumigatus_IFM_60514	15	14	1	0	scaffold_8	957628	1007628
Aspergillus_fumigatus_IFM_60514	15	13	2	0	scaffold_1	895200	945200
Aspergillus_fumigatus_IFM_60514	18	17	1	0	scaffold_5	2730323	2780323
Aspergillus_fumigatus_IFM_60514	16	13	3	0	scaffold_2	1149963	1199963
Aspergillus_fumigatus_IFM_60514	21	21	0	0	scaffold_3	250493	300493
Aspergillus_fumigatus_IFM_60514	20	20	0	0	scaffold_7	1235367	1285367
Aspergillus_fumigatus_IFM_60514	20	16	4	0	scaffold_5	1870823	1920823
Aspergillus_fumigatus_IFM_60514	20	20	0	0	scaffold_8	500504	550504
Aspergillus_fumigatus_IFM_60514	23	22	1	0	scaffold_6	2252698	2302698
Aspergillus_fumigatus_IFM_60514	22	17	5	0	scaffold_2	1735784	1785784
Aspergillus_fumigatus_IFM_60514	21	21	0	0	scaffold_1	1505548	1555548
Aspergillus_fumigatus_IFM_60514	18	12	6	0	scaffold_1	3446289	3496289
Aspergillus_fumigatus_IFM_60514	20	19	1	0	scaffold_2	3526326	3576326
Aspergillus_fumigatus_IFM_60514	21	18	3	0	scaffold_4	3455165	3505165
Aspergillus_fumigatus_IFM_60514	19	18	1	0	scaffold_3	1248895	1298895
Aspergillus_fumigatus_IFM_60514	11	11	0	0	scaffold_1	1767370	1817370
Aspergillus_fumigatus_IFM_60514	15	15	0	0	scaffold_1	2078284	2128284
Aspergillus_fumigatus_IFM_60514	24	23	1	0	scaffold_6	3545985	3595985
Aspergillus_fumigatus_IFM_60514	12	10	2	0	scaffold_5	376971	426971
Aspergillus_fumigatus_IFM_60514	21	20	1	0	scaffold_6	2817959	2867959
Aspergillus_fumigatus_IFM_60514	16	15	1	0	scaffold_1	1691105	1741105
Aspergillus_fumigatus_IFM_60514	20	19	1	0	scaffold_6	1838373	1888373
Aspergillus_fumigatus_IFM_60514	16	15	1	0	scaffold_5	1634514	1684514
Aspergillus_fumigatus_IFM_60514	20	14	6	0	scaffold_4	3391818	3441818
Aspergillus_fumigatus_IFM_60514	22	22	0	0	scaffold_1	3743737	3793737
Aspergillus_fumigatus_IFM_60514	22	19	3	0	scaffold_3	3810281	3860281
Aspergillus_fumigatus_IFM_60514	21	19	2	0	scaffold_5	524178	574178
Aspergillus_fumigatus_IFM_60514	21	17	4	0	scaffold_4	2584394	2634394
Aspergillus_fumigatus_IFM_60514	16	15	1	0	scaffold_1	1281886	1331886
Aspergillus_fumigatus_IFM_60514	19	18	1	0	scaffold_3	1899537	1949537
Aspergillus_fumigatus_IFM_60514	21	19	2	0	scaffold_5	3001207	3051207
Aspergillus_fumigatus_IFM_60514	21	20	1	0	scaffold_5	1323149	1373149
Aspergillus_fumigatus_IFM_60514	15	14	1	0	scaffold_6	378381	428381
Aspergillus_fumigatus_IFM_60514	18	17	1	0	scaffold_1	3602427	3652427
Aspergillus_fumigatus_IFM_60514	17	16	1	0	scaffold_2	1649273	1699273
Aspergillus_fumigatus_IFM_60514	17	13	4	0	scaffold_5	2818777	2868777
Aspergillus_fumigatus_IFM_60514	12	10	2	0	scaffold_5	299990	349990
Aspergillus_fumigatus_IFM_60514	18	17	1	0	scaffold_4	1564661	1614661
Aspergillus_fumigatus_IFM_60514	15	12	3	0	scaffold_4	452380	502380
Aspergillus_fumigatus_IFM_60514	16	15	1	0	scaffold_1	927080	977080
Aspergillus_fumigatus_IFM_60514	23	22	1	0	scaffold_1	4706468	4756468
Aspergillus_fumigatus_IFM_60514	22	14	8	0	scaffold_5	2922779	2972779
Aspergillus_fumigatus_IFM_60514	16	16	0	0	scaffold_1	3094347	3144347
Aspergillus_fumigatus_IFM_60514	20	17	3	0	scaffold_1	3215234	3265234
Aspergillus_fumigatus_IFM_60514	18	17	1	0	scaffold_3	3121959	3171959
Aspergillus_fumigatus_IFM_60514	18	16	2	0	scaffold_6	1222541	1272541
Aspergillus_fumigatus_IFM_60514	27	23	4	0	scaffold_4	3824862	3874862
Aspergillus_fumigatus_IFM_60514	25	22	3	0	scaffold_5	2567310	2617310
Aspergillus_fumigatus_IFM_60514	4	4	0	0	scaffold_5	2169786	2219786
Aspergillus_fumigatus_IFM_60514	19	17	2	0	scaffold_4	1901352	1951352
Aspergillus_fumigatus_IFM_60514	18	18	0	0	scaffold_4	600723	650723
Aspergillus_fumigatus_IFM_60514	18	1	17	0	scaffold_3	657042	707042
Aspergillus_fumigatus_IFM_60514	15	15	0	0	scaffold_5	2758501	2808501
Aspergillus_fumigatus_IFM_60514	6	5	1	0	scaffold_5	2159259	2209259
Aspergillus_fumigatus_IFM_60514	20	18	2	0	scaffold_6	1944635	1994635
Aspergillus_fumigatus_IFM_60514	18	16	2	0	scaffold_4	2953672	3003672
Aspergillus_fumigatus_IFM_60514	18	11	7	0	scaffold_2	57606	107606
Aspergillus_fumigatus_IFM_60514	6	6	0	0	scaffold_5	189412	239412
Aspergillus_fumigatus_IFM_60514	18	15	3	0	scaffold_2	3675326	3725326
Aspergillus_fumigatus_IFM_60514	21	20	1	0	scaffold_6	1860671	1910671
Aspergillus_fumigatus_IFM_60514	19	19	0	0	scaffold_3	1749227	1799227
Aspergillus_fumigatus_IFM_60514	14	14	0	0	scaffold_8	1242312	1292312
Aspergillus_fumigatus_IFM_60514	18	14	3	1	scaffold_7	519381	569381
Aspergillus_fumigatus_IFM_60514	18	18	0	0	scaffold_2	1502392	1552392
Aspergillus_fumigatus_IFM_60514	24	21	3	0	scaffold_3	2241731	2291731
Aspergillus_fumigatus_IFM_60514	19	18	1	0	scaffold_6	2806235	2856235
Aspergillus_fumigatus_IFM_60514	20	18	2	0	scaffold_1	2254661	2304661
Aspergillus_fumigatus_IFM_60514	15	14	1	0	scaffold_6	921593	971593
Aspergillus_fumigatus_IFM_60514	19	16	3	0	scaffold_6	2107408	2157408
Aspergillus_fumigatus_IFM_60514	8	8	0	0	scaffold_2	4461215	4511215
Aspergillus_fumigatus_IFM_60514	18	18	0	0	scaffold_4	759514	809514
Aspergillus_fumigatus_IFM_60514	17	16	1	0	scaffold_2	3150831	3200831
Aspergillus_fumigatus_IFM_60514	22	22	0	0	scaffold_2	1570457	1620457
Aspergillus_fumigatus_IFM_60514	17	16	1	0	scaffold_2	3858359	3908359
Aspergillus_fumigatus_IFM_60514	21	16	5	0	scaffold_3	1817634	1867634
Aspergillus_fumigatus_IFM_60514	22	20	2	0	scaffold_3	2139286	2189286
Aspergillus_fumigatus_IFM_60514	21	19	2	0	scaffold_3	2186891	2236891
Aspergillus_fumigatus_IFM_60514	19	18	1	0	scaffold_2	3145407	3195407
Aspergillus_fumigatus_IFM_60514	18	17	1	0	scaffold_6	3354609	3404609
Aspergillus_fumigatus_IFM_60514	18	16	2	0	scaffold_2	3190612	3240612
Aspergillus_fumigatus_IFM_60514	17	16	1	0	scaffold_6	2621815	2671815
Aspergillus_fumigatus_IFM_60514	16	16	0	0	scaffold_3	3308202	3358202
Aspergillus_fumigatus_IFM_60514	25	23	2	0	scaffold_2	4258157	4308157
Aspergillus_fumigatus_IFM_60514	16	13	3	0	scaffold_2	1150270	1200270
Aspergillus_fumigatus_IFM_60514	20	17	3	0	scaffold_5	1886861	1936861
Aspergillus_fumigatus_IFM_60514	17	17	0	0	scaffold_8	1221811	1271811
Aspergillus_fumigatus_IFM_60514	15	14	1	0	scaffold_1	2871911	2921911
Aspergillus_fumigatus_IFM_60514	14	14	0	0	scaffold_6	2758680	2808680
Aspergillus_fumigatus_IFM_60514	15	14	1	0	scaffold_1	2886524	2936524
Aspergillus_fumigatus_IFM_60514	21	19	2	0	scaffold_3	2191450	2241450
Aspergillus_fumigatus_IFM_60514	21	21	0	0	scaffold_6	1008523	1058523
Aspergillus_fumigatus_IFM_60514	17	16	1	0	scaffold_6	1448833	1498833
Aspergillus_fumigatus_IFM_60514	11	10	1	0	scaffold_5	1298704	1348704
Aspergillus_fumigatus_IFM_60514	18	17	1	0	scaffold_1	1170166	1220166
Aspergillus_fumigatus_IFM_60514	11	11	0	0	scaffold_4	2050289	2100289
Aspergillus_fumigatus_IFM_60514	23	23	0	0	scaffold_4	1108459	1158459
Aspergillus_fumigatus_IFM_60514	14	11	3	0	scaffold_4	41589	91589
Aspergillus_fumigatus_IFM_60514	18	16	2	0	scaffold_1	1069273	1119273
Aspergillus_fumigatus_IFM_60514	19	19	0	0	scaffold_5	1085878	1135878
Aspergillus_fumigatus_IFM_60514	12	12	0	0	scaffold_6	2728891	2778891
Aspergillus_fumigatus_IFM_60514	16	12	4	0	scaffold_5	1508983	1558983
Aspergillus_fumigatus_IFM_60514	22	22	0	0	scaffold_2	342310	392310
Aspergillus_fumigatus_IFM_60514	18	15	3	0	scaffold_3	3208914	3258914
Aspergillus_fumigatus_IFM_60514	9	7	2	0	scaffold_3	1007444	1057444
Aspergillus_fumigatus_IFM_60514	22	18	4	0	scaffold_6	310309	360309
Aspergillus_fumigatus_IFM_60514	19	18	1	0	scaffold_2	531978	581978
Aspergillus_fumigatus_IFM_60514	17	15	2	0	scaffold_6	2666457	2716457
Aspergillus_fumigatus_IFM_60514	15	13	2	0	scaffold_3	1026232	1076232
Aspergillus_fumigatus_IFM_60514	9	8	1	0	scaffold_1	2050946	2100946
Aspergillus_fumigatus_IFM_60514	20	19	1	0	scaffold_1	715882	765882
Aspergillus_fumigatus_IFM_60514	9	6	3	0	scaffold_5	2264476	2314476
Aspergillus_fumigatus_IFM_60514	5	4	1	0	scaffold_5	2254999	2304999
Aspergillus_fumigatus_IFM_60514	14	14	0	0	scaffold_2	3763609	3813609
Aspergillus_fumigatus_IFM_60514	19	17	2	0	scaffold_7	494660	544660
Aspergillus_fumigatus_IFM_60514	21	17	4	0	scaffold_2	445955	495955
Aspergillus_fumigatus_IFM_60514	20	19	1	0	scaffold_5	3101645	3151645
Aspergillus_fumigatus_IFM_60514	22	22	0	0	scaffold_2	1611840	1661840
Aspergillus_fumigatus_IFM_60514	16	15	1	0	scaffold_4	303665	353665
Aspergillus_fumigatus_IFM_60514	17	15	2	0	scaffold_3	2490524	2540524
Aspergillus_fumigatus_IFM_60514	1	0	1	0	scaffold_5	2238466	2288466
Aspergillus_fumigatus_IFM_60514	17	15	2	0	scaffold_1	1586576	1636576
Aspergillus_fumigatus_IFM_60514	18	17	1	0	scaffold_4	3063013	3113013
Aspergillus_fumigatus_IFM_60514	18	18	0	0	scaffold_5	3635534	3685534
Aspergillus_fumigatus_IFM_60514	19	18	1	0	scaffold_4	2327386	2377386
Aspergillus_fumigatus_IFM_60514	23	21	2	0	scaffold_2	2100144	2150144
Aspergillus_fumigatus_IFM_60514	20	18	2	0	scaffold_4	3575135	3625135
Aspergillus_fumigatus_IFM_60514	19	17	2	0	scaffold_1	797161	847161
Aspergillus_fumigatus_IFM_60514	16	15	1	0	scaffold_4	960961	1010961
Aspergillus_fumigatus_IFM_60514	11	10	1	0	scaffold_8	750118	800118
Aspergillus_fumigatus_IFM_60514	19	14	5	0	scaffold_2	4402039	4452039
Aspergillus_fumigatus_IFM_60514	22	22	0	0	scaffold_2	2069197	2119197
Aspergillus_fumigatus_IFM_60514	24	17	7	0	scaffold_8	1144810	1194810
Aspergillus_fumigatus_IFM_60514	16	14	2	0	scaffold_2	1948809	1998809
Aspergillus_fumigatus_IFM_60514	20	20	0	0	scaffold_2	1775268	1825268
Aspergillus_fumigatus_IFM_60514	17	17	0	0	scaffold_1	2610740	2660740
Aspergillus_fumigatus_IFM_60514	14	14	0	0	scaffold_4	879267	929267
Aspergillus_fumigatus_IFM_60514	17	15	2	0	scaffold_2	3650590	3700590
Aspergillus_fumigatus_IFM_60514	10	9	1	0	scaffold_5	1235358	1285358
Aspergillus_fumigatus_IFM_60514	20	19	1	0	scaffold_6	957980	1007980
Aspergillus_fumigatus_IFM_60514	14	13	1	0	scaffold_2	407398	457398
Aspergillus_fumigatus_IFM_60514	19	19	0	0	scaffold_4	333515	383515
Aspergillus_fumigatus_IFM_60514	18	18	0	0	scaffold_2	776581	826581
Aspergillus_fumigatus_IFM_60514	20	20	0	0	scaffold_2	681186	731186
Aspergillus_fumigatus_IFM_60514	12	12	0	0	scaffold_6	2516746	2566746
Aspergillus_fumigatus_IFM_60514	22	21	1	0	scaffold_7	1641553	1691553
Aspergillus_fumigatus_IFM_60514	22	18	4	0	scaffold_1	4151277	4201277
Aspergillus_fumigatus_IFM_60514	21	18	3	0	scaffold_7	57042	107042
Aspergillus_fumigatus_IFM_60514	21	17	4	0	scaffold_5	2521123	2571123
Aspergillus_fumigatus_IFM_60514	21	19	2	0	scaffold_7	1578481	1628481
Aspergillus_fumigatus_IFM_60514	22	20	2	0	scaffold_3	2011886	2061886
Aspergillus_fumigatus_IFM_60514	19	14	5	0	scaffold_2	4401631	4451631
Aspergillus_fumigatus_IFM_60514	18	17	1	0	scaffold_8	843353	893353
Aspergillus_fumigatus_IFM_60514	15	13	2	0	scaffold_2	596136	646136
Aspergillus_fumigatus_IFM_60514	12	11	1	0	scaffold_1	1455689	1505689
Aspergillus_fumigatus_IFM_60514	23	21	2	0	scaffold_6	28294	78294
Aspergillus_fumigatus_IFM_60514	20	19	1	0	scaffold_3	1594098	1644098
Aspergillus_fumigatus_IFM_60514	22	20	2	0	scaffold_5	540512	590512
Aspergillus_fumigatus_IFM_60514	20	18	2	0	scaffold_7	591237	641237
Aspergillus_fumigatus_IFM_60514	24	24	0	0	scaffold_1	3750321	3800321
Aspergillus_fumigatus_IFM_60514	25	24	1	0	scaffold_6	2276390	2326390
Aspergillus_fumigatus_IFM_60514	26	21	5	0	scaffold_6	494247	544247
Aspergillus_fumigatus_IFM_60514	21	21	0	0	scaffold_1	4735122	4785122
Aspergillus_fumigatus_IFM_60514	13	13	0	0	scaffold_4	2258198	2308198
Aspergillus_fumigatus_IFM_60514	16	14	2	0	scaffold_5	3291512	3341512
Aspergillus_fumigatus_IFM_60514	11	10	1	0	scaffold_1	2857567	2907567
Aspergillus_fumigatus_IFM_60514	15	14	1	0	scaffold_1	1974565	2024565
Aspergillus_fumigatus_IFM_60514	5	4	1	0	scaffold_5	2164436	2214436
Aspergillus_fumigatus_IFM_60514	19	19	0	0	scaffold_4	3231601	3281601
Aspergillus_fumigatus_IFM_60514	22	20	2	0	scaffold_1	982551	1032551
Aspergillus_fumigatus_IFM_60514	22	19	3	0	scaffold_4	1734114	1784114
Aspergillus_fumigatus_IFM_60514	17	13	4	0	scaffold_5	228824	278824
Aspergillus_fumigatus_IFM_60514	23	20	3	0	scaffold_7	1353870	1403870
Aspergillus_fumigatus_IFM_60514	24	21	3	0	scaffold_2	2122487	2172487
Aspergillus_fumigatus_IFM_60514	0	0	0	0	scaffold_4	1288133	1338133
Aspergillus_fumigatus_IFM_60514	14	12	2	0	scaffold_2	3605998	3655998
Aspergillus_fumigatus_IFM_60514	11	8	3	0	scaffold_1	2026291	2076291
Aspergillus_fumigatus_IFM_60514	18	16	2	0	scaffold_4	1506343	1556343
Aspergillus_fumigatus_IFM_60514	22	21	1	0	scaffold_6	1639876	1689876
Aspergillus_fumigatus_IFM_60514	18	17	1	0	scaffold_4	718061	768061
Aspergillus_fumigatus_IFM_60514	18	17	1	0	scaffold_1	1328305	1378305
Aspergillus_fumigatus_IFM_60514	17	13	4	0	scaffold_1	4099254	4149254
Aspergillus_fumigatus_IFM_60514	20	17	3	0	scaffold_6	1980978	2030978
Aspergillus_fumigatus_IFM_60514	0	0	0	0	scaffold_5	2208735	2258735
Aspergillus_fumigatus_IFM_60514	17	17	0	0	scaffold_6	1288632	1338632
Aspergillus_fumigatus_IFM_60514	20	15	5	0	scaffold_3	757152	807152
Aspergillus_fumigatus_IFM_60514	15	11	4	0	scaffold_6	633330	683330
Aspergillus_fumigatus_IFM_60514	14	14	0	0	scaffold_6	2585533	2635533
Aspergillus_fumigatus_IFM_60514	18	16	1	1	scaffold_3	3335589	3385589
Aspergillus_fumigatus_IFM_60514	19	17	2	0	scaffold_6	1996927	2046927
Aspergillus_fumigatus_IFM_60514	22	18	4	0	scaffold_7	416076	466076
Aspergillus_fumigatus_IFM_60514	22	21	1	0	scaffold_5	902392	952392
Aspergillus_fumigatus_IFM_60514	18	17	1	0	scaffold_5	3074345	3124345
Aspergillus_fumigatus_IFM_60514	21	21	0	0	scaffold_2	1547421	1597421
Aspergillus_fumigatus_IFM_60514	17	17	0	0	scaffold_1	2529213	2579213
Aspergillus_fumigatus_IFM_60514	19	19	0	0	scaffold_3	224756	274756
Aspergillus_fumigatus_IFM_60514	15	13	2	0	scaffold_8	1876	51876
Aspergillus_fumigatus_IFM_60514	13	13	0	0	scaffold_1	2072596	2122596
Aspergillus_fumigatus_IFM_60514	17	15	2	0	scaffold_2	3184993	3234993
Aspergillus_fumigatus_IFM_60514	23	18	5	0	scaffold_3	518430	568430
Aspergillus_fumigatus_IFM_60514	21	19	2	0	scaffold_1	2553379	2603379
Aspergillus_fumigatus_IFM_60514	15	13	2	0	scaffold_1	1984169	2034169
Aspergillus_fumigatus_IFM_60514	21	20	1	0	scaffold_5	3113755	3163755
Aspergillus_fumigatus_IFM_60514	18	16	2	0	scaffold_8	227943	277943
Aspergillus_fumigatus_IFM_60514	18	17	1	0	scaffold_3	2922304	2972304
Aspergillus_fumigatus_IFM_60514	25	22	3	0	scaffold_8	1575659	1625659
Aspergillus_fumigatus_IFM_60514	20	18	2	0	scaffold_1	2938858	2988858
Aspergillus_fumigatus_IFM_60514	26	21	5	0	scaffold_5	48621	98621
Aspergillus_fumigatus_IFM_60514	16	15	1	0	scaffold_1	924886	974886
Aspergillus_fumigatus_IFM_60514	11	10	1	0	scaffold_8	750941	800941
Aspergillus_fumigatus_IFM_60514	20	19	1	0	scaffold_1	1351036	1401036
Aspergillus_fumigatus_IFM_60514	20	17	3	0	scaffold_2	3267559	3317559
Aspergillus_fumigatus_IFM_60514	25	23	2	0	scaffold_6	3410813	3460813
Aspergillus_fumigatus_IFM_60514	19	17	2	0	scaffold_2	158689	208689
Aspergillus_fumigatus_IFM_60514	18	18	0	0	scaffold_6	3168705	3218705
Aspergillus_fumigatus_IFM_60514	24	19	5	0	scaffold_5	2296883	2346883
Aspergillus_fumigatus_IFM_60514	16	14	2	0	scaffold_5	2338924	2388924
Aspergillus_fumigatus_IFM_60514	18	16	2	0	scaffold_1	809656	859656
Aspergillus_fumigatus_IFM_60514	20	20	0	0	scaffold_7	1214709	1264709
Aspergillus_fumigatus_IFM_60514	18	17	1	0	scaffold_3	1726852	1776852
Aspergillus_fumigatus_IFM_60514	16	16	0	0	scaffold_1	685899	735899
Aspergillus_fumigatus_IFM_60514	14	13	1	0	scaffold_3	2882844	2932844
Aspergillus_fumigatus_IFM_60514	23	23	0	0	scaffold_6	1735453	1785453
Aspergillus_fumigatus_IFM_60514	18	17	1	0	scaffold_4	1648492	1698492
Aspergillus_fumigatus_IFM_60514	9	7	2	0	scaffold_6	416679	466679
Aspergillus_fumigatus_IFM_60514	19	17	2	0	scaffold_4	2545508	2595508
Aspergillus_fumigatus_IFM_60514	22	21	1	0	scaffold_8	879202	929202
Aspergillus_fumigatus_IFM_60514	12	11	1	0	scaffold_6	2406386	2456386
Aspergillus_fumigatus_IFM_60514	18	17	1	0	scaffold_4	898430	948430
Aspergillus_fumigatus_IFM_60514	17	16	1	0	scaffold_2	383771	433771
Aspergillus_fumigatus_IFM_60514	19	17	2	0	scaffold_1	2984636	3034636
Aspergillus_fumigatus_IFM_60514	17	16	1	0	scaffold_5	2484610	2534610
Aspergillus_fumigatus_IFM_60514	18	11	7	0	scaffold_8	1646992	1696992
Aspergillus_fumigatus_IFM_60514	16	15	1	0	scaffold_3	3141858	3191858
Aspergillus_fumigatus_IFM_60514	15	14	1	0	scaffold_6	2037066	2087066
Aspergillus_fumigatus_IFM_60514	25	19	6	0	scaffold_1	3904612	3954612
Aspergillus_fumigatus_IFM_60514	26	21	5	0	scaffold_4	217729	267729
Aspergillus_fumigatus_IFM_60514	19	18	1	0	scaffold_5	941557	991557
Aspergillus_fumigatus_IFM_60514	18	17	1	0	scaffold_2	847010	897010
Aspergillus_fumigatus_IFM_60514	24	21	3	0	scaffold_2	2110741	2160741
Aspergillus_fumigatus_IFM_60514	22	22	0	0	scaffold_6	1772834	1822834
Aspergillus_fumigatus_IFM_60514	18	12	6	0	scaffold_3	785070	835070
Aspergillus_fumigatus_IFM_60514	17	0	17	0	scaffold_1	4342128	4392128
Aspergillus_fumigatus_IFM_60514	23	18	5	0	scaffold_4	2651478	2701478
Aspergillus_fumigatus_IFM_60514	15	12	3	0	scaffold_6	650239	700239
Aspergillus_fumigatus_IFM_60514	10	9	1	0	scaffold_8	801150	851150
Aspergillus_fumigatus_IFM_60514	18	18	0	0	scaffold_1	2391857	2441857
Aspergillus_fumigatus_IFM_60514	25	0	25	0	scaffold_1	4401564	4451564
Aspergillus_fumigatus_IFM_60514	23	18	5	0	scaffold_8	1126490	1176490
Aspergillus_fumigatus_IFM_60514	15	15	0	0	scaffold_1	936037	986037
Aspergillus_fumigatus_IFM_60514	18	17	1	0	scaffold_5	2709127	2759127
