STRAIN	TOTAL	CORE	ACCESSORY	SINGLETON	CHROM	START	END
Aspergillus_fumigatus_AF100-10B	20	20	0	0	scaffold_5	2878854	2928854
Aspergillus_fumigatus_AF100-10B	23	18	5	0	scaffold_5	1602963	1652963
Aspergillus_fumigatus_AF100-10B	19	18	1	0	scaffold_8	976478	1026478
Aspergillus_fumigatus_AF100-10B	9	9	0	0	scaffold_6	1074277	1124277
Aspergillus_fumigatus_AF100-10B	26	24	2	0	scaffold_4	69476	119476
Aspergillus_fumigatus_AF100-10B	9	6	3	0	scaffold_1	2035499	2085499
Aspergillus_fumigatus_AF100-10B	22	21	1	0	scaffold_1	3018392	3068392
Aspergillus_fumigatus_AF100-10B	20	20	0	0	scaffold_1	2654546	2704546
Aspergillus_fumigatus_AF100-10B	13	9	4	0	scaffold_3	1737216	1787216
Aspergillus_fumigatus_AF100-10B	20	20	0	0	scaffold_1	2372058	2422058
Aspergillus_fumigatus_AF100-10B	20	18	2	0	scaffold_3	2185212	2235212
Aspergillus_fumigatus_AF100-10B	19	17	2	0	scaffold_3	860297	910297
Aspergillus_fumigatus_AF100-10B	17	15	2	0	scaffold_6	1487364	1537364
Aspergillus_fumigatus_AF100-10B	15	13	2	0	scaffold_1	3732839	3782839
Aspergillus_fumigatus_AF100-10B	19	18	1	0	scaffold_1	33698	83698
Aspergillus_fumigatus_AF100-10B	22	21	1	0	scaffold_7	1678039	1728039
Aspergillus_fumigatus_AF100-10B	16	14	2	0	scaffold_5	3317310	3367310
Aspergillus_fumigatus_AF100-10B	21	20	1	0	scaffold_1	3353728	3403728
Aspergillus_fumigatus_AF100-10B	22	22	0	0	scaffold_2	1766657	1816657
Aspergillus_fumigatus_AF100-10B	13	13	0	0	scaffold_1	1724475	1774475
Aspergillus_fumigatus_AF100-10B	16	16	0	0	scaffold_3	3025849	3075849
Aspergillus_fumigatus_AF100-10B	18	18	0	0	scaffold_5	3250686	3300686
Aspergillus_fumigatus_AF100-10B	26	22	4	0	scaffold_5	3605487	3655487
Aspergillus_fumigatus_AF100-10B	18	14	4	0	scaffold_1	4141718	4191718
Aspergillus_fumigatus_AF100-10B	19	19	0	0	scaffold_5	2833660	2883660
Aspergillus_fumigatus_AF100-10B	18	17	1	0	scaffold_2	3132318	3182318
Aspergillus_fumigatus_AF100-10B	21	19	2	0	scaffold_3	2337444	2387444
Aspergillus_fumigatus_AF100-10B	18	16	2	0	scaffold_5	2413137	2463137
Aspergillus_fumigatus_AF100-10B	14	14	0	0	scaffold_1	2546626	2596626
Aspergillus_fumigatus_AF100-10B	25	19	6	0	scaffold_5	2503834	2553834
Aspergillus_fumigatus_AF100-10B	12	11	1	0	scaffold_2	2542210	2592210
Aspergillus_fumigatus_AF100-10B	16	15	1	0	scaffold_3	2046113	2096113
Aspergillus_fumigatus_AF100-10B	20	16	4	0	scaffold_4	2543972	2593972
Aspergillus_fumigatus_AF100-10B	20	18	2	0	scaffold_3	1140143	1190143
Aspergillus_fumigatus_AF100-10B	21	16	5	0	scaffold_8	1558144	1608144
Aspergillus_fumigatus_AF100-10B	17	15	2	0	scaffold_4	1609716	1659716
Aspergillus_fumigatus_AF100-10B	21	19	2	0	scaffold_1	2862418	2912418
Aspergillus_fumigatus_AF100-10B	19	17	2	0	scaffold_2	3170152	3220152
Aspergillus_fumigatus_AF100-10B	18	18	0	0	scaffold_5	3063646	3113646
Aspergillus_fumigatus_AF100-10B	19	17	2	0	scaffold_2	1800309	1850309
Aspergillus_fumigatus_AF100-10B	21	14	7	0	scaffold_4	3006553	3056553
Aspergillus_fumigatus_AF100-10B	13	12	1	0	scaffold_3	1322064	1372064
Aspergillus_fumigatus_AF100-10B	15	15	0	0	scaffold_2	1341689	1391689
Aspergillus_fumigatus_AF100-10B	20	19	1	0	scaffold_3	1880234	1930234
Aspergillus_fumigatus_AF100-10B	5	4	1	0	scaffold_2	4508806	4558806
Aspergillus_fumigatus_AF100-10B	21	19	2	0	scaffold_7	1176777	1226777
Aspergillus_fumigatus_AF100-10B	22	21	1	0	scaffold_3	1672298	1722298
Aspergillus_fumigatus_AF100-10B	12	10	2	0	scaffold_4	1480681	1530681
Aspergillus_fumigatus_AF100-10B	19	19	0	0	scaffold_5	1771967	1821967
Aspergillus_fumigatus_AF100-10B	21	20	1	0	scaffold_3	3906184	3956184
Aspergillus_fumigatus_AF100-10B	19	16	3	0	scaffold_4	3130692	3180692
Aspergillus_fumigatus_AF100-10B	19	19	0	0	scaffold_5	3229762	3279762
Aspergillus_fumigatus_AF100-10B	6	6	0	0	scaffold_6	1082685	1132685
Aspergillus_fumigatus_AF100-10B	16	15	1	0	scaffold_5	1684415	1734415
Aspergillus_fumigatus_AF100-10B	13	12	1	0	scaffold_4	2204715	2254715
Aspergillus_fumigatus_AF100-10B	19	17	2	0	scaffold_1	3969701	4019701
Aspergillus_fumigatus_AF100-10B	16	14	2	0	scaffold_4	994180	1044180
Aspergillus_fumigatus_AF100-10B	23	23	0	0	scaffold_4	873442	923442
Aspergillus_fumigatus_AF100-10B	16	16	0	0	scaffold_3	1235825	1285825
Aspergillus_fumigatus_AF100-10B	20	19	1	0	scaffold_1	3106202	3156202
Aspergillus_fumigatus_AF100-10B	16	14	2	0	scaffold_1	4044867	4094867
Aspergillus_fumigatus_AF100-10B	8	8	0	0	scaffold_2	3369414	3419414
Aspergillus_fumigatus_AF100-10B	14	13	0	1	scaffold_4	1307075	1357075
Aspergillus_fumigatus_AF100-10B	22	20	2	0	scaffold_3	630874	680874
Aspergillus_fumigatus_AF100-10B	22	19	3	0	scaffold_3	3530929	3580929
Aspergillus_fumigatus_AF100-10B	19	18	1	0	scaffold_2	1603022	1653022
Aspergillus_fumigatus_AF100-10B	21	18	3	0	scaffold_7	821710	871710
Aspergillus_fumigatus_AF100-10B	29	24	5	0	scaffold_1	4662065	4712065
Aspergillus_fumigatus_AF100-10B	23	21	2	0	scaffold_8	1215316	1265316
Aspergillus_fumigatus_AF100-10B	16	15	1	0	scaffold_2	3726557	3776557
Aspergillus_fumigatus_AF100-10B	14	14	0	0	scaffold_1	2761481	2811481
Aspergillus_fumigatus_AF100-10B	15	13	2	0	scaffold_2	3635692	3685692
Aspergillus_fumigatus_AF100-10B	23	19	4	0	scaffold_3	1148927	1198927
Aspergillus_fumigatus_AF100-10B	16	16	0	0	scaffold_7	678253	728253
Aspergillus_fumigatus_AF100-10B	16	16	0	0	scaffold_5	569799	619799
Aspergillus_fumigatus_AF100-10B	16	15	1	0	scaffold_1	1896300	1946300
Aspergillus_fumigatus_AF100-10B	21	20	0	1	scaffold_4	3580157	3630157
Aspergillus_fumigatus_AF100-10B	13	1	12	0	scaffold_3	24763	74763
Aspergillus_fumigatus_AF100-10B	9	9	0	0	scaffold_6	2115727	2165727
Aspergillus_fumigatus_AF100-10B	17	17	0	0	scaffold_3	268079	318079
Aspergillus_fumigatus_AF100-10B	18	16	2	0	scaffold_5	2339820	2389820
Aspergillus_fumigatus_AF100-10B	21	18	3	0	scaffold_1	4184495	4234495
Aspergillus_fumigatus_AF100-10B	24	22	2	0	scaffold_1	4727347	4777347
Aspergillus_fumigatus_AF100-10B	18	17	1	0	scaffold_7	838713	888713
Aspergillus_fumigatus_AF100-10B	21	18	3	0	scaffold_1	57096	107096
Aspergillus_fumigatus_AF100-10B	18	17	1	0	scaffold_3	1791871	1841871
Aspergillus_fumigatus_AF100-10B	17	16	1	0	scaffold_8	168609	218609
Aspergillus_fumigatus_AF100-10B	17	0	17	0	scaffold_1	4302456	4352456
Aspergillus_fumigatus_AF100-10B	1	1	0	0	scaffold_1	1822667	1872667
Aspergillus_fumigatus_AF100-10B	0	0	0	0	scaffold_6	1122674	1172674
Aspergillus_fumigatus_AF100-10B	21	20	1	0	scaffold_8	1483534	1533534
Aspergillus_fumigatus_AF100-10B	21	17	4	0	scaffold_2	104646	154646
Aspergillus_fumigatus_AF100-10B	15	14	1	0	scaffold_4	1727219	1777219
Aspergillus_fumigatus_AF100-10B	21	18	3	0	scaffold_8	188322	238322
Aspergillus_fumigatus_AF100-10B	22	21	1	0	scaffold_7	1106144	1156144
Aspergillus_fumigatus_AF100-10B	15	15	0	0	scaffold_2	1334369	1384369
Aspergillus_fumigatus_AF100-10B	21	20	1	0	scaffold_4	1052986	1102986
Aspergillus_fumigatus_AF100-10B	15	15	0	0	scaffold_1	954291	1004291
Aspergillus_fumigatus_AF100-10B	21	19	2	0	scaffold_2	2279459	2329459
Aspergillus_fumigatus_AF100-10B	20	19	1	0	scaffold_6	234572	284572
Aspergillus_fumigatus_AF100-10B	14	11	3	0	scaffold_6	409545	459545
Aspergillus_fumigatus_AF100-10B	19	18	1	0	scaffold_5	1701703	1751703
Aspergillus_fumigatus_AF100-10B	19	15	4	0	scaffold_2	595556	645556
Aspergillus_fumigatus_AF100-10B	13	13	0	0	scaffold_5	1893645	1943645
Aspergillus_fumigatus_AF100-10B	19	18	1	0	scaffold_4	553701	603701
Aspergillus_fumigatus_AF100-10B	17	15	2	0	scaffold_2	4449172	4499172
Aspergillus_fumigatus_AF100-10B	19	19	0	0	scaffold_1	2639627	2689627
Aspergillus_fumigatus_AF100-10B	19	18	1	0	scaffold_3	2815925	2865925
Aspergillus_fumigatus_AF100-10B	21	21	0	0	scaffold_8	63721	113721
Aspergillus_fumigatus_AF100-10B	16	14	2	0	scaffold_6	1275454	1325454
Aspergillus_fumigatus_AF100-10B	16	16	0	0	scaffold_2	3855036	3905036
Aspergillus_fumigatus_AF100-10B	17	16	1	0	scaffold_6	525555	575555
Aspergillus_fumigatus_AF100-10B	21	21	0	0	scaffold_7	1217913	1267913
Aspergillus_fumigatus_AF100-10B	19	17	2	0	scaffold_2	1276382	1326382
Aspergillus_fumigatus_AF100-10B	5	5	0	0	scaffold_4	1268658	1318658
Aspergillus_fumigatus_AF100-10B	20	18	2	0	scaffold_3	358811	408811
Aspergillus_fumigatus_AF100-10B	17	17	0	0	scaffold_1	1330752	1380752
Aspergillus_fumigatus_AF100-10B	21	12	9	0	scaffold_4	11814	61814
Aspergillus_fumigatus_AF100-10B	23	20	3	0	scaffold_6	131824	181824
Aspergillus_fumigatus_AF100-10B	20	20	0	0	scaffold_6	2928879	2978879
Aspergillus_fumigatus_AF100-10B	20	19	1	0	scaffold_6	936905	986905
Aspergillus_fumigatus_AF100-10B	15	14	1	0	scaffold_1	2935725	2985725
Aspergillus_fumigatus_AF100-10B	19	18	1	0	scaffold_3	1906966	1956966
Aspergillus_fumigatus_AF100-10B	19	17	2	0	scaffold_1	2330952	2380952
Aspergillus_fumigatus_AF100-10B	23	21	2	0	scaffold_3	2357174	2407174
Aspergillus_fumigatus_AF100-10B	19	17	2	0	scaffold_4	2892926	2942926
Aspergillus_fumigatus_AF100-10B	19	19	0	0	scaffold_1	2416850	2466850
Aspergillus_fumigatus_AF100-10B	20	20	0	0	scaffold_3	2144007	2194007
Aspergillus_fumigatus_AF100-10B	15	13	2	0	scaffold_2	566463	616463
Aspergillus_fumigatus_AF100-10B	18	15	3	0	scaffold_4	1184002	1234002
Aspergillus_fumigatus_AF100-10B	21	19	2	0	scaffold_5	1215935	1265935
Aspergillus_fumigatus_AF100-10B	24	24	0	0	scaffold_6	1342888	1392888
Aspergillus_fumigatus_AF100-10B	23	21	2	0	scaffold_6	651593	701593
Aspergillus_fumigatus_AF100-10B	14	13	1	0	scaffold_3	2437857	2487857
Aspergillus_fumigatus_AF100-10B	23	22	1	0	scaffold_5	285192	335192
Aspergillus_fumigatus_AF100-10B	19	17	2	0	scaffold_4	3487689	3537689
Aspergillus_fumigatus_AF100-10B	13	11	2	0	scaffold_1	1561078	1611078
Aspergillus_fumigatus_AF100-10B	20	16	4	0	scaffold_4	695425	745425
Aspergillus_fumigatus_AF100-10B	16	15	1	0	scaffold_1	1291159	1341159
Aspergillus_fumigatus_AF100-10B	11	9	2	0	scaffold_4	1226695	1276695
Aspergillus_fumigatus_AF100-10B	23	23	0	0	scaffold_4	2688271	2738271
Aspergillus_fumigatus_AF100-10B	19	18	1	0	scaffold_2	3536573	3586573
Aspergillus_fumigatus_AF100-10B	21	20	1	0	scaffold_2	824561	874561
Aspergillus_fumigatus_AF100-10B	16	15	1	0	scaffold_1	3698586	3748586
Aspergillus_fumigatus_AF100-10B	19	17	2	0	scaffold_6	1968845	2018845
Aspergillus_fumigatus_AF100-10B	20	20	0	0	scaffold_5	1957739	2007739
Aspergillus_fumigatus_AF100-10B	25	20	5	0	scaffold_2	89572	139572
Aspergillus_fumigatus_AF100-10B	17	14	3	0	scaffold_6	377879	427879
Aspergillus_fumigatus_AF100-10B	14	14	0	0	scaffold_6	1059805	1109805
Aspergillus_fumigatus_AF100-10B	22	21	1	0	scaffold_4	2123938	2173938
Aspergillus_fumigatus_AF100-10B	17	15	2	0	scaffold_3	3265564	3315564
Aspergillus_fumigatus_AF100-10B	17	15	2	0	scaffold_2	4473504	4523504
Aspergillus_fumigatus_AF100-10B	22	22	0	0	scaffold_6	2277181	2327181
Aspergillus_fumigatus_AF100-10B	25	23	2	0	scaffold_4	2086169	2136169
Aspergillus_fumigatus_AF100-10B	19	19	0	0	scaffold_2	1743249	1793249
Aspergillus_fumigatus_AF100-10B	15	14	1	0	scaffold_7	1318528	1368528
Aspergillus_fumigatus_AF100-10B	14	14	0	0	scaffold_4	2849180	2899180
Aspergillus_fumigatus_AF100-10B	20	18	2	0	scaffold_4	757948	807948
Aspergillus_fumigatus_AF100-10B	24	19	5	0	scaffold_3	2489397	2539397
Aspergillus_fumigatus_AF100-10B	16	15	1	0	scaffold_5	806985	856985
Aspergillus_fumigatus_AF100-10B	19	19	0	0	scaffold_4	3294622	3344622
Aspergillus_fumigatus_AF100-10B	22	20	2	0	scaffold_2	530178	580178
Aspergillus_fumigatus_AF100-10B	17	17	0	0	scaffold_5	554231	604231
Aspergillus_fumigatus_AF100-10B	13	13	0	0	scaffold_6	1062481	1112481
Aspergillus_fumigatus_AF100-10B	22	21	1	0	scaffold_1	478408	528408
Aspergillus_fumigatus_AF100-10B	21	20	1	0	scaffold_1	468531	518531
Aspergillus_fumigatus_AF100-10B	22	20	2	0	scaffold_3	3588421	3638421
Aspergillus_fumigatus_AF100-10B	16	15	1	0	scaffold_6	446665	496665
Aspergillus_fumigatus_AF100-10B	18	16	2	0	scaffold_2	641036	691036
Aspergillus_fumigatus_AF100-10B	15	15	0	0	scaffold_7	1288018	1338018
Aspergillus_fumigatus_AF100-10B	15	15	0	0	scaffold_1	1300448	1350448
Aspergillus_fumigatus_AF100-10B	1	1	0	0	scaffold_1	1849491	1899491
Aspergillus_fumigatus_AF100-10B	23	20	3	0	scaffold_7	110365	160365
Aspergillus_fumigatus_AF100-10B	17	17	0	0	scaffold_5	1997731	2047731
Aspergillus_fumigatus_AF100-10B	16	16	0	0	scaffold_5	1996932	2046932
Aspergillus_fumigatus_AF100-10B	18	16	2	0	scaffold_4	1919770	1969770
Aspergillus_fumigatus_AF100-10B	21	20	1	0	scaffold_4	3213385	3263385
Aspergillus_fumigatus_AF100-10B	16	13	3	0	scaffold_4	653165	703165
Aspergillus_fumigatus_AF100-10B	21	19	2	0	scaffold_2	2713881	2763881
Aspergillus_fumigatus_AF100-10B	19	18	1	0	scaffold_6	772535	822535
Aspergillus_fumigatus_AF100-10B	18	18	0	0	scaffold_5	613656	663656
Aspergillus_fumigatus_AF100-10B	24	20	4	0	scaffold_3	603149	653149
Aspergillus_fumigatus_AF100-10B	27	26	1	0	scaffold_6	670777	720777
Aspergillus_fumigatus_AF100-10B	21	17	4	0	scaffold_7	244041	294041
Aspergillus_fumigatus_AF100-10B	17	16	1	0	scaffold_6	1503586	1553586
Aspergillus_fumigatus_AF100-10B	21	18	3	0	scaffold_1	373691	423691
Aspergillus_fumigatus_AF100-10B	16	12	4	0	scaffold_1	3418592	3468592
Aspergillus_fumigatus_AF100-10B	16	15	1	0	scaffold_1	4783420	4833420
Aspergillus_fumigatus_AF100-10B	20	17	3	0	scaffold_5	86231	136231
Aspergillus_fumigatus_AF100-10B	1	1	0	0	scaffold_5	1458022	1508022
Aspergillus_fumigatus_AF100-10B	18	17	1	0	scaffold_1	3971372	4021372
Aspergillus_fumigatus_AF100-10B	20	19	1	0	scaffold_1	2451723	2501723
Aspergillus_fumigatus_AF100-10B	21	18	3	0	scaffold_1	356888	406888
Aspergillus_fumigatus_AF100-10B	21	21	0	0	scaffold_5	941511	991511
Aspergillus_fumigatus_AF100-10B	23	21	2	0	scaffold_1	3011635	3061635
Aspergillus_fumigatus_AF100-10B	18	17	1	0	scaffold_1	1343205	1393205
Aspergillus_fumigatus_AF100-10B	22	22	0	0	scaffold_5	999182	1049182
Aspergillus_fumigatus_AF100-10B	19	16	3	0	scaffold_1	3233654	3283654
Aspergillus_fumigatus_AF100-10B	20	19	1	0	scaffold_4	2657592	2707592
Aspergillus_fumigatus_AF100-10B	20	18	2	0	scaffold_7	984170	1034170
Aspergillus_fumigatus_AF100-10B	19	16	3	0	scaffold_2	3713826	3763826
Aspergillus_fumigatus_AF100-10B	21	21	0	0	scaffold_8	533653	583653
Aspergillus_fumigatus_AF100-10B	7	7	0	0	scaffold_1	1754756	1804756
Aspergillus_fumigatus_AF100-10B	19	17	2	0	scaffold_6	2015139	2065139
Aspergillus_fumigatus_AF100-10B	22	20	2	0	scaffold_4	1998833	2048833
Aspergillus_fumigatus_AF100-10B	22	18	4	0	scaffold_3	4073641	4123641
Aspergillus_fumigatus_AF100-10B	18	17	1	0	scaffold_2	1320606	1370606
Aspergillus_fumigatus_AF100-10B	20	19	1	0	scaffold_2	3913663	3963663
Aspergillus_fumigatus_AF100-10B	18	17	1	0	scaffold_3	1114722	1164722
Aspergillus_fumigatus_AF100-10B	17	16	1	0	scaffold_8	1396509	1446509
Aspergillus_fumigatus_AF100-10B	28	27	0	1	scaffold_3	4005323	4055323
Aspergillus_fumigatus_AF100-10B	20	19	1	0	scaffold_6	1676970	1726970
Aspergillus_fumigatus_AF100-10B	19	19	0	0	scaffold_1	2221763	2271763
Aspergillus_fumigatus_AF100-10B	21	19	2	0	scaffold_1	2487434	2537434
Aspergillus_fumigatus_AF100-10B	5	4	1	0	scaffold_4	154870	204870
Aspergillus_fumigatus_AF100-10B	20	18	2	0	scaffold_4	1591290	1641290
Aspergillus_fumigatus_AF100-10B	28	24	4	0	scaffold_8	1602954	1652954
Aspergillus_fumigatus_AF100-10B	16	13	3	0	scaffold_8	410115	460115
Aspergillus_fumigatus_AF100-10B	19	19	0	0	scaffold_2	659695	709695
Aspergillus_fumigatus_AF100-10B	15	15	0	0	scaffold_7	1558932	1608932
Aspergillus_fumigatus_AF100-10B	16	14	2	0	scaffold_6	2693732	2743732
Aspergillus_fumigatus_AF100-10B	22	22	0	0	scaffold_3	1596563	1646563
Aspergillus_fumigatus_AF100-10B	23	22	1	0	scaffold_3	3902196	3952196
Aspergillus_fumigatus_AF100-10B	19	17	2	0	scaffold_6	324574	374574
Aspergillus_fumigatus_AF100-10B	15	14	1	0	scaffold_1	3880211	3930211
Aspergillus_fumigatus_AF100-10B	21	20	1	0	scaffold_4	1755877	1805877
Aspergillus_fumigatus_AF100-10B	18	17	1	0	scaffold_6	2474194	2524194
Aspergillus_fumigatus_AF100-10B	17	15	2	0	scaffold_5	1388955	1438955
Aspergillus_fumigatus_AF100-10B	22	21	1	0	scaffold_1	482734	532734
Aspergillus_fumigatus_AF100-10B	19	19	0	0	scaffold_4	805357	855357
Aspergillus_fumigatus_AF100-10B	21	21	0	0	scaffold_7	629892	679892
Aspergillus_fumigatus_AF100-10B	19	19	0	0	scaffold_2	1473631	1523631
Aspergillus_fumigatus_AF100-10B	14	13	1	0	scaffold_1	3077362	3127362
Aspergillus_fumigatus_AF100-10B	19	19	0	0	scaffold_2	661208	711208
Aspergillus_fumigatus_AF100-10B	23	20	3	0	scaffold_2	2093636	2143636
Aspergillus_fumigatus_AF100-10B	25	21	4	0	scaffold_7	1405596	1455596
Aspergillus_fumigatus_AF100-10B	16	13	3	0	scaffold_6	2425973	2475973
Aspergillus_fumigatus_AF100-10B	8	6	2	0	scaffold_2	4511534	4561534
Aspergillus_fumigatus_AF100-10B	21	20	1	0	scaffold_3	3912917	3962917
Aspergillus_fumigatus_AF100-10B	16	15	1	0	scaffold_5	1686000	1736000
Aspergillus_fumigatus_AF100-10B	22	21	1	0	scaffold_3	1673934	1723934
Aspergillus_fumigatus_AF100-10B	20	16	4	0	scaffold_6	144039	194039
Aspergillus_fumigatus_AF100-10B	4	4	0	0	scaffold_2	1851163	1901163
Aspergillus_fumigatus_AF100-10B	6	6	0	0	scaffold_5	1521039	1571039
Aspergillus_fumigatus_AF100-10B	20	19	1	0	scaffold_2	1984843	2034843
Aspergillus_fumigatus_AF100-10B	17	14	3	0	scaffold_2	4428259	4478259
Aspergillus_fumigatus_AF100-10B	16	14	2	0	scaffold_6	2006944	2056944
Aspergillus_fumigatus_AF100-10B	21	20	1	0	scaffold_3	2151826	2201826
Aspergillus_fumigatus_AF100-10B	19	19	0	0	scaffold_5	1771222	1821222
Aspergillus_fumigatus_AF100-10B	20	19	1	0	scaffold_4	514355	564355
Aspergillus_fumigatus_AF100-10B	15	15	0	0	scaffold_6	2634507	2684507
Aspergillus_fumigatus_AF100-10B	17	17	0	0	scaffold_3	3038216	3088216
Aspergillus_fumigatus_AF100-10B	19	17	2	0	scaffold_8	378878	428878
Aspergillus_fumigatus_AF100-10B	18	14	4	0	scaffold_4	2948909	2998909
Aspergillus_fumigatus_AF100-10B	21	21	0	0	scaffold_5	2226972	2276972
Aspergillus_fumigatus_AF100-10B	19	17	2	0	scaffold_5	2913080	2963080
Aspergillus_fumigatus_AF100-10B	16	15	1	0	scaffold_4	350475	400475
Aspergillus_fumigatus_AF100-10B	22	19	3	0	scaffold_2	2751935	2801935
Aspergillus_fumigatus_AF100-10B	20	17	3	0	scaffold_6	206018	256018
Aspergillus_fumigatus_AF100-10B	9	8	1	0	scaffold_6	2149298	2199298
Aspergillus_fumigatus_AF100-10B	16	16	0	0	scaffold_5	650990	700990
Aspergillus_fumigatus_AF100-10B	17	14	3	0	scaffold_4	214423	264423
Aspergillus_fumigatus_AF100-10B	16	0	16	0	scaffold_1	4382618	4432618
Aspergillus_fumigatus_AF100-10B	16	12	4	0	scaffold_5	3429925	3479925
Aspergillus_fumigatus_AF100-10B	19	18	1	0	scaffold_4	3456287	3506287
Aspergillus_fumigatus_AF100-10B	14	13	1	0	scaffold_5	1833459	1883459
Aspergillus_fumigatus_AF100-10B	12	8	4	0	scaffold_3	1744577	1794577
Aspergillus_fumigatus_AF100-10B	20	17	3	0	scaffold_2	1691045	1741045
Aspergillus_fumigatus_AF100-10B	22	19	3	0	scaffold_2	2752979	2802979
Aspergillus_fumigatus_AF100-10B	20	20	0	0	scaffold_7	633392	683392
Aspergillus_fumigatus_AF100-10B	18	16	2	0	scaffold_2	3610507	3660507
Aspergillus_fumigatus_AF100-10B	20	18	2	0	scaffold_3	2899952	2949952
Aspergillus_fumigatus_AF100-10B	18	17	1	0	scaffold_3	2039348	2089348
Aspergillus_fumigatus_AF100-10B	15	13	2	0	scaffold_1	4793698	4843698
Aspergillus_fumigatus_AF100-10B	21	19	2	0	scaffold_5	1218542	1268542
Aspergillus_fumigatus_AF100-10B	21	21	0	0	scaffold_4	793888	843888
Aspergillus_fumigatus_AF100-10B	15	15	0	0	scaffold_4	2052957	2102957
Aspergillus_fumigatus_AF100-10B	17	16	1	0	scaffold_6	1580549	1630549
Aspergillus_fumigatus_AF100-10B	18	17	1	0	scaffold_1	3296772	3346772
Aspergillus_fumigatus_AF100-10B	19	18	1	0	scaffold_2	1226048	1276048
Aspergillus_fumigatus_AF100-10B	19	15	4	0	scaffold_2	2970133	3020133
Aspergillus_fumigatus_AF100-10B	20	19	1	0	scaffold_3	303382	353382
Aspergillus_fumigatus_AF100-10B	16	14	2	0	scaffold_6	3254694	3304694
Aspergillus_fumigatus_AF100-10B	17	17	0	0	scaffold_1	613641	663641
Aspergillus_fumigatus_AF100-10B	15	15	0	0	scaffold_7	672548	722548
Aspergillus_fumigatus_AF100-10B	22	19	3	0	scaffold_4	1021985	1071985
Aspergillus_fumigatus_AF100-10B	19	18	1	0	scaffold_2	160282	210282
Aspergillus_fumigatus_AF100-10B	13	13	0	0	scaffold_6	2076115	2126115
Aspergillus_fumigatus_AF100-10B	19	16	3	0	scaffold_8	1298443	1348443
Aspergillus_fumigatus_AF100-10B	17	15	2	0	scaffold_1	3721090	3771090
Aspergillus_fumigatus_AF100-10B	20	16	4	0	scaffold_1	3185786	3235786
Aspergillus_fumigatus_AF100-10B	16	16	0	0	scaffold_8	863072	913072
Aspergillus_fumigatus_AF100-10B	17	16	1	0	scaffold_2	2165249	2215249
Aspergillus_fumigatus_AF100-10B	15	14	1	0	scaffold_5	2708104	2758104
Aspergillus_fumigatus_AF100-10B	16	16	0	0	scaffold_3	1815182	1865182
Aspergillus_fumigatus_AF100-10B	21	18	3	0	scaffold_3	3526982	3576982
Aspergillus_fumigatus_AF100-10B	12	11	1	0	scaffold_1	1273563	1323563
Aspergillus_fumigatus_AF100-10B	20	16	4	0	scaffold_2	3694207	3744207
Aspergillus_fumigatus_AF100-10B	20	18	2	0	scaffold_1	3967831	4017831
Aspergillus_fumigatus_AF100-10B	18	18	0	0	scaffold_4	972549	1022549
Aspergillus_fumigatus_AF100-10B	21	20	1	0	scaffold_4	2504477	2554477
Aspergillus_fumigatus_AF100-10B	16	15	1	0	scaffold_3	1124400	1174400
Aspergillus_fumigatus_AF100-10B	17	16	1	0	scaffold_2	2165104	2215104
Aspergillus_fumigatus_AF100-10B	14	14	0	0	scaffold_1	2573115	2623115
Aspergillus_fumigatus_AF100-10B	20	18	2	0	scaffold_3	383128	433128
Aspergillus_fumigatus_AF100-10B	19	18	1	0	scaffold_2	2129198	2179198
Aspergillus_fumigatus_AF100-10B	21	20	1	0	scaffold_1	2185317	2235317
Aspergillus_fumigatus_AF100-10B	21	18	3	0	scaffold_4	1908586	1958586
Aspergillus_fumigatus_AF100-10B	20	18	2	0	scaffold_2	525028	575028
Aspergillus_fumigatus_AF100-10B	13	11	2	0	scaffold_2	4015911	4065911
Aspergillus_fumigatus_AF100-10B	21	20	1	0	scaffold_2	2206505	2256505
Aspergillus_fumigatus_AF100-10B	6	4	2	0	scaffold_2	2572527	2622527
Aspergillus_fumigatus_AF100-10B	19	18	1	0	scaffold_4	2867985	2917985
Aspergillus_fumigatus_AF100-10B	15	15	0	0	scaffold_1	1297478	1347478
Aspergillus_fumigatus_AF100-10B	18	17	1	0	scaffold_4	3451971	3501971
Aspergillus_fumigatus_AF100-10B	16	14	2	0	scaffold_3	3386457	3436457
Aspergillus_fumigatus_AF100-10B	22	19	3	0	scaffold_6	3109017	3159017
Aspergillus_fumigatus_AF100-10B	16	14	2	0	scaffold_2	1380716	1430716
Aspergillus_fumigatus_AF100-10B	19	18	1	0	scaffold_3	1876776	1926776
Aspergillus_fumigatus_AF100-10B	25	20	5	0	scaffold_5	200960	250960
Aspergillus_fumigatus_AF100-10B	18	16	2	0	scaffold_4	1348782	1398782
Aspergillus_fumigatus_AF100-10B	18	16	2	0	scaffold_5	2907213	2957213
Aspergillus_fumigatus_AF100-10B	18	16	2	0	scaffold_3	1539673	1589673
Aspergillus_fumigatus_AF100-10B	25	19	6	0	scaffold_5	3541372	3591372
Aspergillus_fumigatus_AF100-10B	23	22	1	0	scaffold_2	2727762	2777762
Aspergillus_fumigatus_AF100-10B	18	17	1	0	scaffold_3	2427841	2477841
Aspergillus_fumigatus_AF100-10B	15	15	0	0	scaffold_2	4191088	4241088
Aspergillus_fumigatus_AF100-10B	15	14	1	0	scaffold_5	1860894	1910894
Aspergillus_fumigatus_AF100-10B	17	14	3	0	scaffold_3	206587	256587
Aspergillus_fumigatus_AF100-10B	17	12	5	0	scaffold_5	3166628	3216628
Aspergillus_fumigatus_AF100-10B	20	4	16	0	scaffold_1	4472592	4522592
Aspergillus_fumigatus_AF100-10B	21	20	1	0	scaffold_2	3258041	3308041
Aspergillus_fumigatus_AF100-10B	12	11	1	0	scaffold_8	697355	747355
Aspergillus_fumigatus_AF100-10B	18	14	4	0	scaffold_5	6630	56630
Aspergillus_fumigatus_AF100-10B	16	16	0	0	scaffold_2	965111	1015111
Aspergillus_fumigatus_AF100-10B	17	17	0	0	scaffold_1	668790	718790
Aspergillus_fumigatus_AF100-10B	19	16	3	0	scaffold_5	1710240	1760240
Aspergillus_fumigatus_AF100-10B	15	14	1	0	scaffold_1	1451014	1501014
Aspergillus_fumigatus_AF100-10B	19	19	0	0	scaffold_8	505119	555119
Aspergillus_fumigatus_AF100-10B	16	14	2	0	scaffold_3	2553699	2603699
Aspergillus_fumigatus_AF100-10B	20	19	1	0	scaffold_2	518775	568775
Aspergillus_fumigatus_AF100-10B	25	21	4	0	scaffold_5	440416	490416
Aspergillus_fumigatus_AF100-10B	21	19	2	0	scaffold_5	3204028	3254028
Aspergillus_fumigatus_AF100-10B	17	15	2	0	scaffold_2	2849267	2899267
Aspergillus_fumigatus_AF100-10B	11	11	0	0	scaffold_6	1428954	1478954
Aspergillus_fumigatus_AF100-10B	10	3	7	0	scaffold_6	3545601	3595601
Aspergillus_fumigatus_AF100-10B	18	16	2	0	scaffold_3	97257	147257
Aspergillus_fumigatus_AF100-10B	12	11	1	0	scaffold_1	1128340	1178340
Aspergillus_fumigatus_AF100-10B	16	14	2	0	scaffold_4	1951215	2001215
Aspergillus_fumigatus_AF100-10B	16	16	0	0	scaffold_7	659631	709631
Aspergillus_fumigatus_AF100-10B	20	18	2	0	scaffold_1	2266890	2316890
Aspergillus_fumigatus_AF100-10B	22	19	3	0	scaffold_4	1023176	1073176
Aspergillus_fumigatus_AF100-10B	23	23	0	0	scaffold_5	960462	1010462
Aspergillus_fumigatus_AF100-10B	28	24	4	0	scaffold_6	3348930	3398930
Aspergillus_fumigatus_AF100-10B	23	21	2	0	scaffold_3	527156	577156
Aspergillus_fumigatus_AF100-10B	0	0	0	0	scaffold_1	1842071	1892071
Aspergillus_fumigatus_AF100-10B	20	18	2	0	scaffold_4	2623595	2673595
Aspergillus_fumigatus_AF100-10B	19	17	2	0	scaffold_1	1363197	1413197
Aspergillus_fumigatus_AF100-10B	23	20	3	0	scaffold_5	1237653	1287653
Aspergillus_fumigatus_AF100-10B	19	16	3	0	scaffold_4	1518434	1568434
Aspergillus_fumigatus_AF100-10B	17	17	0	0	scaffold_5	795435	845435
Aspergillus_fumigatus_AF100-10B	14	14	0	0	scaffold_1	761201	811201
Aspergillus_fumigatus_AF100-10B	20	18	2	0	scaffold_3	855809	905809
Aspergillus_fumigatus_AF100-10B	13	12	1	0	scaffold_4	2143559	2193559
Aspergillus_fumigatus_AF100-10B	24	22	2	0	scaffold_3	524422	574422
Aspergillus_fumigatus_AF100-10B	16	16	0	0	scaffold_4	1431067	1481067
Aspergillus_fumigatus_AF100-10B	18	14	4	0	scaffold_1	4141223	4191223
Aspergillus_fumigatus_AF100-10B	20	19	1	0	scaffold_3	327392	377392
Aspergillus_fumigatus_AF100-10B	16	15	1	0	scaffold_6	593130	643130
Aspergillus_fumigatus_AF100-10B	19	18	1	0	scaffold_7	474760	524760
Aspergillus_fumigatus_AF100-10B	13	13	0	0	scaffold_5	2113163	2163163
Aspergillus_fumigatus_AF100-10B	23	20	3	0	scaffold_3	3843559	3893559
Aspergillus_fumigatus_AF100-10B	19	19	0	0	scaffold_5	2770925	2820925
Aspergillus_fumigatus_AF100-10B	16	16	0	0	scaffold_2	233294	283294
Aspergillus_fumigatus_AF100-10B	20	16	4	0	scaffold_3	2517231	2567231
Aspergillus_fumigatus_AF100-10B	23	20	3	0	scaffold_7	109890	159890
Aspergillus_fumigatus_AF100-10B	13	13	0	0	scaffold_1	1723815	1773815
Aspergillus_fumigatus_AF100-10B	17	17	0	0	scaffold_5	2270517	2320517
Aspergillus_fumigatus_AF100-10B	16	13	3	0	scaffold_1	1683922	1733922
Aspergillus_fumigatus_AF100-10B	17	17	0	0	scaffold_6	2608756	2658756
Aspergillus_fumigatus_AF100-10B	21	18	3	0	scaffold_5	75571	125571
Aspergillus_fumigatus_AF100-10B	14	12	2	0	scaffold_4	1219928	1269928
Aspergillus_fumigatus_AF100-10B	18	18	0	0	scaffold_6	3196259	3246259
Aspergillus_fumigatus_AF100-10B	20	19	1	0	scaffold_8	69973	119973
Aspergillus_fumigatus_AF100-10B	18	17	1	0	scaffold_7	1622264	1672264
Aspergillus_fumigatus_AF100-10B	17	17	0	0	scaffold_1	571533	621533
Aspergillus_fumigatus_AF100-10B	20	17	3	0	scaffold_4	3122477	3172477
Aspergillus_fumigatus_AF100-10B	22	22	0	0	scaffold_6	1759518	1809518
Aspergillus_fumigatus_AF100-10B	11	11	0	0	scaffold_4	631866	681866
Aspergillus_fumigatus_AF100-10B	16	15	1	0	scaffold_6	2024113	2074113
Aspergillus_fumigatus_AF100-10B	13	12	1	0	scaffold_6	2450355	2500355
Aspergillus_fumigatus_AF100-10B	18	17	1	0	scaffold_5	682744	732744
Aspergillus_fumigatus_AF100-10B	18	16	2	0	scaffold_7	829758	879758
Aspergillus_fumigatus_AF100-10B	22	21	1	0	scaffold_2	4065719	4115719
Aspergillus_fumigatus_AF100-10B	13	12	1	0	scaffold_2	2531694	2581694
Aspergillus_fumigatus_AF100-10B	22	21	1	0	scaffold_8	1216513	1266513
Aspergillus_fumigatus_AF100-10B	17	16	1	0	scaffold_3	3224624	3274624
Aspergillus_fumigatus_AF100-10B	29	24	5	0	scaffold_6	3363773	3413773
Aspergillus_fumigatus_AF100-10B	21	20	0	1	scaffold_4	3588512	3638512
Aspergillus_fumigatus_AF100-10B	20	15	5	0	scaffold_8	1550737	1600737
Aspergillus_fumigatus_AF100-10B	19	17	2	0	scaffold_1	2460612	2510612
Aspergillus_fumigatus_AF100-10B	20	19	1	0	scaffold_5	2041057	2091057
Aspergillus_fumigatus_AF100-10B	18	17	1	0	scaffold_3	2920355	2970355
Aspergillus_fumigatus_AF100-10B	28	26	2	0	scaffold_2	38472	88472
Aspergillus_fumigatus_AF100-10B	25	22	3	0	scaffold_4	2116094	2166094
Aspergillus_fumigatus_AF100-10B	20	19	1	0	scaffold_3	1341592	1391592
Aspergillus_fumigatus_AF100-10B	15	13	2	0	scaffold_4	3147009	3197009
Aspergillus_fumigatus_AF100-10B	8	7	1	0	scaffold_1	1057973	1107973
Aspergillus_fumigatus_AF100-10B	14	12	2	0	scaffold_3	3377020	3427020
Aspergillus_fumigatus_AF100-10B	14	12	2	0	scaffold_2	1127038	1177038
Aspergillus_fumigatus_AF100-10B	22	19	3	0	scaffold_7	419537	469537
Aspergillus_fumigatus_AF100-10B	20	18	2	0	scaffold_1	2285173	2335173
Aspergillus_fumigatus_AF100-10B	22	21	1	0	scaffold_3	1678145	1728145
Aspergillus_fumigatus_AF100-10B	6	5	1	0	scaffold_2	1900099	1950099
Aspergillus_fumigatus_AF100-10B	26	20	6	0	scaffold_5	179413	229413
Aspergillus_fumigatus_AF100-10B	16	16	0	0	scaffold_6	2821106	2871106
Aspergillus_fumigatus_AF100-10B	16	14	2	0	scaffold_2	2813621	2863621
Aspergillus_fumigatus_AF100-10B	20	20	0	0	scaffold_6	795287	845287
Aspergillus_fumigatus_AF100-10B	23	21	2	0	scaffold_3	476693	526693
Aspergillus_fumigatus_AF100-10B	21	21	0	0	scaffold_4	2675163	2725163
Aspergillus_fumigatus_AF100-10B	15	14	1	0	scaffold_1	1283697	1333697
Aspergillus_fumigatus_AF100-10B	19	18	1	0	scaffold_4	2797581	2847581
Aspergillus_fumigatus_AF100-10B	22	20	2	0	scaffold_4	782375	832375
Aspergillus_fumigatus_AF100-10B	18	17	1	0	scaffold_8	878101	928101
Aspergillus_fumigatus_AF100-10B	20	18	2	0	scaffold_4	557335	607335
Aspergillus_fumigatus_AF100-10B	18	18	0	0	scaffold_2	3073520	3123520
Aspergillus_fumigatus_AF100-10B	20	19	1	0	scaffold_3	3106129	3156129
Aspergillus_fumigatus_AF100-10B	14	12	2	0	scaffold_4	1343549	1393549
Aspergillus_fumigatus_AF100-10B	20	20	0	0	scaffold_1	2414890	2464890
Aspergillus_fumigatus_AF100-10B	19	18	1	0	scaffold_2	1595183	1645183
Aspergillus_fumigatus_AF100-10B	18	18	0	0	scaffold_3	1889588	1939588
Aspergillus_fumigatus_AF100-10B	11	11	0	0	scaffold_7	1570772	1620772
Aspergillus_fumigatus_AF100-10B	15	15	0	0	scaffold_2	1339748	1389748
Aspergillus_fumigatus_AF100-10B	17	15	2	0	scaffold_1	892798	942798
Aspergillus_fumigatus_AF100-10B	12	12	0	0	scaffold_5	1178456	1228456
Aspergillus_fumigatus_AF100-10B	18	18	0	0	scaffold_5	604295	654295
Aspergillus_fumigatus_AF100-10B	15	15	0	0	scaffold_2	697655	747655
Aspergillus_fumigatus_AF100-10B	19	17	2	0	scaffold_7	292648	342648
Aspergillus_fumigatus_AF100-10B	23	19	4	0	scaffold_3	616074	666074
Aspergillus_fumigatus_AF100-10B	17	15	2	0	scaffold_4	928600	978600
Aspergillus_fumigatus_AF100-10B	15	14	1	0	scaffold_5	1834430	1884430
Aspergillus_fumigatus_AF100-10B	3	3	0	0	scaffold_5	1120212	1170212
Aspergillus_fumigatus_AF100-10B	13	11	2	0	scaffold_1	4803806	4853806
Aspergillus_fumigatus_AF100-10B	18	17	1	0	scaffold_6	2478366	2528366
Aspergillus_fumigatus_AF100-10B	16	15	1	0	scaffold_7	891901	941901
Aspergillus_fumigatus_AF100-10B	16	14	2	0	scaffold_6	1281190	1331190
Aspergillus_fumigatus_AF100-10B	18	17	1	0	scaffold_1	1541749	1591749
Aspergillus_fumigatus_AF100-10B	22	19	2	1	scaffold_5	461070	511070
Aspergillus_fumigatus_AF100-10B	19	16	3	0	scaffold_1	3263980	3313980
Aspergillus_fumigatus_AF100-10B	19	17	2	0	scaffold_1	2989798	3039798
Aspergillus_fumigatus_AF100-10B	15	15	0	0	scaffold_8	648446	698446
Aspergillus_fumigatus_AF100-10B	18	16	2	0	scaffold_6	757600	807600
Aspergillus_fumigatus_AF100-10B	18	16	2	0	scaffold_8	1332986	1382986
Aspergillus_fumigatus_AF100-10B	20	15	5	0	scaffold_8	1550654	1600654
Aspergillus_fumigatus_AF100-10B	19	15	4	0	scaffold_4	2396247	2446247
Aspergillus_fumigatus_AF100-10B	12	12	0	0	scaffold_5	1092588	1142588
Aspergillus_fumigatus_AF100-10B	15	15	0	0	scaffold_5	718728	768728
Aspergillus_fumigatus_AF100-10B	14	14	0	0	scaffold_1	2545982	2595982
Aspergillus_fumigatus_AF100-10B	15	14	1	0	scaffold_4	2810301	2860301
Aspergillus_fumigatus_AF100-10B	16	15	1	0	scaffold_4	3370485	3420485
Aspergillus_fumigatus_AF100-10B	19	17	2	0	scaffold_4	3166394	3216394
Aspergillus_fumigatus_AF100-10B	22	19	3	0	scaffold_3	1143608	1193608
Aspergillus_fumigatus_AF100-10B	17	16	1	0	scaffold_1	3875776	3925776
Aspergillus_fumigatus_AF100-10B	23	21	2	0	scaffold_4	3609351	3659351
Aspergillus_fumigatus_AF100-10B	19	19	0	0	scaffold_5	2600638	2650638
Aspergillus_fumigatus_AF100-10B	12	11	1	0	scaffold_4	1702504	1752504
Aspergillus_fumigatus_AF100-10B	19	18	1	0	scaffold_5	1761702	1811702
Aspergillus_fumigatus_AF100-10B	18	16	2	0	scaffold_5	2331723	2381723
Aspergillus_fumigatus_AF100-10B	14	12	2	0	scaffold_1	2013473	2063473
Aspergillus_fumigatus_AF100-10B	14	14	0	0	scaffold_1	2545802	2595802
Aspergillus_fumigatus_AF100-10B	21	19	2	0	scaffold_7	236634	286634
Aspergillus_fumigatus_AF100-10B	18	16	2	0	scaffold_6	2012407	2062407
Aspergillus_fumigatus_AF100-10B	5	4	1	0	scaffold_7	775413	825413
Aspergillus_fumigatus_AF100-10B	18	16	2	0	scaffold_5	3184292	3234292
Aspergillus_fumigatus_AF100-10B	17	13	4	0	scaffold_4	3534801	3584801
Aspergillus_fumigatus_AF100-10B	16	16	0	0	scaffold_5	563965	613965
Aspergillus_fumigatus_AF100-10B	19	15	4	0	scaffold_5	9328	59328
Aspergillus_fumigatus_AF100-10B	22	21	1	0	scaffold_3	322126	372126
Aspergillus_fumigatus_AF100-10B	13	9	4	0	scaffold_3	1748563	1798563
Aspergillus_fumigatus_AF100-10B	16	15	1	0	scaffold_3	3397326	3447326
Aspergillus_fumigatus_AF100-10B	17	17	0	0	scaffold_6	2589447	2639447
Aspergillus_fumigatus_AF100-10B	15	1	14	0	scaffold_4	2252074	2302074
Aspergillus_fumigatus_AF100-10B	21	21	0	0	scaffold_1	1511099	1561099
Aspergillus_fumigatus_AF100-10B	23	21	2	0	scaffold_3	632548	682548
Aspergillus_fumigatus_AF100-10B	19	19	0	0	scaffold_5	2237173	2287173
Aspergillus_fumigatus_AF100-10B	17	14	3	0	scaffold_7	808814	858814
Aspergillus_fumigatus_AF100-10B	21	21	0	0	scaffold_7	1213228	1263228
Aspergillus_fumigatus_AF100-10B	18	18	0	0	scaffold_5	1986748	2036748
Aspergillus_fumigatus_AF100-10B	21	21	0	0	scaffold_2	3423054	3473054
Aspergillus_fumigatus_AF100-10B	22	20	2	0	scaffold_3	551808	601808
Aspergillus_fumigatus_AF100-10B	18	17	1	0	scaffold_1	3676817	3726817
Aspergillus_fumigatus_AF100-10B	6	6	0	0	scaffold_1	1054139	1104139
Aspergillus_fumigatus_AF100-10B	15	15	0	0	scaffold_3	2852997	2902997
Aspergillus_fumigatus_AF100-10B	21	21	0	0	scaffold_5	2084009	2134009
Aspergillus_fumigatus_AF100-10B	17	15	2	0	scaffold_5	1357647	1407647
Aspergillus_fumigatus_AF100-10B	21	19	2	0	scaffold_7	952529	1002529
Aspergillus_fumigatus_AF100-10B	14	14	0	0	scaffold_5	1302151	1352151
Aspergillus_fumigatus_AF100-10B	17	17	0	0	scaffold_5	1060315	1110315
Aspergillus_fumigatus_AF100-10B	19	18	1	0	scaffold_2	1598417	1648417
Aspergillus_fumigatus_AF100-10B	16	16	0	0	scaffold_2	235194	285194
