STRAIN	TOTAL	CORE	ACCESSORY	SINGLETON	CHROM	START	END
Aspergillus_fumigatus_F18085	26	22	4	0	scaffold_8	967337	1017337
Aspergillus_fumigatus_F18085	20	17	3	0	scaffold_7	350831	400831
Aspergillus_fumigatus_F18085	15	13	2	0	scaffold_2	3416200	3466200
Aspergillus_fumigatus_F18085	21	18	3	0	scaffold_2	3860087	3910087
Aspergillus_fumigatus_F18085	12	11	1	0	scaffold_6	2966985	3016985
Aspergillus_fumigatus_F18085	15	14	1	0	scaffold_4	3336239	3386239
Aspergillus_fumigatus_F18085	15	13	2	0	scaffold_5	342774	392774
Aspergillus_fumigatus_F18085	12	12	0	0	scaffold_4	563285	613285
Aspergillus_fumigatus_F18085	24	20	4	0	scaffold_6	391019	441019
Aspergillus_fumigatus_F18085	19	0	19	0	scaffold_1	4153811	4203811
Aspergillus_fumigatus_F18085	18	18	0	0	scaffold_6	959629	1009629
Aspergillus_fumigatus_F18085	8	3	5	0	scaffold_8	49579	99579
Aspergillus_fumigatus_F18085	18	13	5	0	scaffold_1	3397967	3447967
Aspergillus_fumigatus_F18085	19	17	2	0	scaffold_5	1066392	1116392
Aspergillus_fumigatus_F18085	19	19	0	0	scaffold_3	549426	599426
Aspergillus_fumigatus_F18085	22	18	4	0	scaffold_6	157572	207572
Aspergillus_fumigatus_F18085	25	19	6	0	scaffold_1	155445	205445
Aspergillus_fumigatus_F18085	20	19	1	0	scaffold_2	4207911	4257911
Aspergillus_fumigatus_F18085	23	21	2	0	scaffold_4	2075192	2125192
Aspergillus_fumigatus_F18085	22	21	1	0	scaffold_6	1212018	1262018
Aspergillus_fumigatus_F18085	20	19	1	0	scaffold_3	730705	780705
Aspergillus_fumigatus_F18085	25	23	2	0	scaffold_5	1619874	1669874
Aspergillus_fumigatus_F18085	17	17	0	0	scaffold_2	3952144	4002144
Aspergillus_fumigatus_F18085	17	15	2	0	scaffold_2	1885866	1935866
Aspergillus_fumigatus_F18085	18	17	1	0	scaffold_3	1639008	1689008
Aspergillus_fumigatus_F18085	17	13	4	0	scaffold_4	901678	951678
Aspergillus_fumigatus_F18085	16	9	7	0	scaffold_5	2325714	2375714
Aspergillus_fumigatus_F18085	17	0	17	0	scaffold_7	1848324	1898324
Aspergillus_fumigatus_F18085	22	21	1	0	scaffold_7	1469382	1519382
Aspergillus_fumigatus_F18085	18	17	1	0	scaffold_4	1645223	1695223
Aspergillus_fumigatus_F18085	18	17	1	0	scaffold_2	2434205	2484205
Aspergillus_fumigatus_F18085	14	14	0	0	scaffold_2	887411	937411
Aspergillus_fumigatus_F18085	23	23	0	0	scaffold_4	720258	770258
Aspergillus_fumigatus_F18085	23	21	2	0	scaffold_6	2766014	2816014
Aspergillus_fumigatus_F18085	21	17	4	0	scaffold_4	326680	376680
Aspergillus_fumigatus_F18085	15	15	0	0	scaffold_2	767112	817112
Aspergillus_fumigatus_F18085	21	16	5	0	scaffold_6	810883	860883
Aspergillus_fumigatus_F18085	18	16	2	0	scaffold_8	93374	143374
Aspergillus_fumigatus_F18085	26	21	5	0	scaffold_7	1553053	1603053
Aspergillus_fumigatus_F18085	4	4	0	0	scaffold_6	1111743	1161743
Aspergillus_fumigatus_F18085	14	10	4	0	scaffold_4	413899	463899
Aspergillus_fumigatus_F18085	22	20	2	0	scaffold_3	4042285	4092285
Aspergillus_fumigatus_F18085	0	0	0	0	scaffold_2	1471823	1521823
Aspergillus_fumigatus_F18085	23	22	1	0	scaffold_2	2678665	2728665
Aspergillus_fumigatus_F18085	22	17	5	0	scaffold_3	1044737	1094737
Aspergillus_fumigatus_F18085	13	12	1	0	scaffold_2	922824	972824
Aspergillus_fumigatus_F18085	7	6	1	0	scaffold_4	680060	730060
Aspergillus_fumigatus_F18085	21	18	3	0	scaffold_1	22202	72202
Aspergillus_fumigatus_F18085	15	14	1	0	scaffold_4	113977	163977
Aspergillus_fumigatus_F18085	20	18	2	0	scaffold_2	3881961	3931961
Aspergillus_fumigatus_F18085	18	17	1	0	scaffold_2	316009	366009
Aspergillus_fumigatus_F18085	17	16	1	0	scaffold_7	1377960	1427960
Aspergillus_fumigatus_F18085	21	20	1	0	scaffold_8	1280892	1330892
Aspergillus_fumigatus_F18085	14	12	2	0	scaffold_1	1673880	1723880
Aspergillus_fumigatus_F18085	20	16	4	0	scaffold_3	3377117	3427117
Aspergillus_fumigatus_F18085	14	11	3	0	scaffold_1	2121028	2171028
Aspergillus_fumigatus_F18085	13	13	0	0	scaffold_1	758995	808995
Aspergillus_fumigatus_F18085	18	13	5	0	scaffold_6	1027365	1077365
Aspergillus_fumigatus_F18085	18	15	3	0	scaffold_4	1956263	2006263
Aspergillus_fumigatus_F18085	20	20	0	0	scaffold_4	1890024	1940024
Aspergillus_fumigatus_F18085	17	15	2	0	scaffold_1	3344658	3394658
Aspergillus_fumigatus_F18085	16	16	0	0	scaffold_2	3177637	3227637
Aspergillus_fumigatus_F18085	14	13	1	0	scaffold_1	3872001	3922001
Aspergillus_fumigatus_F18085	21	17	4	0	scaffold_3	452706	502706
Aspergillus_fumigatus_F18085	19	19	0	0	scaffold_2	343889	393889
Aspergillus_fumigatus_F18085	15	15	0	0	scaffold_2	4154717	4204717
Aspergillus_fumigatus_F18085	21	21	0	0	scaffold_4	505210	555210
Aspergillus_fumigatus_F18085	23	22	1	0	scaffold_2	403042	453042
Aspergillus_fumigatus_F18085	16	14	2	0	scaffold_5	3377306	3427306
Aspergillus_fumigatus_F18085	21	19	2	0	scaffold_4	3845719	3895719
Aspergillus_fumigatus_F18085	17	13	4	0	scaffold_5	1576720	1626720
Aspergillus_fumigatus_F18085	25	23	2	0	scaffold_6	546841	596841
Aspergillus_fumigatus_F18085	20	19	1	0	scaffold_6	2788519	2838519
Aspergillus_fumigatus_F18085	25	19	6	0	scaffold_6	1003134	1053134
Aspergillus_fumigatus_F18085	28	21	7	0	scaffold_3	218015	268015
Aspergillus_fumigatus_F18085	20	17	3	0	scaffold_4	2738897	2788897
Aspergillus_fumigatus_F18085	15	11	4	0	scaffold_4	433562	483562
Aspergillus_fumigatus_F18085	21	20	1	0	scaffold_6	1210166	1260166
Aspergillus_fumigatus_F18085	15	2	13	0	scaffold_2	262337	312337
Aspergillus_fumigatus_F18085	6	2	4	0	scaffold_6	1071553	1121553
Aspergillus_fumigatus_F18085	24	21	3	0	scaffold_6	2253625	2303625
Aspergillus_fumigatus_F18085	25	25	0	0	scaffold_2	2692336	2742336
Aspergillus_fumigatus_F18085	23	17	6	0	scaffold_6	990706	1040706
Aspergillus_fumigatus_F18085	18	14	4	0	scaffold_1	4021117	4071117
Aspergillus_fumigatus_F18085	20	20	0	0	scaffold_1	439357	489357
Aspergillus_fumigatus_F18085	1	1	0	0	scaffold_1	2454691	2504691
Aspergillus_fumigatus_F18085	29	23	6	0	scaffold_7	1557927	1607927
Aspergillus_fumigatus_F18085	12	11	1	0	scaffold_1	1245654	1295654
Aspergillus_fumigatus_F18085	18	17	1	0	scaffold_4	3601047	3651047
Aspergillus_fumigatus_F18085	19	19	0	0	scaffold_2	3311354	3361354
Aspergillus_fumigatus_F18085	29	26	3	0	scaffold_2	89143	139143
Aspergillus_fumigatus_F18085	18	17	1	0	scaffold_3	3556826	3606826
Aspergillus_fumigatus_F18085	12	12	0	0	scaffold_2	1955575	2005575
Aspergillus_fumigatus_F18085	23	21	2	0	scaffold_7	1487943	1537943
Aspergillus_fumigatus_F18085	20	17	3	0	scaffold_6	2008855	2058855
Aspergillus_fumigatus_F18085	18	16	2	0	scaffold_4	2212446	2262446
Aspergillus_fumigatus_F18085	19	16	3	0	scaffold_5	1243135	1293135
Aspergillus_fumigatus_F18085	23	22	1	0	scaffold_6	3611598	3661598
Aspergillus_fumigatus_F18085	19	19	0	0	scaffold_1	444405	494405
Aspergillus_fumigatus_F18085	21	20	1	0	scaffold_6	1213229	1263229
Aspergillus_fumigatus_F18085	9	9	0	0	scaffold_7	686461	736461
Aspergillus_fumigatus_F18085	18	15	3	0	scaffold_5	111588	161588
Aspergillus_fumigatus_F18085	17	6	11	0	scaffold_1	4360955	4410955
Aspergillus_fumigatus_F18085	16	16	0	0	scaffold_1	2829449	2879449
Aspergillus_fumigatus_F18085	14	13	1	0	scaffold_1	3878404	3928404
Aspergillus_fumigatus_F18085	21	20	1	0	scaffold_6	3535751	3585751
Aspergillus_fumigatus_F18085	20	18	2	0	scaffold_3	2939812	2989812
Aspergillus_fumigatus_F18085	19	18	1	0	scaffold_1	501916	551916
Aspergillus_fumigatus_F18085	18	16	2	0	scaffold_7	23847	73847
Aspergillus_fumigatus_F18085	21	21	0	0	scaffold_1	660182	710182
Aspergillus_fumigatus_F18085	16	15	1	0	scaffold_1	1404375	1454375
Aspergillus_fumigatus_F18085	24	21	3	0	scaffold_3	4140766	4190766
Aspergillus_fumigatus_F18085	16	14	2	0	scaffold_8	911049	961049
Aspergillus_fumigatus_F18085	19	16	3	0	scaffold_3	2897854	2947854
Aspergillus_fumigatus_F18085	23	19	4	0	scaffold_1	135619	185619
Aspergillus_fumigatus_F18085	21	15	6	0	scaffold_5	2998340	3048340
Aspergillus_fumigatus_F18085	22	18	4	0	scaffold_2	514851	564851
Aspergillus_fumigatus_F18085	20	18	2	0	scaffold_5	815571	865571
Aspergillus_fumigatus_F18085	19	17	2	0	scaffold_1	1488371	1538371
Aspergillus_fumigatus_F18085	16	14	2	0	scaffold_3	995389	1045389
Aspergillus_fumigatus_F18085	24	23	1	0	scaffold_4	3634395	3684395
Aspergillus_fumigatus_F18085	17	15	2	0	scaffold_2	2126821	2176821
Aspergillus_fumigatus_F18085	19	18	1	0	scaffold_5	2604658	2654658
Aspergillus_fumigatus_F18085	16	15	1	0	scaffold_2	3437156	3487156
Aspergillus_fumigatus_F18085	23	22	1	0	scaffold_4	1421920	1471920
Aspergillus_fumigatus_F18085	19	16	3	0	scaffold_4	2915008	2965008
Aspergillus_fumigatus_F18085	12	10	2	0	scaffold_5	130009	180009
Aspergillus_fumigatus_F18085	24	21	3	0	scaffold_3	485771	535771
Aspergillus_fumigatus_F18085	17	15	2	0	scaffold_6	2600443	2650443
Aspergillus_fumigatus_F18085	22	21	1	0	scaffold_6	491623	541623
Aspergillus_fumigatus_F18085	22	19	3	0	scaffold_2	1779555	1829555
Aspergillus_fumigatus_F18085	0	0	0	0	scaffold_4	4068502	4118502
Aspergillus_fumigatus_F18085	16	14	2	0	scaffold_3	2438722	2488722
Aspergillus_fumigatus_F18085	24	24	0	0	scaffold_4	2564545	2614545
Aspergillus_fumigatus_F18085	15	15	0	0	scaffold_1	2346422	2396422
Aspergillus_fumigatus_F18085	22	19	3	0	scaffold_6	1173675	1223675
Aspergillus_fumigatus_F18085	20	19	1	0	scaffold_4	2666492	2716492
Aspergillus_fumigatus_F18085	28	21	7	0	scaffold_3	249838	299838
Aspergillus_fumigatus_F18085	19	17	2	0	scaffold_4	1376890	1426890
Aspergillus_fumigatus_F18085	15	1	14	0	scaffold_2	260218	310218
Aspergillus_fumigatus_F18085	19	15	4	0	scaffold_5	753871	803871
Aspergillus_fumigatus_F18085	24	18	6	0	scaffold_4	280948	330948
Aspergillus_fumigatus_F18085	20	19	1	0	scaffold_2	1770837	1820837
Aspergillus_fumigatus_F18085	18	17	1	0	scaffold_1	799804	849804
Aspergillus_fumigatus_F18085	24	19	5	0	scaffold_5	2443244	2493244
Aspergillus_fumigatus_F18085	19	16	3	0	scaffold_6	3191518	3241518
Aspergillus_fumigatus_F18085	21	19	2	0	scaffold_3	1581857	1631857
Aspergillus_fumigatus_F18085	19	19	0	0	scaffold_4	1106020	1156020
Aspergillus_fumigatus_F18085	20	19	1	0	scaffold_6	2152736	2202736
Aspergillus_fumigatus_F18085	22	21	1	0	scaffold_4	239233	289233
Aspergillus_fumigatus_F18085	21	19	2	0	scaffold_1	3739837	3789837
Aspergillus_fumigatus_F18085	18	17	1	0	scaffold_5	394305	444305
Aspergillus_fumigatus_F18085	19	18	1	0	scaffold_4	1458215	1508215
Aspergillus_fumigatus_F18085	16	14	2	0	scaffold_3	3972430	4022430
Aspergillus_fumigatus_F18085	15	13	2	0	scaffold_3	3763989	3813989
Aspergillus_fumigatus_F18085	16	13	3	0	scaffold_4	811119	861119
Aspergillus_fumigatus_F18085	4	4	0	0	scaffold_1	1872236	1922236
Aspergillus_fumigatus_F18085	18	16	2	0	scaffold_3	437378	487378
Aspergillus_fumigatus_F18085	15	14	1	0	scaffold_1	3878668	3928668
Aspergillus_fumigatus_F18085	17	17	0	0	scaffold_2	4314670	4364670
Aspergillus_fumigatus_F18085	18	18	0	0	scaffold_2	550630	600630
Aspergillus_fumigatus_F18085	18	18	0	0	scaffold_3	3646172	3696172
Aspergillus_fumigatus_F18085	15	12	3	0	scaffold_7	391485	441485
Aspergillus_fumigatus_F18085	21	16	5	0	scaffold_1	3798068	3848068
Aspergillus_fumigatus_F18085	19	18	1	0	scaffold_2	2268953	2318953
Aspergillus_fumigatus_F18085	17	17	0	0	scaffold_1	1427934	1477934
Aspergillus_fumigatus_F18085	22	21	1	0	scaffold_5	946574	996574
Aspergillus_fumigatus_F18085	16	14	2	0	scaffold_2	1140089	1190089
Aspergillus_fumigatus_F18085	22	13	9	0	scaffold_4	2946838	2996838
Aspergillus_fumigatus_F18085	19	19	0	0	scaffold_7	477897	527897
Aspergillus_fumigatus_F18085	18	16	2	0	scaffold_5	3507446	3557446
Aspergillus_fumigatus_F18085	17	16	1	0	scaffold_4	1698197	1748197
Aspergillus_fumigatus_F18085	7	2	5	0	scaffold_4	4112158	4162158
Aspergillus_fumigatus_F18085	21	20	1	0	scaffold_1	539212	589212
Aspergillus_fumigatus_F18085	12	11	1	0	scaffold_1	1901075	1951075
Aspergillus_fumigatus_F18085	12	11	1	0	scaffold_5	1776412	1826412
Aspergillus_fumigatus_F18085	21	19	2	0	scaffold_2	625387	675387
Aspergillus_fumigatus_F18085	20	20	0	0	scaffold_8	823076	873076
Aspergillus_fumigatus_F18085	23	19	4	0	scaffold_4	321497	371497
Aspergillus_fumigatus_F18085	22	21	1	0	scaffold_4	3645578	3695578
Aspergillus_fumigatus_F18085	19	16	3	0	scaffold_4	1590834	1640834
Aspergillus_fumigatus_F18085	21	21	0	0	scaffold_5	3237763	3287763
Aspergillus_fumigatus_F18085	21	20	1	0	scaffold_3	2868249	2918249
Aspergillus_fumigatus_F18085	16	16	0	0	scaffold_3	852208	902208
Aspergillus_fumigatus_F18085	14	14	0	0	scaffold_6	1249047	1299047
Aspergillus_fumigatus_F18085	17	15	2	0	scaffold_8	1150972	1200972
Aspergillus_fumigatus_F18085	19	16	3	0	scaffold_1	4039997	4089997
Aspergillus_fumigatus_F18085	13	13	0	0	scaffold_4	3525310	3575310
Aspergillus_fumigatus_F18085	15	15	0	0	scaffold_2	2392625	2442625
Aspergillus_fumigatus_F18085	21	17	4	0	scaffold_7	1058129	1108129
Aspergillus_fumigatus_F18085	23	19	4	0	scaffold_5	1956503	2006503
Aspergillus_fumigatus_F18085	22	18	4	0	scaffold_7	1500553	1550553
Aspergillus_fumigatus_F18085	18	11	7	0	scaffold_1	4113718	4163718
Aspergillus_fumigatus_F18085	22	20	2	0	scaffold_2	2307453	2357453
Aspergillus_fumigatus_F18085	20	18	2	0	scaffold_5	2833303	2883303
Aspergillus_fumigatus_F18085	26	24	2	0	scaffold_5	1612936	1662936
Aspergillus_fumigatus_F18085	12	10	2	0	scaffold_2	4511210	4561210
Aspergillus_fumigatus_F18085	20	16	4	0	scaffold_3	3869776	3919776
Aspergillus_fumigatus_F18085	17	16	1	0	scaffold_8	440695	490695
Aspergillus_fumigatus_F18085	19	17	2	0	scaffold_7	202742	252742
Aspergillus_fumigatus_F18085	25	24	1	0	scaffold_7	261275	311275
Aspergillus_fumigatus_F18085	11	11	0	0	scaffold_2	1920770	1970770
Aspergillus_fumigatus_F18085	15	14	1	0	scaffold_1	2999368	3049368
Aspergillus_fumigatus_F18085	19	1	18	0	scaffold_6	699445	749445
Aspergillus_fumigatus_F18085	18	17	1	0	scaffold_1	2777571	2827571
Aspergillus_fumigatus_F18085	19	19	0	0	scaffold_5	3728818	3778818
Aspergillus_fumigatus_F18085	22	20	2	0	scaffold_3	507864	557864
Aspergillus_fumigatus_F18085	22	20	2	0	scaffold_5	1084875	1134875
Aspergillus_fumigatus_F18085	18	17	1	0	scaffold_6	1560326	1610326
Aspergillus_fumigatus_F18085	14	13	1	0	scaffold_4	3334078	3384078
Aspergillus_fumigatus_F18085	18	16	2	0	scaffold_7	1092714	1142714
Aspergillus_fumigatus_F18085	11	10	1	0	scaffold_4	688628	738628
Aspergillus_fumigatus_F18085	13	13	0	0	scaffold_4	3550460	3600460
Aspergillus_fumigatus_F18085	19	18	1	0	scaffold_7	962878	1012878
Aspergillus_fumigatus_F18085	25	23	2	0	scaffold_2	2666565	2716565
Aspergillus_fumigatus_F18085	22	21	1	0	scaffold_2	611172	661172
Aspergillus_fumigatus_F18085	20	15	5	0	scaffold_8	1087163	1137163
Aspergillus_fumigatus_F18085	21	19	2	0	scaffold_2	42651	92651
Aspergillus_fumigatus_F18085	22	16	6	0	scaffold_4	2985905	3035905
Aspergillus_fumigatus_F18085	16	15	1	0	scaffold_2	3669269	3719269
Aspergillus_fumigatus_F18085	18	17	1	0	scaffold_3	3593216	3643216
Aspergillus_fumigatus_F18085	19	16	3	0	scaffold_2	1301783	1351783
Aspergillus_fumigatus_F18085	16	15	1	0	scaffold_2	3595852	3645852
Aspergillus_fumigatus_F18085	4	2	2	0	scaffold_5	1333107	1383107
Aspergillus_fumigatus_F18085	16	15	1	0	scaffold_2	2102954	2152954
Aspergillus_fumigatus_F18085	17	13	4	0	scaffold_5	208186	258186
Aspergillus_fumigatus_F18085	18	17	1	0	scaffold_6	3042050	3092050
Aspergillus_fumigatus_F18085	22	16	6	0	scaffold_3	4056716	4106716
Aspergillus_fumigatus_F18085	15	14	1	0	scaffold_1	4662577	4712577
Aspergillus_fumigatus_F18085	21	20	1	0	scaffold_1	3229445	3279445
Aspergillus_fumigatus_F18085	19	14	5	0	scaffold_4	889582	939582
Aspergillus_fumigatus_F18085	19	15	4	0	scaffold_3	3375108	3425108
Aspergillus_fumigatus_F18085	22	22	0	0	scaffold_6	1714235	1764235
Aspergillus_fumigatus_F18085	13	11	2	0	scaffold_3	2284738	2334738
Aspergillus_fumigatus_F18085	19	17	2	0	scaffold_2	1184222	1234222
Aspergillus_fumigatus_F18085	23	0	23	0	scaffold_1	4290231	4340231
Aspergillus_fumigatus_F18085	11	10	1	0	scaffold_1	1924261	1974261
Aspergillus_fumigatus_F18085	23	19	4	0	scaffold_2	491382	541382
Aspergillus_fumigatus_F18085	13	11	2	0	scaffold_2	3140596	3190596
Aspergillus_fumigatus_F18085	14	9	5	0	scaffold_3	3774192	3824192
Aspergillus_fumigatus_F18085	26	24	2	0	scaffold_5	1609618	1659618
Aspergillus_fumigatus_F18085	20	19	1	0	scaffold_6	461202	511202
Aspergillus_fumigatus_F18085	10	10	0	0	scaffold_7	682311	732311
Aspergillus_fumigatus_F18085	20	12	8	0	scaffold_1	4391155	4441155
Aspergillus_fumigatus_F18085	16	15	1	0	scaffold_5	1785873	1835873
Aspergillus_fumigatus_F18085	18	10	8	0	scaffold_1	4116581	4166581
Aspergillus_fumigatus_F18085	20	18	2	0	scaffold_1	3130786	3180786
Aspergillus_fumigatus_F18085	16	14	2	0	scaffold_6	2498307	2548307
Aspergillus_fumigatus_F18085	20	16	4	0	scaffold_4	2925240	2975240
Aspergillus_fumigatus_F18085	23	23	0	0	scaffold_3	3303462	3353462
Aspergillus_fumigatus_F18085	22	19	3	0	scaffold_5	1979633	2029633
Aspergillus_fumigatus_F18085	25	21	4	0	scaffold_1	3832334	3882334
Aspergillus_fumigatus_F18085	16	16	0	0	scaffold_1	608902	658902
Aspergillus_fumigatus_F18085	19	18	1	0	scaffold_1	2264030	2314030
Aspergillus_fumigatus_F18085	13	8	5	0	scaffold_3	3775902	3825902
Aspergillus_fumigatus_F18085	21	21	0	0	scaffold_6	942532	992532
Aspergillus_fumigatus_F18085	18	18	0	0	scaffold_1	1431560	1481560
Aspergillus_fumigatus_F18085	17	17	0	0	scaffold_1	584228	634228
Aspergillus_fumigatus_F18085	16	15	1	0	scaffold_7	1227217	1277217
Aspergillus_fumigatus_F18085	23	22	1	0	scaffold_5	714839	764839
Aspergillus_fumigatus_F18085	23	19	4	0	scaffold_5	3480167	3530167
Aspergillus_fumigatus_F18085	17	17	0	0	scaffold_2	1254691	1304691
Aspergillus_fumigatus_F18085	20	18	2	0	scaffold_5	3117554	3167554
Aspergillus_fumigatus_F18085	23	22	1	0	scaffold_3	940886	990886
Aspergillus_fumigatus_F18085	22	20	2	0	scaffold_1	1338929	1388929
Aspergillus_fumigatus_F18085	15	14	1	0	scaffold_4	1074934	1124934
Aspergillus_fumigatus_F18085	22	21	1	0	scaffold_8	1242212	1292212
Aspergillus_fumigatus_F18085	24	22	2	0	scaffold_3	3415681	3465681
Aspergillus_fumigatus_F18085	17	15	2	0	scaffold_1	4655849	4705849
Aspergillus_fumigatus_F18085	12	11	1	0	scaffold_1	1916984	1966984
Aspergillus_fumigatus_F18085	19	18	1	0	scaffold_6	2778452	2828452
Aspergillus_fumigatus_F18085	22	18	4	0	scaffold_3	1051545	1101545
Aspergillus_fumigatus_F18085	1	1	0	0	scaffold_5	157079	207079
Aspergillus_fumigatus_F18085	20	20	0	0	scaffold_5	2521116	2571116
Aspergillus_fumigatus_F18085	18	18	0	0	scaffold_3	2130384	2180384
Aspergillus_fumigatus_F18085	14	10	4	0	scaffold_5	1562804	1612804
Aspergillus_fumigatus_F18085	9	8	1	0	scaffold_5	2206737	2256737
Aspergillus_fumigatus_F18085	15	12	3	0	scaffold_5	1552724	1602724
Aspergillus_fumigatus_F18085	20	18	2	0	scaffold_2	3882245	3932245
Aspergillus_fumigatus_F18085	23	23	0	0	scaffold_4	2533568	2583568
Aspergillus_fumigatus_F18085	19	18	1	0	scaffold_1	3424421	3474421
Aspergillus_fumigatus_F18085	21	20	1	0	scaffold_1	334290	384290
Aspergillus_fumigatus_F18085	25	21	4	0	scaffold_8	1073712	1123712
Aspergillus_fumigatus_F18085	14	14	0	0	scaffold_3	2465056	2515056
Aspergillus_fumigatus_F18085	19	17	2	0	scaffold_5	1432859	1482859
Aspergillus_fumigatus_F18085	17	16	1	0	scaffold_1	2016390	2066390
Aspergillus_fumigatus_F18085	1	1	0	0	scaffold_7	707996	757996
Aspergillus_fumigatus_F18085	15	15	0	0	scaffold_2	3624314	3674314
Aspergillus_fumigatus_F18085	20	16	4	0	scaffold_1	4441265	4491265
Aspergillus_fumigatus_F18085	13	12	1	0	scaffold_1	1168049	1218049
Aspergillus_fumigatus_F18085	17	15	2	0	scaffold_2	2125688	2175688
Aspergillus_fumigatus_F18085	14	13	1	0	scaffold_2	1154606	1204606
Aspergillus_fumigatus_F18085	11	10	1	0	scaffold_6	3363703	3413703
Aspergillus_fumigatus_F18085	24	20	4	0	scaffold_6	3287832	3337832
Aspergillus_fumigatus_F18085	6	6	0	0	scaffold_7	692117	742117
Aspergillus_fumigatus_F18085	17	17	0	0	scaffold_2	2098400	2148400
Aspergillus_fumigatus_F18085	20	19	1	0	scaffold_5	630123	680123
Aspergillus_fumigatus_F18085	24	24	0	0	scaffold_4	2547644	2597644
Aspergillus_fumigatus_F18085	12	12	0	0	scaffold_4	3538801	3588801
Aspergillus_fumigatus_F18085	31	28	3	0	scaffold_2	84042	134042
Aspergillus_fumigatus_F18085	23	19	4	0	scaffold_3	800500	850500
Aspergillus_fumigatus_F18085	17	16	1	0	scaffold_5	2597285	2647285
Aspergillus_fumigatus_F18085	22	21	1	0	scaffold_3	1284429	1334429
Aspergillus_fumigatus_F18085	12	12	0	0	scaffold_4	3540165	3590165
Aspergillus_fumigatus_F18085	17	8	9	0	scaffold_1	4367103	4417103
Aspergillus_fumigatus_F18085	18	17	1	0	scaffold_5	3173190	3223190
Aspergillus_fumigatus_F18085	18	18	0	0	scaffold_4	3362944	3412944
Aspergillus_fumigatus_F18085	16	14	2	0	scaffold_5	1929643	1979643
Aspergillus_fumigatus_F18085	18	17	1	0	scaffold_5	1039611	1089611
Aspergillus_fumigatus_F18085	21	20	1	0	scaffold_1	487644	537644
Aspergillus_fumigatus_F18085	15	11	4	0	scaffold_5	200963	250963
Aspergillus_fumigatus_F18085	20	19	1	0	scaffold_3	2244974	2294974
Aspergillus_fumigatus_F18085	23	21	2	0	scaffold_6	512386	562386
Aspergillus_fumigatus_F18085	24	21	3	0	scaffold_5	490385	540385
Aspergillus_fumigatus_F18085	16	10	6	0	scaffold_6	3343851	3393851
Aspergillus_fumigatus_F18085	15	14	1	0	scaffold_8	320082	370082
Aspergillus_fumigatus_F18085	0	0	0	0	scaffold_4	4030343	4080343
Aspergillus_fumigatus_F18085	13	12	1	0	scaffold_4	757869	807869
Aspergillus_fumigatus_F18085	24	20	4	0	scaffold_3	4225364	4275364
Aspergillus_fumigatus_F18085	21	17	4	0	scaffold_1	4064992	4114992
Aspergillus_fumigatus_F18085	14	11	3	0	scaffold_4	3125111	3175111
Aspergillus_fumigatus_F18085	21	16	5	0	scaffold_1	1780606	1830606
Aspergillus_fumigatus_F18085	18	16	2	0	scaffold_6	3436648	3486648
Aspergillus_fumigatus_F18085	20	19	1	0	scaffold_6	3527945	3577945
Aspergillus_fumigatus_F18085	19	18	1	0	scaffold_3	2856560	2906560
Aspergillus_fumigatus_F18085	16	13	3	0	scaffold_5	2383648	2433648
Aspergillus_fumigatus_F18085	13	13	0	0	scaffold_6	2810596	2860596
Aspergillus_fumigatus_F18085	21	18	3	0	scaffold_1	127529	177529
Aspergillus_fumigatus_F18085	17	16	1	0	scaffold_5	1757601	1807601
Aspergillus_fumigatus_F18085	19	19	0	0	scaffold_3	1376752	1426752
Aspergillus_fumigatus_F18085	22	20	2	0	scaffold_4	1518677	1568677
Aspergillus_fumigatus_F18085	27	22	5	0	scaffold_7	257794	307794
Aspergillus_fumigatus_F18085	20	20	0	0	scaffold_5	3702079	3752079
Aspergillus_fumigatus_F18085	22	19	3	0	scaffold_5	1439972	1489972
Aspergillus_fumigatus_F18085	22	13	9	0	scaffold_4	2948689	2998689
Aspergillus_fumigatus_F18085	19	17	2	0	scaffold_3	3489502	3539502
Aspergillus_fumigatus_F18085	19	17	2	0	scaffold_6	336623	386623
Aspergillus_fumigatus_F18085	19	17	2	0	scaffold_6	1993268	2043268
Aspergillus_fumigatus_F18085	13	13	0	0	scaffold_2	3651159	3701159
Aspergillus_fumigatus_F18085	20	20	0	0	scaffold_5	2122996	2172996
Aspergillus_fumigatus_F18085	17	16	1	0	scaffold_5	1811608	1861608
Aspergillus_fumigatus_F18085	21	21	0	0	scaffold_6	1226291	1276291
Aspergillus_fumigatus_F18085	23	19	4	0	scaffold_5	2419457	2469457
Aspergillus_fumigatus_F18085	24	22	2	0	scaffold_1	4599684	4649684
Aspergillus_fumigatus_F18085	20	18	2	0	scaffold_2	4360288	4410288
Aspergillus_fumigatus_F18085	13	10	3	0	scaffold_4	3213851	3263851
Aspergillus_fumigatus_F18085	18	17	1	0	scaffold_1	1465385	1515385
Aspergillus_fumigatus_F18085	15	15	0	0	scaffold_3	607748	657748
Aspergillus_fumigatus_F18085	21	21	0	0	scaffold_3	574677	624677
Aspergillus_fumigatus_F18085	13	0	13	0	scaffold_6	686870	736870
Aspergillus_fumigatus_F18085	19	19	0	0	scaffold_2	3720947	3770947
Aspergillus_fumigatus_F18085	15	15	0	0	scaffold_3	2456759	2506759
Aspergillus_fumigatus_F18085	20	17	3	0	scaffold_4	2916427	2966427
Aspergillus_fumigatus_F18085	0	0	0	0	scaffold_4	605486	655486
Aspergillus_fumigatus_F18085	16	16	0	0	scaffold_6	1582850	1632850
Aspergillus_fumigatus_F18085	22	15	7	0	scaffold_1	4413740	4463740
Aspergillus_fumigatus_F18085	21	21	0	0	scaffold_2	391703	441703
Aspergillus_fumigatus_F18085	19	16	3	0	scaffold_4	825769	875769
Aspergillus_fumigatus_F18085	18	16	2	0	scaffold_6	173587	223587
Aspergillus_fumigatus_F18085	18	17	1	0	scaffold_5	1815118	1865118
Aspergillus_fumigatus_F18085	25	21	4	0	scaffold_6	3261679	3311679
Aspergillus_fumigatus_F18085	25	20	5	0	scaffold_7	1171426	1221426
Aspergillus_fumigatus_F18085	5	3	2	0	scaffold_5	1336105	1386105
Aspergillus_fumigatus_F18085	12	11	1	0	scaffold_7	811945	861945
Aspergillus_fumigatus_F18085	17	17	0	0	scaffold_3	1791629	1841629
Aspergillus_fumigatus_F18085	19	17	2	0	scaffold_1	4554142	4604142
Aspergillus_fumigatus_F18085	18	17	1	0	scaffold_2	849875	899875
Aspergillus_fumigatus_F18085	9	9	0	0	scaffold_2	1941992	1991992
Aspergillus_fumigatus_F18085	17	12	5	0	scaffold_5	3034825	3084825
Aspergillus_fumigatus_F18085	20	19	1	0	scaffold_4	3619013	3669013
Aspergillus_fumigatus_F18085	29	28	1	0	scaffold_2	75549	125549
Aspergillus_fumigatus_F18085	20	17	3	0	scaffold_1	1064572	1114572
Aspergillus_fumigatus_F18085	28	22	6	0	scaffold_7	1556706	1606706
Aspergillus_fumigatus_F18085	21	18	3	0	scaffold_2	2480156	2530156
Aspergillus_fumigatus_F18085	20	19	1	0	scaffold_3	2866707	2916707
Aspergillus_fumigatus_F18085	19	19	0	0	scaffold_4	495471	545471
Aspergillus_fumigatus_F18085	18	16	2	0	scaffold_3	816969	866969
Aspergillus_fumigatus_F18085	26	19	7	0	scaffold_5	13727	63727
Aspergillus_fumigatus_F18085	26	23	3	0	scaffold_4	3956089	4006089
Aspergillus_fumigatus_F18085	17	16	1	0	scaffold_1	2532880	2582880
Aspergillus_fumigatus_F18085	12	9	3	0	scaffold_3	3056011	3106011
Aspergillus_fumigatus_F18085	15	14	1	0	scaffold_2	3154294	3204294
Aspergillus_fumigatus_F18085	19	15	4	0	scaffold_1	1553405	1603405
Aspergillus_fumigatus_F18085	18	17	1	0	scaffold_3	3347413	3397413
Aspergillus_fumigatus_F18085	21	18	3	0	scaffold_2	3269859	3319859
Aspergillus_fumigatus_F18085	15	14	1	0	scaffold_7	560169	610169
Aspergillus_fumigatus_F18085	0	0	0	0	scaffold_4	4069508	4119508
Aspergillus_fumigatus_F18085	22	21	1	0	scaffold_6	3536682	3586682
Aspergillus_fumigatus_F18085	21	19	2	0	scaffold_1	3739551	3789551
Aspergillus_fumigatus_F18085	21	19	2	0	scaffold_6	3705659	3755659
Aspergillus_fumigatus_F18085	25	20	5	0	scaffold_8	946341	996341
Aspergillus_fumigatus_F18085	21	18	3	0	scaffold_3	4206860	4256860
Aspergillus_fumigatus_F18085	1	1	0	0	scaffold_5	2235385	2285385
Aspergillus_fumigatus_F18085	18	18	0	0	scaffold_3	3275521	3325521
Aspergillus_fumigatus_F18085	18	15	3	0	scaffold_4	3316459	3366459
Aspergillus_fumigatus_F18085	9	9	0	0	scaffold_7	683816	733816
Aspergillus_fumigatus_F18085	19	17	2	0	scaffold_2	1603010	1653010
Aspergillus_fumigatus_F18085	20	19	1	0	scaffold_3	3188627	3238627
Aspergillus_fumigatus_F18085	19	16	3	0	scaffold_2	535830	585830
Aspergillus_fumigatus_F18085	19	18	1	0	scaffold_2	2953332	3003332
Aspergillus_fumigatus_F18085	22	21	1	0	scaffold_5	1458880	1508880
Aspergillus_fumigatus_F18085	17	15	2	0	scaffold_5	562104	612104
Aspergillus_fumigatus_F18085	15	14	1	0	scaffold_2	2376858	2426858
Aspergillus_fumigatus_F18085	20	19	1	0	scaffold_2	2273990	2323990
Aspergillus_fumigatus_F18085	17	17	0	0	scaffold_2	4166678	4216678
Aspergillus_fumigatus_F18085	24	22	2	0	scaffold_2	2299980	2349980
Aspergillus_fumigatus_F18085	24	21	3	0	scaffold_4	1976111	2026111
Aspergillus_fumigatus_F18085	19	17	2	0	scaffold_5	1230276	1280276
Aspergillus_fumigatus_F18085	17	15	2	0	scaffold_6	2540810	2590810
Aspergillus_fumigatus_F18085	20	17	3	0	scaffold_3	1004879	1054879
Aspergillus_fumigatus_F18085	16	15	1	0	scaffold_4	1561480	1611480
Aspergillus_fumigatus_F18085	16	15	1	0	scaffold_2	2010182	2060182
Aspergillus_fumigatus_F18085	21	19	2	0	scaffold_5	3601691	3651691
Aspergillus_fumigatus_F18085	12	12	0	0	scaffold_4	3530162	3580162
Aspergillus_fumigatus_F18085	23	17	6	0	scaffold_5	2993176	3043176
Aspergillus_fumigatus_F18085	7	6	1	0	scaffold_1	1889106	1939106
Aspergillus_fumigatus_F18085	24	17	7	0	scaffold_5	2344795	2394795
Aspergillus_fumigatus_F18085	16	15	1	0	scaffold_3	130913	180913
Aspergillus_fumigatus_F18085	22	21	1	0	scaffold_6	1758455	1808455
Aspergillus_fumigatus_F18085	21	20	1	0	scaffold_1	2606355	2656355
Aspergillus_fumigatus_F18085	22	21	1	0	scaffold_7	862202	912202
Aspergillus_fumigatus_F18085	21	18	3	0	scaffold_5	1966361	2016361
Aspergillus_fumigatus_F18085	23	19	4	0	scaffold_2	3248977	3298977
Aspergillus_fumigatus_F18085	22	19	3	0	scaffold_5	2482561	2532561
Aspergillus_fumigatus_F18085	22	20	2	0	scaffold_3	2882450	2932450
Aspergillus_fumigatus_F18085	17	17	0	0	scaffold_8	307335	357335
Aspergillus_fumigatus_F18085	21	20	1	0	scaffold_1	4589701	4639701
Aspergillus_fumigatus_F18085	15	15	0	0	scaffold_2	753787	803787
Aspergillus_fumigatus_F18085	14	14	0	0	scaffold_4	2346314	2396314
Aspergillus_fumigatus_F18085	19	18	1	0	scaffold_2	1269850	1319850
Aspergillus_fumigatus_F18085	21	20	1	0	scaffold_5	2515408	2565408
Aspergillus_fumigatus_F18085	20	18	2	0	scaffold_1	829443	879443
Aspergillus_fumigatus_F18085	21	20	1	0	scaffold_6	2743386	2793386
Aspergillus_fumigatus_F18085	18	18	0	0	scaffold_4	1320424	1370424
Aspergillus_fumigatus_F18085	17	16	1	0	scaffold_3	3464962	3514962
Aspergillus_fumigatus_F18085	24	20	4	0	scaffold_6	373418	423418
Aspergillus_fumigatus_F18085	16	0	16	0	scaffold_7	1831849	1881849
Aspergillus_fumigatus_F18085	16	14	2	0	scaffold_6	2597597	2647597
Aspergillus_fumigatus_F18085	22	19	3	0	scaffold_1	133857	183857
Aspergillus_fumigatus_F18085	18	16	2	0	scaffold_3	1149933	1199933
Aspergillus_fumigatus_F18085	22	19	3	0	scaffold_2	1569286	1619286
Aspergillus_fumigatus_F18085	18	16	2	0	scaffold_2	2999192	3049192
Aspergillus_fumigatus_F18085	23	22	1	0	scaffold_4	1761409	1811409
Aspergillus_fumigatus_F18085	12	11	1	0	scaffold_6	3726665	3776665
Aspergillus_fumigatus_F18085	23	23	0	0	scaffold_7	905228	955228
Aspergillus_fumigatus_F18085	19	17	2	0	scaffold_3	2020386	2070386
Aspergillus_fumigatus_F18085	21	18	3	0	scaffold_2	2554517	2604517
Aspergillus_fumigatus_F18085	19	18	1	0	scaffold_2	1415708	1465708
Aspergillus_fumigatus_F18085	18	16	2	0	scaffold_3	2008020	2058020
Aspergillus_fumigatus_F18085	17	16	1	0	scaffold_3	1172237	1222237
Aspergillus_fumigatus_F18085	18	14	4	0	scaffold_3	49754	99754
Aspergillus_fumigatus_F18085	14	13	1	0	scaffold_7	773605	823605
Aspergillus_fumigatus_F18085	19	15	4	0	scaffold_8	1090116	1140116
Aspergillus_fumigatus_F18085	24	22	2	0	scaffold_1	2933872	2983872
Aspergillus_fumigatus_F18085	22	21	1	0	scaffold_1	3100651	3150651
Aspergillus_fumigatus_F18085	20	19	1	0	scaffold_5	646395	696395
Aspergillus_fumigatus_F18085	18	17	1	0	scaffold_6	1664278	1714278
Aspergillus_fumigatus_F18085	15	13	2	0	scaffold_7	456049	506049
Aspergillus_fumigatus_F18085	20	19	1	0	scaffold_5	2184503	2234503
Aspergillus_fumigatus_F18085	21	12	9	0	scaffold_4	185217	235217
Aspergillus_fumigatus_F18085	19	16	3	0	scaffold_2	2483836	2533836
Aspergillus_fumigatus_F18085	25	23	2	0	scaffold_8	1052366	1102366
Aspergillus_fumigatus_F18085	19	16	3	0	scaffold_2	2615789	2665789
Aspergillus_fumigatus_F18085	21	21	0	0	scaffold_3	3445469	3495469
Aspergillus_fumigatus_F18085	18	14	4	0	scaffold_5	2371206	2421206
Aspergillus_fumigatus_F18085	16	15	1	0	scaffold_7	834832	884832
Aspergillus_fumigatus_F18085	19	16	3	0	scaffold_8	416212	466212
Aspergillus_fumigatus_F18085	14	13	1	0	scaffold_7	573282	623282
Aspergillus_fumigatus_F18085	16	16	0	0	scaffold_3	2511869	2561869
Aspergillus_fumigatus_F18085	20	18	2	0	scaffold_6	3164335	3214335
Aspergillus_fumigatus_F18085	23	20	3	0	scaffold_2	1673172	1723172
Aspergillus_fumigatus_F18085	18	17	1	0	scaffold_2	2507169	2557169
Aspergillus_fumigatus_F18085	24	22	2	0	scaffold_6	2754146	2804146
Aspergillus_fumigatus_F18085	19	16	3	0	scaffold_2	4377645	4427645
Aspergillus_fumigatus_F18085	16	15	1	0	scaffold_1	1374788	1424788
Aspergillus_fumigatus_F18085	17	15	2	0	scaffold_5	1678634	1728634
Aspergillus_fumigatus_F18085	28	24	4	0	scaffold_5	43881	93881
Aspergillus_fumigatus_F18085	22	19	3	0	scaffold_1	3176638	3226638
Aspergillus_fumigatus_F18085	21	20	1	0	scaffold_7	162337	212337
Aspergillus_fumigatus_F18085	18	17	1	0	scaffold_6	2776240	2826240
Aspergillus_fumigatus_F18085	21	21	0	0	scaffold_3	1359023	1409023
Aspergillus_fumigatus_F18085	22	18	4	0	scaffold_7	325652	375652
Aspergillus_fumigatus_F18085	19	18	1	0	scaffold_1	1750247	1800247
Aspergillus_fumigatus_F18085	15	12	3	0	scaffold_5	3140582	3190582
Aspergillus_fumigatus_F18085	23	22	1	0	scaffold_3	4024587	4074587
Aspergillus_fumigatus_F18085	21	15	6	0	scaffold_7	422248	472248
Aspergillus_fumigatus_F18085	19	4	15	0	scaffold_6	735613	785613
Aspergillus_fumigatus_F18085	19	19	0	0	scaffold_1	1647988	1697988
Aspergillus_fumigatus_F18085	17	17	0	0	scaffold_3	1271313	1321313
Aspergillus_fumigatus_F18085	18	18	0	0	scaffold_2	4159180	4209180
Aspergillus_fumigatus_F18085	1	1	0	0	scaffold_7	708298	758298
Aspergillus_fumigatus_F18085	22	19	3	0	scaffold_6	2234949	2284949
Aspergillus_fumigatus_F18085	23	23	0	0	scaffold_6	628895	678895
Aspergillus_fumigatus_F18085	24	17	7	0	scaffold_5	2344247	2394247
Aspergillus_fumigatus_F18085	20	17	3	0	scaffold_2	125262	175262
Aspergillus_fumigatus_F18085	24	22	2	0	scaffold_2	182592	232592
Aspergillus_fumigatus_F18085	15	13	2	0	scaffold_7	378882	428882
Aspergillus_fumigatus_F18085	9	7	2	0	scaffold_3	1467356	1517356
Aspergillus_fumigatus_F18085	20	18	2	0	scaffold_7	1052256	1102256
Aspergillus_fumigatus_F18085	16	16	0	0	scaffold_5	1865101	1915101
