STRAIN	TOTAL	CORE	ACCESSORY	SINGLETON	CHROM	START	END
Aspergillus_fumigatus_B5852	22	21	1	0	scaffold_6	1326412	1376412
Aspergillus_fumigatus_B5852	20	19	1	0	scaffold_4	340834	390834
Aspergillus_fumigatus_B5852	18	16	2	0	scaffold_8	47733	97733
Aspergillus_fumigatus_B5852	19	17	2	0	scaffold_1	2912096	2962096
Aspergillus_fumigatus_B5852	11	11	0	0	scaffold_3	1131674	1181674
Aspergillus_fumigatus_B5852	18	17	1	0	scaffold_6	3108751	3158751
Aspergillus_fumigatus_B5852	18	14	4	0	scaffold_1	1387005	1437005
Aspergillus_fumigatus_B5852	7	5	2	0	scaffold_2	4106940	4156940
Aspergillus_fumigatus_B5852	23	21	2	0	scaffold_3	2648211	2698211
Aspergillus_fumigatus_B5852	16	15	1	0	scaffold_5	354226	404226
Aspergillus_fumigatus_B5852	19	4	15	0	scaffold_5	2227741	2277741
Aspergillus_fumigatus_B5852	15	13	2	0	scaffold_2	3413837	3463837
Aspergillus_fumigatus_B5852	19	18	1	0	scaffold_4	900492	950492
Aspergillus_fumigatus_B5852	17	14	3	0	scaffold_1	3398726	3448726
Aspergillus_fumigatus_B5852	14	13	1	0	scaffold_8	1340762	1390762
Aspergillus_fumigatus_B5852	14	6	8	0	scaffold_5	2516274	2566274
Aspergillus_fumigatus_B5852	21	21	0	0	scaffold_4	3125623	3175623
Aspergillus_fumigatus_B5852	14	13	1	0	scaffold_5	3482093	3532093
Aspergillus_fumigatus_B5852	18	18	0	0	scaffold_5	967483	1017483
Aspergillus_fumigatus_B5852	16	14	2	0	scaffold_2	3732184	3782184
Aspergillus_fumigatus_B5852	21	19	2	0	scaffold_7	106355	156355
Aspergillus_fumigatus_B5852	22	20	2	0	scaffold_1	311965	361965
Aspergillus_fumigatus_B5852	16	15	1	0	scaffold_5	2789997	2839997
Aspergillus_fumigatus_B5852	20	17	3	0	scaffold_5	1896355	1946355
Aspergillus_fumigatus_B5852	18	17	1	0	scaffold_6	2422408	2472408
Aspergillus_fumigatus_B5852	23	20	3	0	scaffold_3	3481746	3531746
Aspergillus_fumigatus_B5852	13	10	3	0	scaffold_1	1016030	1066030
Aspergillus_fumigatus_B5852	21	20	1	0	scaffold_7	1103164	1153164
Aspergillus_fumigatus_B5852	18	1	17	0	scaffold_3	630525	680525
Aspergillus_fumigatus_B5852	19	15	4	0	scaffold_4	1632650	1682650
Aspergillus_fumigatus_B5852	20	19	1	0	scaffold_6	3067689	3117689
Aspergillus_fumigatus_B5852	18	18	0	0	scaffold_4	2227991	2277991
Aspergillus_fumigatus_B5852	18	18	0	0	scaffold_4	61597	111597
Aspergillus_fumigatus_B5852	20	15	5	0	scaffold_7	1492150	1542150
Aspergillus_fumigatus_B5852	23	23	0	0	scaffold_4	989434	1039434
Aspergillus_fumigatus_B5852	21	20	1	0	scaffold_1	982856	1032856
Aspergillus_fumigatus_B5852	15	14	1	0	scaffold_6	1352696	1402696
Aspergillus_fumigatus_B5852	19	15	4	0	scaffold_1	200149	250149
Aspergillus_fumigatus_B5852	18	18	0	0	scaffold_3	193711	243711
Aspergillus_fumigatus_B5852	19	19	0	0	scaffold_7	1067379	1117379
Aspergillus_fumigatus_B5852	19	17	2	0	scaffold_2	2841807	2891807
Aspergillus_fumigatus_B5852	16	15	1	0	scaffold_2	1197413	1247413
Aspergillus_fumigatus_B5852	18	17	1	0	scaffold_2	2512342	2562342
Aspergillus_fumigatus_B5852	19	16	3	0	scaffold_2	3297701	3347701
Aspergillus_fumigatus_B5852	21	18	3	0	scaffold_3	276917	326917
Aspergillus_fumigatus_B5852	19	18	1	0	scaffold_6	1638668	1688668
Aspergillus_fumigatus_B5852	25	23	2	0	scaffold_3	1083089	1133089
Aspergillus_fumigatus_B5852	23	22	1	0	scaffold_3	406945	456945
Aspergillus_fumigatus_B5852	19	18	1	0	scaffold_7	497772	547772
Aspergillus_fumigatus_B5852	17	13	4	0	scaffold_1	1425783	1475783
Aspergillus_fumigatus_B5852	20	18	2	0	scaffold_2	4522928	4572928
Aspergillus_fumigatus_B5852	21	18	3	0	scaffold_5	440460	490460
Aspergillus_fumigatus_B5852	16	14	2	0	scaffold_5	1625808	1675808
Aspergillus_fumigatus_B5852	18	14	4	0	scaffold_1	4103444	4153444
Aspergillus_fumigatus_B5852	17	17	0	0	scaffold_2	4302143	4352143
Aspergillus_fumigatus_B5852	23	18	5	0	scaffold_1	3154425	3204425
Aspergillus_fumigatus_B5852	17	16	1	0	scaffold_3	2511224	2561224
Aspergillus_fumigatus_B5852	19	19	0	0	scaffold_6	2996804	3046804
Aspergillus_fumigatus_B5852	5	1	4	0	scaffold_2	63759	113759
Aspergillus_fumigatus_B5852	20	18	2	0	scaffold_3	2669185	2719185
Aspergillus_fumigatus_B5852	21	20	1	0	scaffold_1	2128027	2178027
Aspergillus_fumigatus_B5852	15	15	0	0	scaffold_2	4172466	4222466
Aspergillus_fumigatus_B5852	6	6	0	0	scaffold_1	1740560	1790560
Aspergillus_fumigatus_B5852	22	20	2	0	scaffold_2	2170380	2220380
Aspergillus_fumigatus_B5852	18	16	2	0	scaffold_8	1043973	1093973
Aspergillus_fumigatus_B5852	24	21	3	0	scaffold_3	3446385	3496385
Aspergillus_fumigatus_B5852	18	16	2	0	scaffold_1	281787	331787
Aspergillus_fumigatus_B5852	23	23	0	0	scaffold_5	648616	698616
Aspergillus_fumigatus_B5852	18	17	1	0	scaffold_4	1722540	1772540
Aspergillus_fumigatus_B5852	18	18	0	0	scaffold_5	1695782	1745782
Aspergillus_fumigatus_B5852	24	23	1	0	scaffold_3	1482838	1532838
Aspergillus_fumigatus_B5852	18	17	1	0	scaffold_5	832526	882526
Aspergillus_fumigatus_B5852	18	17	1	0	scaffold_4	258983	308983
Aspergillus_fumigatus_B5852	22	19	3	0	scaffold_1	48796	98796
Aspergillus_fumigatus_B5852	25	23	2	0	scaffold_6	673966	723966
Aspergillus_fumigatus_B5852	14	13	1	0	scaffold_7	1305618	1355618
Aspergillus_fumigatus_B5852	12	11	1	0	scaffold_2	4061335	4111335
Aspergillus_fumigatus_B5852	15	12	3	0	scaffold_3	1950093	2000093
Aspergillus_fumigatus_B5852	12	11	1	0	scaffold_6	88881	138881
Aspergillus_fumigatus_B5852	19	18	1	0	scaffold_1	1600751	1650751
Aspergillus_fumigatus_B5852	23	19	4	0	scaffold_7	426322	476322
Aspergillus_fumigatus_B5852	21	16	5	0	scaffold_4	385538	435538
Aspergillus_fumigatus_B5852	17	16	1	0	scaffold_6	2606005	2656005
Aspergillus_fumigatus_B5852	17	17	0	0	scaffold_3	2556770	2606770
Aspergillus_fumigatus_B5852	17	15	2	0	scaffold_1	3442299	3492299
Aspergillus_fumigatus_B5852	19	18	1	0	scaffold_3	2909322	2959322
Aspergillus_fumigatus_B5852	18	16	2	0	scaffold_3	2430380	2480380
Aspergillus_fumigatus_B5852	18	17	1	0	scaffold_5	1705285	1755285
Aspergillus_fumigatus_B5852	16	16	0	0	scaffold_3	1411243	1461243
Aspergillus_fumigatus_B5852	18	18	0	0	scaffold_5	1070959	1120959
Aspergillus_fumigatus_B5852	15	12	3	0	scaffold_1	1019048	1069048
Aspergillus_fumigatus_B5852	20	19	1	0	scaffold_1	2272005	2322005
Aspergillus_fumigatus_B5852	17	16	1	0	scaffold_5	1756170	1806170
Aspergillus_fumigatus_B5852	12	10	2	0	scaffold_4	3760458	3810458
Aspergillus_fumigatus_B5852	20	16	4	0	scaffold_1	3359776	3409776
Aspergillus_fumigatus_B5852	15	14	1	0	scaffold_3	1208358	1258358
Aspergillus_fumigatus_B5852	27	25	2	0	scaffold_7	1440485	1490485
Aspergillus_fumigatus_B5852	21	21	0	0	scaffold_4	520298	570298
Aspergillus_fumigatus_B5852	20	16	4	0	scaffold_5	2553310	2603310
Aspergillus_fumigatus_B5852	18	17	1	0	scaffold_7	303864	353864
Aspergillus_fumigatus_B5852	14	13	1	0	scaffold_5	826591	876591
Aspergillus_fumigatus_B5852	12	11	1	0	scaffold_6	92514	142514
Aspergillus_fumigatus_B5852	16	13	3	0	scaffold_1	1415627	1465627
Aspergillus_fumigatus_B5852	19	17	2	0	scaffold_6	553398	603398
Aspergillus_fumigatus_B5852	14	13	1	0	scaffold_3	1205301	1255301
Aspergillus_fumigatus_B5852	11	9	2	0	scaffold_1	1112745	1162745
Aspergillus_fumigatus_B5852	15	13	2	0	scaffold_5	2362766	2412766
Aspergillus_fumigatus_B5852	24	24	0	0	scaffold_6	2262071	2312071
Aspergillus_fumigatus_B5852	21	19	2	0	scaffold_5	3518096	3568096
Aspergillus_fumigatus_B5852	21	20	1	0	scaffold_8	1396466	1446466
Aspergillus_fumigatus_B5852	21	19	2	0	scaffold_7	1169867	1219867
Aspergillus_fumigatus_B5852	16	16	0	0	scaffold_1	734186	784186
Aspergillus_fumigatus_B5852	23	16	7	0	scaffold_3	983223	1033223
Aspergillus_fumigatus_B5852	18	13	5	0	scaffold_3	1827788	1877788
Aspergillus_fumigatus_B5852	17	16	1	0	scaffold_3	2544477	2594477
Aspergillus_fumigatus_B5852	20	18	2	0	scaffold_3	2653968	2703968
Aspergillus_fumigatus_B5852	20	13	7	0	scaffold_2	2686959	2736959
Aspergillus_fumigatus_B5852	22	20	2	0	scaffold_7	596851	646851
Aspergillus_fumigatus_B5852	15	14	1	0	scaffold_4	1073623	1123623
Aspergillus_fumigatus_B5852	16	16	0	0	scaffold_2	4450038	4500038
Aspergillus_fumigatus_B5852	20	14	6	0	scaffold_7	1485281	1535281
Aspergillus_fumigatus_B5852	15	13	2	0	scaffold_2	3070655	3120655
Aspergillus_fumigatus_B5852	15	15	0	0	scaffold_6	2675933	2725933
Aspergillus_fumigatus_B5852	17	13	4	0	scaffold_6	2304583	2354583
Aspergillus_fumigatus_B5852	18	15	3	0	scaffold_2	3302365	3352365
Aspergillus_fumigatus_B5852	22	17	5	0	scaffold_1	3160830	3210830
Aspergillus_fumigatus_B5852	18	18	0	0	scaffold_4	2674619	2724619
Aspergillus_fumigatus_B5852	15	15	0	0	scaffold_5	1753982	1803982
Aspergillus_fumigatus_B5852	25	23	2	0	scaffold_6	953665	1003665
Aspergillus_fumigatus_B5852	20	20	0	0	scaffold_1	2352396	2402396
Aspergillus_fumigatus_B5852	18	16	2	0	scaffold_4	2358472	2408472
Aspergillus_fumigatus_B5852	10	10	0	0	scaffold_2	4613017	4663017
Aspergillus_fumigatus_B5852	18	17	1	0	scaffold_5	2824229	2874229
Aspergillus_fumigatus_B5852	20	19	1	0	scaffold_6	2004439	2054439
Aspergillus_fumigatus_B5852	21	21	0	0	scaffold_6	1319803	1369803
Aspergillus_fumigatus_B5852	24	24	0	0	scaffold_6	1302479	1352479
Aspergillus_fumigatus_B5852	3	3	0	0	scaffold_5	1250625	1300625
Aspergillus_fumigatus_B5852	20	18	2	0	scaffold_3	269264	319264
Aspergillus_fumigatus_B5852	23	20	3	0	scaffold_3	1997150	2047150
Aspergillus_fumigatus_B5852	22	21	1	0	scaffold_5	3170559	3220559
Aspergillus_fumigatus_B5852	21	19	2	0	scaffold_3	1745909	1795909
Aspergillus_fumigatus_B5852	13	11	2	0	scaffold_2	3416824	3466824
Aspergillus_fumigatus_B5852	17	16	1	0	scaffold_6	2419513	2469513
Aspergillus_fumigatus_B5852	17	16	1	0	scaffold_5	1798279	1848279
Aspergillus_fumigatus_B5852	21	17	4	0	scaffold_4	404408	454408
Aspergillus_fumigatus_B5852	1	1	0	0	scaffold_2	120695	170695
Aspergillus_fumigatus_B5852	22	20	2	0	scaffold_5	1010285	1060285
Aspergillus_fumigatus_B5852	18	15	3	0	scaffold_5	2414980	2464980
Aspergillus_fumigatus_B5852	14	13	1	0	scaffold_2	489138	539138
Aspergillus_fumigatus_B5852	18	15	3	0	scaffold_6	2297288	2347288
Aspergillus_fumigatus_B5852	19	16	3	0	scaffold_1	3405928	3455928
Aspergillus_fumigatus_B5852	25	24	1	0	scaffold_7	1434938	1484938
Aspergillus_fumigatus_B5852	17	15	2	0	scaffold_7	843309	893309
Aspergillus_fumigatus_B5852	15	14	1	0	scaffold_3	1296055	1346055
Aspergillus_fumigatus_B5852	15	14	1	0	scaffold_5	464832	514832
Aspergillus_fumigatus_B5852	20	18	2	0	scaffold_5	1914997	1964997
Aspergillus_fumigatus_B5852	20	20	0	0	scaffold_3	2128101	2178101
Aspergillus_fumigatus_B5852	19	19	0	0	scaffold_5	3194197	3244197
Aspergillus_fumigatus_B5852	19	19	0	0	scaffold_2	653677	703677
Aspergillus_fumigatus_B5852	21	20	1	0	scaffold_5	604681	654681
Aspergillus_fumigatus_B5852	21	20	1	0	scaffold_6	1828148	1878148
Aspergillus_fumigatus_B5852	17	16	1	0	scaffold_6	104186	154186
Aspergillus_fumigatus_B5852	22	21	1	0	scaffold_4	850037	900037
Aspergillus_fumigatus_B5852	22	20	2	0	scaffold_5	757343	807343
Aspergillus_fumigatus_B5852	21	18	3	0	scaffold_6	3379728	3429728
Aspergillus_fumigatus_B5852	19	17	2	0	scaffold_1	3626394	3676394
Aspergillus_fumigatus_B5852	20	17	3	0	scaffold_3	786577	836577
Aspergillus_fumigatus_B5852	15	14	1	0	scaffold_5	1845228	1895228
Aspergillus_fumigatus_B5852	13	13	0	0	scaffold_6	2055506	2105506
Aspergillus_fumigatus_B5852	25	21	4	0	scaffold_3	2217209	2267209
Aspergillus_fumigatus_B5852	18	0	18	0	scaffold_1	4270138	4320138
Aspergillus_fumigatus_B5852	20	17	3	0	scaffold_6	511920	561920
Aspergillus_fumigatus_B5852	17	16	1	0	scaffold_1	1534679	1584679
Aspergillus_fumigatus_B5852	21	18	3	0	scaffold_3	1768509	1818509
Aspergillus_fumigatus_B5852	18	15	3	0	scaffold_1	4572388	4622388
Aspergillus_fumigatus_B5852	20	18	2	0	scaffold_4	349033	399033
Aspergillus_fumigatus_B5852	14	14	0	0	scaffold_6	2041599	2091599
Aspergillus_fumigatus_B5852	18	18	0	0	scaffold_3	2560900	2610900
Aspergillus_fumigatus_B5852	17	16	1	0	scaffold_6	3416405	3466405
Aspergillus_fumigatus_B5852	21	17	4	0	scaffold_4	1744892	1794892
Aspergillus_fumigatus_B5852	22	20	2	0	scaffold_3	2174703	2224703
Aspergillus_fumigatus_B5852	20	17	3	0	scaffold_5	1890386	1940386
Aspergillus_fumigatus_B5852	17	14	3	0	scaffold_1	3449542	3499542
Aspergillus_fumigatus_B5852	19	16	3	0	scaffold_6	3352141	3402141
Aspergillus_fumigatus_B5852	16	14	2	0	scaffold_3	1901886	1951886
Aspergillus_fumigatus_B5852	19	16	3	0	scaffold_2	3299666	3349666
Aspergillus_fumigatus_B5852	19	11	8	0	scaffold_1	4210195	4260195
Aspergillus_fumigatus_B5852	18	17	1	0	scaffold_1	3411923	3461923
Aspergillus_fumigatus_B5852	17	15	2	0	scaffold_3	1312338	1362338
Aspergillus_fumigatus_B5852	21	19	2	0	scaffold_3	2993920	3043920
Aspergillus_fumigatus_B5852	11	10	1	0	scaffold_6	391553	441553
Aspergillus_fumigatus_B5852	20	16	4	0	scaffold_5	697490	747490
Aspergillus_fumigatus_B5852	19	18	1	0	scaffold_5	525653	575653
Aspergillus_fumigatus_B5852	19	19	0	0	scaffold_4	3157084	3207084
Aspergillus_fumigatus_B5852	19	18	1	0	scaffold_3	1219613	1269613
Aspergillus_fumigatus_B5852	18	18	0	0	scaffold_5	3226561	3276561
Aspergillus_fumigatus_B5852	17	16	1	0	scaffold_2	790311	840311
Aspergillus_fumigatus_B5852	21	19	2	0	scaffold_5	3538051	3588051
Aspergillus_fumigatus_B5852	14	11	3	0	scaffold_7	797000	847000
Aspergillus_fumigatus_B5852	19	18	1	0	scaffold_7	1590804	1640804
Aspergillus_fumigatus_B5852	18	17	1	0	scaffold_2	612632	662632
Aspergillus_fumigatus_B5852	13	11	2	0	scaffold_7	859695	909695
Aspergillus_fumigatus_B5852	21	16	5	0	scaffold_3	1819310	1869310
Aspergillus_fumigatus_B5852	10	9	1	0	scaffold_6	403493	453493
Aspergillus_fumigatus_B5852	21	20	1	0	scaffold_5	3065122	3115122
Aspergillus_fumigatus_B5852	26	21	5	0	scaffold_5	27566	77566
Aspergillus_fumigatus_B5852	21	18	3	0	scaffold_5	1919725	1969725
Aspergillus_fumigatus_B5852	15	15	0	0	scaffold_2	3455900	3505900
Aspergillus_fumigatus_B5852	0	0	0	0	scaffold_2	4131201	4181201
Aspergillus_fumigatus_B5852	23	17	6	0	scaffold_8	1138019	1188019
Aspergillus_fumigatus_B5852	22	20	2	0	scaffold_1	3275791	3325791
Aspergillus_fumigatus_B5852	0	0	0	0	scaffold_2	113698	163698
Aspergillus_fumigatus_B5852	13	12	1	0	scaffold_1	1876954	1926954
Aspergillus_fumigatus_B5852	17	8	9	0	scaffold_3	588192	638192
Aspergillus_fumigatus_B5852	14	0	14	0	scaffold_1	4285195	4335195
Aspergillus_fumigatus_B5852	15	15	0	0	scaffold_1	3553340	3603340
Aspergillus_fumigatus_B5852	18	18	0	0	scaffold_8	970530	1020530
Aspergillus_fumigatus_B5852	20	18	2	0	scaffold_3	244887	294887
Aspergillus_fumigatus_B5852	18	15	3	0	scaffold_2	3101542	3151542
Aspergillus_fumigatus_B5852	24	21	3	0	scaffold_7	1646638	1696638
Aspergillus_fumigatus_B5852	22	21	1	0	scaffold_6	37300	87300
Aspergillus_fumigatus_B5852	24	22	2	0	scaffold_4	3725092	3775092
Aspergillus_fumigatus_B5852	22	22	0	0	scaffold_6	1756661	1806661
Aspergillus_fumigatus_B5852	15	15	0	0	scaffold_8	622329	672329
Aspergillus_fumigatus_B5852	27	26	1	0	scaffold_6	718219	768219
Aspergillus_fumigatus_B5852	20	19	1	0	scaffold_2	2126541	2176541
Aspergillus_fumigatus_B5852	21	20	1	0	scaffold_5	856236	906236
Aspergillus_fumigatus_B5852	21	18	3	0	scaffold_3	295737	345737
Aspergillus_fumigatus_B5852	19	16	3	0	scaffold_5	2556656	2606656
Aspergillus_fumigatus_B5852	22	22	0	0	scaffold_4	965173	1015173
Aspergillus_fumigatus_B5852	18	18	0	0	scaffold_2	3006168	3056168
Aspergillus_fumigatus_B5852	19	19	0	0	scaffold_7	1026311	1076311
Aspergillus_fumigatus_B5852	20	18	2	0	scaffold_1	235556	285556
Aspergillus_fumigatus_B5852	20	19	1	0	scaffold_1	1527682	1577682
Aspergillus_fumigatus_B5852	21	21	0	0	scaffold_5	1579623	1629623
Aspergillus_fumigatus_B5852	14	14	0	0	scaffold_4	1915979	1965979
Aspergillus_fumigatus_B5852	23	18	5	0	scaffold_1	3149689	3199689
Aspergillus_fumigatus_B5852	16	14	2	0	scaffold_1	1445329	1495329
Aspergillus_fumigatus_B5852	22	20	2	0	scaffold_7	1167527	1217527
Aspergillus_fumigatus_B5852	22	22	0	0	scaffold_4	968896	1018896
Aspergillus_fumigatus_B5852	14	13	1	0	scaffold_4	1485009	1535009
Aspergillus_fumigatus_B5852	14	11	3	0	scaffold_3	3233434	3283434
Aspergillus_fumigatus_B5852	14	13	1	0	scaffold_4	2136899	2186899
Aspergillus_fumigatus_B5852	23	20	3	0	scaffold_3	2200068	2250068
Aspergillus_fumigatus_B5852	22	19	3	0	scaffold_8	548868	598868
Aspergillus_fumigatus_B5852	22	20	2	0	scaffold_3	2015417	2065417
Aspergillus_fumigatus_B5852	19	15	4	0	scaffold_3	3662515	3712515
Aspergillus_fumigatus_B5852	8	6	2	0	scaffold_4	1108814	1158814
Aspergillus_fumigatus_B5852	28	23	5	0	scaffold_4	169408	219408
Aspergillus_fumigatus_B5852	1	1	0	0	scaffold_6	3452744	3502744
Aspergillus_fumigatus_B5852	23	17	6	0	scaffold_2	2723990	2773990
Aspergillus_fumigatus_B5852	19	13	6	0	scaffold_1	4479976	4529976
Aspergillus_fumigatus_B5852	20	17	3	0	scaffold_8	89805	139805
Aspergillus_fumigatus_B5852	1	1	0	0	scaffold_6	3452320	3502320
Aspergillus_fumigatus_B5852	17	16	1	0	scaffold_2	339824	389824
Aspergillus_fumigatus_B5852	20	20	0	0	scaffold_5	3644856	3694856
Aspergillus_fumigatus_B5852	21	21	0	0	scaffold_2	644302	694302
Aspergillus_fumigatus_B5852	23	18	5	0	scaffold_4	3306094	3356094
Aspergillus_fumigatus_B5852	20	18	2	0	scaffold_2	2753084	2803084
Aspergillus_fumigatus_B5852	16	14	2	0	scaffold_4	1887833	1937833
Aspergillus_fumigatus_B5852	22	22	0	0	scaffold_5	2667552	2717552
Aspergillus_fumigatus_B5852	19	18	1	0	scaffold_6	348570	398570
Aspergillus_fumigatus_B5852	19	19	0	0	scaffold_2	2600308	2650308
Aspergillus_fumigatus_B5852	21	20	1	0	scaffold_7	632664	682664
Aspergillus_fumigatus_B5852	20	19	1	0	scaffold_1	2276476	2326476
Aspergillus_fumigatus_B5852	22	21	1	0	scaffold_8	295224	345224
Aspergillus_fumigatus_B5852	16	15	1	0	scaffold_6	866614	916614
Aspergillus_fumigatus_B5852	15	14	1	0	scaffold_3	1125984	1175984
Aspergillus_fumigatus_B5852	12	11	1	0	scaffold_1	1777832	1827832
Aspergillus_fumigatus_B5852	15	14	1	0	scaffold_8	825148	875148
Aspergillus_fumigatus_B5852	0	0	0	0	scaffold_2	1981924	2031924
Aspergillus_fumigatus_B5852	6	5	1	0	scaffold_5	1291003	1341003
Aspergillus_fumigatus_B5852	20	18	2	0	scaffold_3	3004031	3054031
Aspergillus_fumigatus_B5852	16	14	2	0	scaffold_3	1901320	1951320
Aspergillus_fumigatus_B5852	20	16	4	0	scaffold_7	338961	388961
Aspergillus_fumigatus_B5852	22	19	3	0	scaffold_1	3820098	3870098
Aspergillus_fumigatus_B5852	19	18	1	0	scaffold_6	1460680	1510680
Aspergillus_fumigatus_B5852	14	13	1	0	scaffold_6	1372210	1422210
Aspergillus_fumigatus_B5852	19	19	0	0	scaffold_4	2793130	2843130
Aspergillus_fumigatus_B5852	21	21	0	0	scaffold_2	1639131	1689131
Aspergillus_fumigatus_B5852	17	16	1	0	scaffold_5	400200	450200
Aspergillus_fumigatus_B5852	15	14	1	0	scaffold_1	2780470	2830470
Aspergillus_fumigatus_B5852	15	14	1	0	scaffold_1	1961061	2011061
Aspergillus_fumigatus_B5852	12	7	5	0	scaffold_4	3233966	3283966
Aspergillus_fumigatus_B5852	20	16	4	0	scaffold_1	3367340	3417340
Aspergillus_fumigatus_B5852	22	21	1	0	scaffold_1	3318167	3368167
Aspergillus_fumigatus_B5852	18	17	1	0	scaffold_6	1464772	1514772
Aspergillus_fumigatus_B5852	21	20	1	0	scaffold_5	3540067	3590067
Aspergillus_fumigatus_B5852	18	16	2	0	scaffold_4	3441961	3491961
Aspergillus_fumigatus_B5852	17	16	1	0	scaffold_4	1391398	1441398
Aspergillus_fumigatus_B5852	17	15	2	0	scaffold_4	2821723	2871723
Aspergillus_fumigatus_B5852	19	19	0	0	scaffold_5	3237017	3287017
Aspergillus_fumigatus_B5852	18	17	1	0	scaffold_3	2661538	2711538
Aspergillus_fumigatus_B5852	19	18	1	0	scaffold_3	2657922	2707922
Aspergillus_fumigatus_B5852	20	20	0	0	scaffold_4	2882568	2932568
Aspergillus_fumigatus_B5852	22	21	1	0	scaffold_6	2874737	2924737
Aspergillus_fumigatus_B5852	25	22	3	0	scaffold_6	3331861	3381861
Aspergillus_fumigatus_B5852	10	9	1	0	scaffold_1	1796828	1846828
Aspergillus_fumigatus_B5852	22	17	5	0	scaffold_8	1131488	1181488
Aspergillus_fumigatus_B5852	17	15	2	0	scaffold_2	1411600	1461600
Aspergillus_fumigatus_B5852	19	18	1	0	scaffold_4	261526	311526
Aspergillus_fumigatus_B5852	21	19	2	0	scaffold_2	2087667	2137667
Aspergillus_fumigatus_B5852	23	23	0	0	scaffold_6	1200716	1250716
Aspergillus_fumigatus_B5852	13	11	2	0	scaffold_6	2389662	2439662
Aspergillus_fumigatus_B5852	23	21	2	0	scaffold_2	2370284	2420284
Aspergillus_fumigatus_B5852	17	15	2	0	scaffold_1	4576159	4626159
Aspergillus_fumigatus_B5852	26	24	2	0	scaffold_4	3712543	3762543
Aspergillus_fumigatus_B5852	16	12	4	0	scaffold_2	720566	770566
Aspergillus_fumigatus_B5852	22	15	7	0	scaffold_6	3511462	3561462
Aspergillus_fumigatus_B5852	13	11	2	0	scaffold_1	1119960	1169960
Aspergillus_fumigatus_B5852	18	18	0	0	scaffold_2	4023411	4073411
Aspergillus_fumigatus_B5852	19	18	1	0	scaffold_6	3063269	3113269
Aspergillus_fumigatus_B5852	17	17	0	0	scaffold_3	1245124	1295124
Aspergillus_fumigatus_B5852	16	13	3	0	scaffold_3	3641277	3691277
Aspergillus_fumigatus_B5852	19	18	1	0	scaffold_5	1132996	1182996
Aspergillus_fumigatus_B5852	20	20	0	0	scaffold_4	1989317	2039317
Aspergillus_fumigatus_B5852	22	18	4	0	scaffold_4	378584	428584
Aspergillus_fumigatus_B5852	18	17	1	0	scaffold_4	2308905	2358905
Aspergillus_fumigatus_B5852	20	17	3	0	scaffold_1	3287973	3337973
Aspergillus_fumigatus_B5852	18	16	2	0	scaffold_5	2571570	2621570
Aspergillus_fumigatus_B5852	23	22	1	0	scaffold_4	954556	1004556
Aspergillus_fumigatus_B5852	12	11	1	0	scaffold_6	185839	235839
Aspergillus_fumigatus_B5852	19	17	2	0	scaffold_1	245921	295921
Aspergillus_fumigatus_B5852	17	16	1	0	scaffold_4	2302822	2352822
Aspergillus_fumigatus_B5852	19	17	2	0	scaffold_3	1342951	1392951
Aspergillus_fumigatus_B5852	21	21	0	0	scaffold_6	2836914	2886914
Aspergillus_fumigatus_B5852	22	22	0	0	scaffold_4	965388	1015388
Aspergillus_fumigatus_B5852	17	16	1	0	scaffold_6	124791	174791
Aspergillus_fumigatus_B5852	22	18	4	0	scaffold_4	3540254	3590254
Aspergillus_fumigatus_B5852	19	19	0	0	scaffold_4	2782971	2832971
Aspergillus_fumigatus_B5852	19	19	0	0	scaffold_2	908833	958833
Aspergillus_fumigatus_B5852	12	11	1	0	scaffold_1	1955407	2005407
Aspergillus_fumigatus_B5852	23	20	3	0	scaffold_3	1996610	2046610
Aspergillus_fumigatus_B5852	19	19	0	0	scaffold_6	1003167	1053167
Aspergillus_fumigatus_B5852	18	15	3	0	scaffold_1	4126457	4176457
Aspergillus_fumigatus_B5852	23	23	0	0	scaffold_5	874195	924195
Aspergillus_fumigatus_B5852	23	22	1	0	scaffold_3	534519	584519
Aspergillus_fumigatus_B5852	20	18	2	0	scaffold_1	2826958	2876958
Aspergillus_fumigatus_B5852	21	19	2	0	scaffold_3	2607904	2657904
Aspergillus_fumigatus_B5852	20	19	1	0	scaffold_3	1223714	1273714
Aspergillus_fumigatus_B5852	27	25	2	0	scaffold_6	688974	738974
Aspergillus_fumigatus_B5852	18	13	5	0	scaffold_1	3491422	3541422
Aspergillus_fumigatus_B5852	9	9	0	0	scaffold_3	1137057	1187057
Aspergillus_fumigatus_B5852	16	14	2	0	scaffold_6	2088735	2138735
Aspergillus_fumigatus_B5852	18	17	1	0	scaffold_3	3092900	3142900
Aspergillus_fumigatus_B5852	19	16	3	0	scaffold_5	2289405	2339405
Aspergillus_fumigatus_B5852	18	18	0	0	scaffold_1	2492292	2542292
Aspergillus_fumigatus_B5852	19	19	0	0	scaffold_2	1863085	1913085
Aspergillus_fumigatus_B5852	26	23	3	0	scaffold_6	3326838	3376838
Aspergillus_fumigatus_B5852	22	18	4	0	scaffold_1	51579	101579
Aspergillus_fumigatus_B5852	18	18	0	0	scaffold_1	581794	631794
Aspergillus_fumigatus_B5852	17	0	17	0	scaffold_1	4359600	4409600
Aspergillus_fumigatus_B5852	20	20	0	0	scaffold_1	568469	618469
Aspergillus_fumigatus_B5852	21	20	1	0	scaffold_4	886418	936418
Aspergillus_fumigatus_B5852	19	17	2	0	scaffold_5	2806738	2856738
Aspergillus_fumigatus_B5852	14	13	1	0	scaffold_4	1481321	1531321
Aspergillus_fumigatus_B5852	15	14	1	0	scaffold_5	388929	438929
Aspergillus_fumigatus_B5852	19	18	1	0	scaffold_2	1713664	1763664
Aspergillus_fumigatus_B5852	20	18	2	0	scaffold_4	3444173	3494173
Aspergillus_fumigatus_B5852	25	23	2	0	scaffold_3	3457895	3507895
Aspergillus_fumigatus_B5852	18	17	1	0	scaffold_6	765495	815495
Aspergillus_fumigatus_B5852	22	21	1	0	scaffold_3	3766238	3816238
Aspergillus_fumigatus_B5852	22	22	0	0	scaffold_2	1637368	1687368
Aspergillus_fumigatus_B5852	15	15	0	0	scaffold_1	3552789	3602789
Aspergillus_fumigatus_B5852	17	15	2	0	scaffold_5	918662	968662
Aspergillus_fumigatus_B5852	19	18	1	0	scaffold_3	3145278	3195278
Aspergillus_fumigatus_B5852	20	17	3	0	scaffold_3	2340043	2390043
Aspergillus_fumigatus_B5852	23	19	4	0	scaffold_4	135978	185978
Aspergillus_fumigatus_B5852	14	11	3	0	scaffold_5	136967	186967
Aspergillus_fumigatus_B5852	22	21	1	0	scaffold_1	2973848	3023848
Aspergillus_fumigatus_B5852	16	16	0	0	scaffold_3	2803742	2853742
Aspergillus_fumigatus_B5852	0	0	0	0	scaffold_6	1096335	1146335
Aspergillus_fumigatus_B5852	13	13	0	0	scaffold_6	2753052	2803052
Aspergillus_fumigatus_B5852	22	22	0	0	scaffold_8	1194347	1244347
Aspergillus_fumigatus_B5852	27	23	4	0	scaffold_4	3704945	3754945
Aspergillus_fumigatus_B5852	11	10	1	0	scaffold_1	1794300	1844300
Aspergillus_fumigatus_B5852	21	19	2	0	scaffold_1	2550067	2600067
Aspergillus_fumigatus_B5852	20	19	1	0	scaffold_5	604116	654116
Aspergillus_fumigatus_B5852	16	15	1	0	scaffold_5	1790782	1840782
Aspergillus_fumigatus_B5852	21	20	1	0	scaffold_5	1589590	1639590
Aspergillus_fumigatus_B5852	19	17	2	0	scaffold_5	2280423	2330423
Aspergillus_fumigatus_B5852	20	20	0	0	scaffold_2	1585005	1635005
Aspergillus_fumigatus_B5852	22	21	1	0	scaffold_6	1831111	1881111
Aspergillus_fumigatus_B5852	21	17	4	0	scaffold_6	151884	201884
Aspergillus_fumigatus_B5852	23	17	6	0	scaffold_7	1396818	1446818
Aspergillus_fumigatus_B5852	16	14	2	0	scaffold_5	3478921	3528921
Aspergillus_fumigatus_B5852	22	20	2	0	scaffold_2	3315955	3365955
Aspergillus_fumigatus_B5852	11	10	1	0	scaffold_3	1195649	1245649
Aspergillus_fumigatus_B5852	22	22	0	0	scaffold_4	3139281	3189281
Aspergillus_fumigatus_B5852	20	19	1	0	scaffold_6	776711	826711
Aspergillus_fumigatus_B5852	17	16	1	0	scaffold_5	1110932	1160932
Aspergillus_fumigatus_B5852	11	8	3	0	scaffold_1	2010092	2060092
Aspergillus_fumigatus_B5852	17	17	0	0	scaffold_1	607090	657090
Aspergillus_fumigatus_B5852	20	20	0	0	scaffold_4	1802548	1852548
Aspergillus_fumigatus_B5852	16	16	0	0	scaffold_4	1386416	1436416
Aspergillus_fumigatus_B5852	16	16	0	0	scaffold_3	2811281	2861281
Aspergillus_fumigatus_B5852	6	4	2	0	scaffold_3	709546	759546
Aspergillus_fumigatus_B5852	12	11	1	0	scaffold_2	4069758	4119758
Aspergillus_fumigatus_B5852	22	21	1	0	scaffold_3	538783	588783
Aspergillus_fumigatus_B5852	19	19	0	0	scaffold_4	496254	546254
Aspergillus_fumigatus_B5852	19	16	3	0	scaffold_4	2197956	2247956
Aspergillus_fumigatus_B5852	19	18	1	0	scaffold_2	333818	383818
Aspergillus_fumigatus_B5852	15	15	0	0	scaffold_1	1328486	1378486
Aspergillus_fumigatus_B5852	25	23	2	0	scaffold_1	4618190	4668190
Aspergillus_fumigatus_B5852	20	16	4	0	scaffold_4	1655672	1705672
Aspergillus_fumigatus_B5852	20	19	1	0	scaffold_5	949981	999981
Aspergillus_fumigatus_B5852	21	20	1	0	scaffold_5	1077193	1127193
Aspergillus_fumigatus_B5852	5	5	0	0	scaffold_3	1161330	1211330
Aspergillus_fumigatus_B5852	25	23	2	0	scaffold_6	967164	1017164
Aspergillus_fumigatus_B5852	15	15	0	0	scaffold_4	2731855	2781855
Aspergillus_fumigatus_B5852	21	20	1	0	scaffold_5	3162366	3212366
Aspergillus_fumigatus_B5852	18	18	0	0	scaffold_4	2050902	2100902
Aspergillus_fumigatus_B5852	19	18	1	0	scaffold_1	1922912	1972912
Aspergillus_fumigatus_B5852	24	21	3	0	scaffold_6	3284056	3334056
Aspergillus_fumigatus_B5852	22	22	0	0	scaffold_6	1296873	1346873
Aspergillus_fumigatus_B5852	14	10	4	0	scaffold_2	1272653	1322653
Aspergillus_fumigatus_B5852	19	17	2	0	scaffold_5	2715114	2765114
Aspergillus_fumigatus_B5852	18	18	0	0	scaffold_4	616146	666146
Aspergillus_fumigatus_B5852	18	16	2	0	scaffold_1	2908157	2958157
Aspergillus_fumigatus_B5852	19	18	1	0	scaffold_4	2036410	2086410
Aspergillus_fumigatus_B5852	24	22	2	0	scaffold_5	2644624	2694624
Aspergillus_fumigatus_B5852	22	14	8	0	scaffold_5	2318405	2368405
Aspergillus_fumigatus_B5852	22	20	2	0	scaffold_2	2948502	2998502
Aspergillus_fumigatus_B5852	13	12	1	0	scaffold_6	1400967	1450967
Aspergillus_fumigatus_B5852	20	19	1	0	scaffold_6	1647824	1697824
Aspergillus_fumigatus_B5852	20	18	2	0	scaffold_5	1916056	1966056
Aspergillus_fumigatus_B5852	3	3	0	0	scaffold_7	766121	816121
Aspergillus_fumigatus_B5852	17	15	2	0	scaffold_5	3358762	3408762
Aspergillus_fumigatus_B5852	12	7	5	0	scaffold_4	3235076	3285076
Aspergillus_fumigatus_B5852	11	11	0	0	scaffold_4	1185913	1235913
Aspergillus_fumigatus_B5852	16	14	2	0	scaffold_4	2945527	2995527
Aspergillus_fumigatus_B5852	1	1	0	0	scaffold_5	1256056	1306056
Aspergillus_fumigatus_B5852	14	12	2	0	scaffold_5	2402732	2452732
Aspergillus_fumigatus_B5852	16	12	4	0	scaffold_5	225746	275746
Aspergillus_fumigatus_B5852	3	0	3	0	scaffold_2	76820	126820
Aspergillus_fumigatus_B5852	12	7	5	0	scaffold_4	3240457	3290457
Aspergillus_fumigatus_B5852	19	18	1	0	scaffold_5	718031	768031
Aspergillus_fumigatus_B5852	16	14	2	0	scaffold_5	3105119	3155119
Aspergillus_fumigatus_B5852	16	16	0	0	scaffold_3	178917	228917
Aspergillus_fumigatus_B5852	18	16	2	0	scaffold_6	3136278	3186278
Aspergillus_fumigatus_B5852	24	22	2	0	scaffold_6	968996	1018996
Aspergillus_fumigatus_B5852	22	20	2	0	scaffold_7	172819	222819
Aspergillus_fumigatus_B5852	16	14	2	0	scaffold_5	2774391	2824391
Aspergillus_fumigatus_B5852	14	14	0	0	scaffold_1	751519	801519
Aspergillus_fumigatus_B5852	20	19	1	0	scaffold_7	1177851	1227851
Aspergillus_fumigatus_B5852	17	16	1	0	scaffold_2	2524333	2574333
Aspergillus_fumigatus_B5852	21	20	1	0	scaffold_4	3491120	3541120
Aspergillus_fumigatus_B5852	23	21	2	0	scaffold_3	110092	160092
Aspergillus_fumigatus_B5852	20	19	1	0	scaffold_3	936649	986649
Aspergillus_fumigatus_B5852	19	18	1	0	scaffold_2	1718717	1768717
Aspergillus_fumigatus_B5852	22	21	1	0	scaffold_1	553402	603402
Aspergillus_fumigatus_B5852	13	11	2	0	scaffold_1	1465015	1515015
Aspergillus_fumigatus_B5852	21	21	0	0	scaffold_8	930980	980980
Aspergillus_fumigatus_B5852	23	21	2	0	scaffold_2	3316849	3366849
Aspergillus_fumigatus_B5852	29	28	1	0	scaffold_6	714684	764684
Aspergillus_fumigatus_B5852	19	17	2	0	scaffold_1	830305	880305
Aspergillus_fumigatus_B5852	18	16	2	0	scaffold_3	3187481	3237481
Aspergillus_fumigatus_B5852	15	15	0	0	scaffold_2	4448994	4498994
Aspergillus_fumigatus_B5852	12	2	10	0	scaffold_3	602615	652615
Aspergillus_fumigatus_B5852	17	17	0	0	scaffold_4	796624	846624
Aspergillus_fumigatus_B5852	20	17	3	0	scaffold_4	1750344	1800344
Aspergillus_fumigatus_B5852	24	22	2	0	scaffold_6	974988	1024988
Aspergillus_fumigatus_B5852	18	16	2	0	scaffold_2	2737746	2787746
Aspergillus_fumigatus_B5852	18	18	0	0	scaffold_5	806939	856939
Aspergillus_fumigatus_B5852	22	20	2	0	scaffold_3	2015121	2065121
Aspergillus_fumigatus_B5852	23	19	4	0	scaffold_5	103649	153649
Aspergillus_fumigatus_B5852	23	22	1	0	scaffold_4	951101	1001101
Aspergillus_fumigatus_B5852	19	18	1	0	scaffold_1	2392208	2442208
Aspergillus_fumigatus_B5852	13	13	0	0	scaffold_4	91930	141930
Aspergillus_fumigatus_B5852	18	16	2	0	scaffold_5	1607587	1657587
Aspergillus_fumigatus_B5852	11	8	3	0	scaffold_7	788572	838572
Aspergillus_fumigatus_B5852	18	17	1	0	scaffold_1	1610998	1660998
Aspergillus_fumigatus_B5852	21	20	1	0	scaffold_7	1632061	1682061
Aspergillus_fumigatus_B5852	25	22	3	0	scaffold_3	1542924	1592924
Aspergillus_fumigatus_B5852	25	23	2	0	scaffold_3	3777780	3827780
Aspergillus_fumigatus_B5852	15	15	0	0	scaffold_2	3446390	3496390
Aspergillus_fumigatus_B5852	14	12	2	0	scaffold_2	2646070	2696070
Aspergillus_fumigatus_B5852	23	22	1	0	scaffold_5	2686047	2736047
Aspergillus_fumigatus_B5852	21	19	2	0	scaffold_5	2699976	2749976
Aspergillus_fumigatus_B5852	14	13	1	0	scaffold_6	369145	419145
Aspergillus_fumigatus_B5852	21	21	0	0	scaffold_4	1001431	1051431
Aspergillus_fumigatus_B5852	10	8	2	0	scaffold_7	549798	599798
Aspergillus_fumigatus_B5852	17	16	1	0	scaffold_3	1119317	1169317
Aspergillus_fumigatus_B5852	18	18	0	0	scaffold_7	943473	993473
Aspergillus_fumigatus_B5852	20	20	0	0	scaffold_4	2248128	2298128
Aspergillus_fumigatus_B5852	15	13	2	0	scaffold_3	2405660	2455660
Aspergillus_fumigatus_B5852	19	19	0	0	scaffold_4	3357221	3407221
Aspergillus_fumigatus_B5852	0	0	0	0	scaffold_2	110100	160100
Aspergillus_fumigatus_B5852	17	17	0	0	scaffold_6	112582	162582
Aspergillus_fumigatus_B5852	19	12	7	0	scaffold_5	5864	55864
Aspergillus_fumigatus_B5852	21	20	1	0	scaffold_3	2623813	2673813
Aspergillus_fumigatus_B5852	14	13	1	0	scaffold_3	2862322	2912322
Aspergillus_fumigatus_B5852	24	22	2	0	scaffold_6	2468104	2518104
Aspergillus_fumigatus_B5852	8	5	3	0	scaffold_7	785158	835158
Aspergillus_fumigatus_B5852	19	18	1	0	scaffold_2	1713366	1763366
Aspergillus_fumigatus_B5852	18	18	0	0	scaffold_6	794385	844385
Aspergillus_fumigatus_B5852	17	13	4	0	scaffold_3	576305	626305
Aspergillus_fumigatus_B5852	18	18	0	0	scaffold_2	905980	955980
Aspergillus_fumigatus_B5852	19	19	0	0	scaffold_2	2494163	2544163
Aspergillus_fumigatus_B5852	16	11	5	0	scaffold_5	2498940	2548940
