STRAIN	TOTAL	CORE	ACCESSORY	SINGLETON	CHROM	START	END
Aspergillus_fumigatus_AF210	32	29	3	0	scaffold_8	695487	795487
Aspergillus_fumigatus_AF210	36	32	4	0	scaffold_3	697137	797137
Aspergillus_fumigatus_AF210	39	37	2	0	scaffold_5	902742	1002742
Aspergillus_fumigatus_AF210	37	36	1	0	scaffold_4	2644963	2744963
Aspergillus_fumigatus_AF210	46	43	3	0	scaffold_3	3830545	3930545
Aspergillus_fumigatus_AF210	40	35	5	0	scaffold_2	616239	716239
Aspergillus_fumigatus_AF210	33	30	3	0	scaffold_1	1222569	1322569
Aspergillus_fumigatus_AF210	32	32	0	0	scaffold_2	672054	772054
Aspergillus_fumigatus_AF210	32	30	2	0	scaffold_2	3713015	3813015
Aspergillus_fumigatus_AF210	35	34	1	0	scaffold_3	3177477	3277477
Aspergillus_fumigatus_AF210	42	39	3	0	scaffold_2	1420573	1520573
Aspergillus_fumigatus_AF210	32	29	3	0	scaffold_8	686817	786817
Aspergillus_fumigatus_AF210	41	38	3	0	scaffold_2	2136053	2236053
Aspergillus_fumigatus_AF210	39	37	2	0	scaffold_5	753940	853940
Aspergillus_fumigatus_AF210	33	30	3	0	scaffold_3	2514857	2614857
Aspergillus_fumigatus_AF210	33	32	1	0	scaffold_2	3783213	3883213
Aspergillus_fumigatus_AF210	37	36	1	0	scaffold_4	314911	414911
Aspergillus_fumigatus_AF210	33	31	2	0	scaffold_4	1474862	1574862
Aspergillus_fumigatus_AF210	30	30	0	0	scaffold_6	2646391	2746391
Aspergillus_fumigatus_AF210	15	13	2	0	scaffold_7	1642184	1742184
Aspergillus_fumigatus_AF210	36	34	2	0	scaffold_2	3566347	3666347
Aspergillus_fumigatus_AF210	44	33	11	0	scaffold_1	132064	232064
Aspergillus_fumigatus_AF210	29	28	1	0	scaffold_6	2534681	2634681
Aspergillus_fumigatus_AF210	43	37	6	0	scaffold_3	2186893	2286893
Aspergillus_fumigatus_AF210	35	34	1	0	scaffold_2	965646	1065646
Aspergillus_fumigatus_AF210	47	36	11	0	scaffold_1	106087	206087
Aspergillus_fumigatus_AF210	43	3	40	0	scaffold_1	4380988	4480988
Aspergillus_fumigatus_AF210	38	37	1	0	scaffold_1	2340781	2440781
Aspergillus_fumigatus_AF210	33	5	28	0	scaffold_1	4223177	4323177
Aspergillus_fumigatus_AF210	35	30	5	0	scaffold_2	367261	467261
Aspergillus_fumigatus_AF210	31	30	1	0	scaffold_5	1433184	1533184
Aspergillus_fumigatus_AF210	32	24	8	0	scaffold_5	3638551	3738551
Aspergillus_fumigatus_AF210	34	31	3	0	scaffold_2	3673289	3773289
Aspergillus_fumigatus_AF210	44	44	0	0	scaffold_6	2839802	2939802
Aspergillus_fumigatus_AF210	34	29	5	0	scaffold_3	742913	842913
Aspergillus_fumigatus_AF210	40	0	40	0	scaffold_1	4352539	4452539
Aspergillus_fumigatus_AF210	37	34	3	0	scaffold_1	3894092	3994092
Aspergillus_fumigatus_AF210	28	26	2	0	scaffold_3	1208321	1308321
Aspergillus_fumigatus_AF210	39	36	3	0	scaffold_1	2370958	2470958
Aspergillus_fumigatus_AF210	32	32	0	0	scaffold_5	1422501	1522501
Aspergillus_fumigatus_AF210	21	17	4	0	scaffold_1	2019986	2119986
Aspergillus_fumigatus_AF210	27	20	7	0	scaffold_4	3190317	3290317
Aspergillus_fumigatus_AF210	33	31	2	0	scaffold_2	3931103	4031103
Aspergillus_fumigatus_AF210	39	38	1	0	scaffold_4	850320	950320
Aspergillus_fumigatus_AF210	33	29	4	0	scaffold_1	1622918	1722918
Aspergillus_fumigatus_AF210	41	39	2	0	scaffold_4	872541	972541
Aspergillus_fumigatus_AF210	31	29	2	0	scaffold_1	756348	856348
Aspergillus_fumigatus_AF210	37	34	3	0	scaffold_3	3709891	3809891
Aspergillus_fumigatus_AF210	39	36	3	0	scaffold_8	656462	756462
Aspergillus_fumigatus_AF210	35	33	2	0	scaffold_2	4224469	4324469
Aspergillus_fumigatus_AF210	15	14	1	0	scaffold_2	1844304	1944304
Aspergillus_fumigatus_AF210	34	32	2	0	scaffold_2	1797192	1897192
Aspergillus_fumigatus_AF210	43	39	4	0	scaffold_8	1444163	1544163
Aspergillus_fumigatus_AF210	36	29	7	0	scaffold_5	3396074	3496074
Aspergillus_fumigatus_AF210	12	11	1	0	scaffold_6	1136390	1236390
Aspergillus_fumigatus_AF210	35	32	3	0	scaffold_6	3080627	3180627
Aspergillus_fumigatus_AF210	34	33	1	0	scaffold_2	324826	424826
Aspergillus_fumigatus_AF210	32	30	2	0	scaffold_2	1001133	1101133
Aspergillus_fumigatus_AF210	41	37	4	0	scaffold_1	4561654	4661654
Aspergillus_fumigatus_AF210	39	37	2	0	scaffold_5	1008632	1108632
Aspergillus_fumigatus_AF210	51	44	7	0	scaffold_8	1397632	1497632
Aspergillus_fumigatus_AF210	38	35	3	0	scaffold_1	809142	909142
Aspergillus_fumigatus_AF210	32	32	0	0	scaffold_1	696562	796562
Aspergillus_fumigatus_AF210	37	35	2	0	scaffold_3	2672251	2772251
Aspergillus_fumigatus_AF210	37	35	2	0	scaffold_6	1977533	2077533
Aspergillus_fumigatus_AF210	32	28	4	0	scaffold_2	1110512	1210512
Aspergillus_fumigatus_AF210	41	38	3	0	scaffold_2	2008178	2108178
Aspergillus_fumigatus_AF210	40	38	2	0	scaffold_6	924758	1024758
Aspergillus_fumigatus_AF210	35	31	4	0	scaffold_1	1612113	1712113
Aspergillus_fumigatus_AF210	39	36	3	0	scaffold_7	504027	604027
Aspergillus_fumigatus_AF210	27	24	3	0	scaffold_6	2369269	2469269
Aspergillus_fumigatus_AF210	40	36	4	0	scaffold_3	3385328	3485328
Aspergillus_fumigatus_AF210	37	35	2	0	scaffold_6	837052	937052
Aspergillus_fumigatus_AF210	39	37	2	0	scaffold_5	1998416	2098416
Aspergillus_fumigatus_AF210	32	27	5	0	scaffold_8	829384	929384
Aspergillus_fumigatus_AF210	42	39	3	0	scaffold_7	159921	259921
Aspergillus_fumigatus_AF210	36	24	12	0	scaffold_6	2130420	2230420
Aspergillus_fumigatus_AF210	35	34	1	0	scaffold_8	1171075	1271075
Aspergillus_fumigatus_AF210	27	26	1	0	scaffold_1	2707363	2807363
Aspergillus_fumigatus_AF210	42	39	3	0	scaffold_3	2038701	2138701
Aspergillus_fumigatus_AF210	30	26	4	0	scaffold_1	2054876	2154876
Aspergillus_fumigatus_AF210	34	31	3	0	scaffold_2	2785150	2885150
Aspergillus_fumigatus_AF210	35	30	5	0	scaffold_1	1098708	1198708
Aspergillus_fumigatus_AF210	40	34	6	0	scaffold_6	467892	567892
Aspergillus_fumigatus_AF210	34	31	3	0	scaffold_2	4244452	4344452
Aspergillus_fumigatus_AF210	31	28	3	0	scaffold_1	3956297	4056297
Aspergillus_fumigatus_AF210	43	36	7	0	scaffold_5	2410767	2510767
Aspergillus_fumigatus_AF210	31	30	1	0	scaffold_4	3385048	3485048
Aspergillus_fumigatus_AF210	28	28	0	0	scaffold_6	2618736	2718736
Aspergillus_fumigatus_AF210	47	41	6	0	scaffold_3	2241015	2341015
Aspergillus_fumigatus_AF210	34	28	6	0	scaffold_4	1638536	1738536
Aspergillus_fumigatus_AF210	35	30	5	0	scaffold_8	372386	472386
Aspergillus_fumigatus_AF210	46	41	5	0	scaffold_3	433524	533524
Aspergillus_fumigatus_AF210	30	27	3	0	scaffold_7	777226	877226
Aspergillus_fumigatus_AF210	37	35	2	0	scaffold_2	2442519	2542519
Aspergillus_fumigatus_AF210	28	26	2	0	scaffold_4	1271395	1371395
Aspergillus_fumigatus_AF210	32	32	0	0	scaffold_8	958623	1058623
Aspergillus_fumigatus_AF210	38	36	2	0	scaffold_5	810810	910810
Aspergillus_fumigatus_AF210	41	38	3	0	scaffold_3	1548166	1648166
Aspergillus_fumigatus_AF210	23	17	6	0	scaffold_5	199843	299843
Aspergillus_fumigatus_AF210	32	31	1	0	scaffold_4	1922147	2022147
Aspergillus_fumigatus_AF210	38	34	4	0	scaffold_2	3135065	3235065
Aspergillus_fumigatus_AF210	33	31	2	0	scaffold_2	2804346	2904346
Aspergillus_fumigatus_AF210	30	28	2	0	scaffold_2	1804765	1904765
Aspergillus_fumigatus_AF210	37	32	5	0	scaffold_5	1882028	1982028
Aspergillus_fumigatus_AF210	39	36	3	0	scaffold_6	74918	174918
Aspergillus_fumigatus_AF210	33	33	0	0	scaffold_1	2482494	2582494
Aspergillus_fumigatus_AF210	32	30	2	0	scaffold_3	2489271	2589271
Aspergillus_fumigatus_AF210	40	36	4	0	scaffold_2	3429374	3529374
Aspergillus_fumigatus_AF210	37	34	3	0	scaffold_5	1974286	2074286
Aspergillus_fumigatus_AF210	39	37	2	0	scaffold_3	2071944	2171944
Aspergillus_fumigatus_AF210	43	41	2	0	scaffold_8	211996	311996
Aspergillus_fumigatus_AF210	37	33	4	0	scaffold_4	2367319	2467319
Aspergillus_fumigatus_AF210	42	40	2	0	scaffold_4	863309	963309
Aspergillus_fumigatus_AF210	32	31	1	0	scaffold_4	1924202	2024202
Aspergillus_fumigatus_AF210	27	27	0	0	scaffold_6	2682417	2782417
Aspergillus_fumigatus_AF210	38	38	0	0	scaffold_4	285513	385513
Aspergillus_fumigatus_AF210	34	33	1	0	scaffold_5	1656420	1756420
Aspergillus_fumigatus_AF210	39	34	5	0	scaffold_3	2280155	2380155
Aspergillus_fumigatus_AF210	38	0	37	1	scaffold_1	4261270	4361270
Aspergillus_fumigatus_AF210	39	39	0	0	scaffold_4	264484	364484
Aspergillus_fumigatus_AF210	37	34	3	0	scaffold_1	3862299	3962299
Aspergillus_fumigatus_AF210	46	38	8	0	scaffold_3	11560	111560
Aspergillus_fumigatus_AF210	45	38	7	0	scaffold_7	198071	298071
Aspergillus_fumigatus_AF210	39	35	4	0	scaffold_6	1867210	1967210
Aspergillus_fumigatus_AF210	40	38	2	0	scaffold_6	949035	1049035
Aspergillus_fumigatus_AF210	40	39	1	0	scaffold_5	3151658	3251658
Aspergillus_fumigatus_AF210	44	42	2	0	scaffold_3	3746997	3846997
Aspergillus_fumigatus_AF210	38	34	4	0	scaffold_7	1210483	1310483
Aspergillus_fumigatus_AF210	40	38	2	0	scaffold_5	2022596	2122596
Aspergillus_fumigatus_AF210	40	37	3	0	scaffold_2	1762070	1862070
Aspergillus_fumigatus_AF210	41	40	1	0	scaffold_4	237891	337891
Aspergillus_fumigatus_AF210	39	31	8	0	scaffold_1	4123080	4223080
Aspergillus_fumigatus_AF210	36	34	2	0	scaffold_6	852483	952483
Aspergillus_fumigatus_AF210	47	38	9	0	scaffold_8	1354820	1454820
Aspergillus_fumigatus_AF210	35	31	4	0	scaffold_4	2171263	2271263
Aspergillus_fumigatus_AF210	40	39	1	0	scaffold_7	937578	1037578
Aspergillus_fumigatus_AF210	35	30	5	0	scaffold_3	1790170	1890170
Aspergillus_fumigatus_AF210	47	40	7	0	scaffold_7	1571897	1671897
Aspergillus_fumigatus_AF210	33	32	1	0	scaffold_6	2968517	3068517
Aspergillus_fumigatus_AF210	35	34	1	0	scaffold_1	2460133	2560133
Aspergillus_fumigatus_AF210	36	31	5	0	scaffold_4	1683109	1783109
Aspergillus_fumigatus_AF210	39	38	1	0	scaffold_2	1482702	1582702
Aspergillus_fumigatus_AF210	37	35	2	0	scaffold_6	3092606	3192606
Aspergillus_fumigatus_AF210	30	26	4	0	scaffold_2	1096229	1196229
Aspergillus_fumigatus_AF210	28	26	2	0	scaffold_3	3248899	3348899
Aspergillus_fumigatus_AF210	35	31	4	0	scaffold_4	1688056	1788056
Aspergillus_fumigatus_AF210	36	33	3	0	scaffold_2	356428	456428
Aspergillus_fumigatus_AF210	31	28	3	0	scaffold_8	1525436	1625436
Aspergillus_fumigatus_AF210	33	28	5	0	scaffold_5	2307748	2407748
Aspergillus_fumigatus_AF210	38	0	37	1	scaffold_1	4256481	4356481
Aspergillus_fumigatus_AF210	31	30	1	0	scaffold_4	2898362	2998362
Aspergillus_fumigatus_AF210	36	36	0	0	scaffold_8	1012461	1112461
Aspergillus_fumigatus_AF210	30	29	1	0	scaffold_4	729064	829064
Aspergillus_fumigatus_AF210	29	22	7	0	scaffold_2	4531629	4631629
Aspergillus_fumigatus_AF210	35	33	2	0	scaffold_6	323923	423923
Aspergillus_fumigatus_AF210	33	31	2	0	scaffold_8	907116	1007116
Aspergillus_fumigatus_AF210	42	39	3	0	scaffold_6	1605021	1705021
Aspergillus_fumigatus_AF210	45	36	9	0	scaffold_4	2472362	2572362
Aspergillus_fumigatus_AF210	35	33	2	0	scaffold_3	3073406	3173406
Aspergillus_fumigatus_AF210	34	31	3	0	scaffold_1	3872321	3972321
Aspergillus_fumigatus_AF210	35	30	5	0	scaffold_3	2449147	2549147
Aspergillus_fumigatus_AF210	37	37	0	0	scaffold_6	1281490	1381490
Aspergillus_fumigatus_AF210	30	28	2	0	scaffold_1	1276426	1376426
Aspergillus_fumigatus_AF210	33	32	1	0	scaffold_4	757722	857722
Aspergillus_fumigatus_AF210	32	25	7	0	scaffold_1	3417295	3517295
Aspergillus_fumigatus_AF210	47	42	5	0	scaffold_1	4602894	4702894
Aspergillus_fumigatus_AF210	39	38	1	0	scaffold_4	824701	924701
Aspergillus_fumigatus_AF210	36	31	5	0	scaffold_3	2454000	2554000
Aspergillus_fumigatus_AF210	38	36	2	0	scaffold_2	2412225	2512225
Aspergillus_fumigatus_AF210	40	37	3	0	scaffold_2	1405761	1505761
Aspergillus_fumigatus_AF210	33	28	5	0	scaffold_3	2404488	2504488
Aspergillus_fumigatus_AF210	40	38	2	0	scaffold_6	934791	1034791
Aspergillus_fumigatus_AF210	39	35	4	0	scaffold_2	3401359	3501359
Aspergillus_fumigatus_AF210	29	28	1	0	scaffold_4	3379386	3479386
Aspergillus_fumigatus_AF210	35	33	2	0	scaffold_6	2996797	3096797
Aspergillus_fumigatus_AF210	37	29	8	0	scaffold_4	3717256	3817256
Aspergillus_fumigatus_AF210	33	32	1	0	scaffold_1	1233588	1333588
Aspergillus_fumigatus_AF210	37	36	1	0	scaffold_2	2173383	2273383
Aspergillus_fumigatus_AF210	47	39	8	0	scaffold_7	1524290	1624290
Aspergillus_fumigatus_AF210	34	34	0	0	scaffold_6	1307326	1407326
Aspergillus_fumigatus_AF210	30	26	4	0	scaffold_1	3382728	3482728
Aspergillus_fumigatus_AF210	45	39	6	0	scaffold_6	3359521	3459521
Aspergillus_fumigatus_AF210	38	36	2	0	scaffold_6	1218720	1318720
Aspergillus_fumigatus_AF210	4	3	1	0	scaffold_6	1122292	1222292
Aspergillus_fumigatus_AF210	39	35	4	0	scaffold_6	1647785	1747785
Aspergillus_fumigatus_AF210	38	38	0	0	scaffold_2	267346	367346
Aspergillus_fumigatus_AF210	10	10	0	0	scaffold_6	1064399	1164399
Aspergillus_fumigatus_AF210	37	35	2	0	scaffold_5	798307	898307
Aspergillus_fumigatus_AF210	38	35	3	0	scaffold_5	1979847	2079847
Aspergillus_fumigatus_AF210	40	36	4	0	scaffold_3	3712396	3812396
Aspergillus_fumigatus_AF210	36	36	0	0	scaffold_2	3877799	3977799
Aspergillus_fumigatus_AF210	35	33	2	0	scaffold_3	3083717	3183717
Aspergillus_fumigatus_AF210	35	32	3	0	scaffold_1	3639398	3739398
Aspergillus_fumigatus_AF210	42	38	4	0	scaffold_2	2096054	2196054
Aspergillus_fumigatus_AF210	34	30	4	0	scaffold_1	4513320	4613320
Aspergillus_fumigatus_AF210	35	32	3	0	scaffold_3	513382	613382
Aspergillus_fumigatus_AF210	36	31	5	0	scaffold_2	2649747	2749747
Aspergillus_fumigatus_AF210	37	37	0	0	scaffold_6	1280525	1380525
Aspergillus_fumigatus_AF210	39	36	3	0	scaffold_5	836238	936238
Aspergillus_fumigatus_AF210	43	41	2	0	scaffold_2	4128988	4228988
Aspergillus_fumigatus_AF210	47	42	5	0	scaffold_3	460038	560038
Aspergillus_fumigatus_AF210	44	40	4	0	scaffold_5	2580703	2680703
Aspergillus_fumigatus_AF210	32	32	0	0	scaffold_2	704967	804967
Aspergillus_fumigatus_AF210	36	30	6	0	scaffold_8	316682	416682
Aspergillus_fumigatus_AF210	40	35	5	0	scaffold_1	3781846	3881846
Aspergillus_fumigatus_AF210	39	37	2	0	scaffold_3	813958	913958
Aspergillus_fumigatus_AF210	40	36	4	0	scaffold_2	4261838	4361838
Aspergillus_fumigatus_AF210	22	1	21	0	scaffold_7	1817875	1917875
Aspergillus_fumigatus_AF210	44	40	4	0	scaffold_2	2892537	2992537
Aspergillus_fumigatus_AF210	36	35	1	0	scaffold_2	2486687	2586687
Aspergillus_fumigatus_AF210	42	38	4	0	scaffold_1	2917163	3017163
Aspergillus_fumigatus_AF210	37	34	3	0	scaffold_1	3890545	3990545
Aspergillus_fumigatus_AF210	39	36	3	0	scaffold_3	3032519	3132519
Aspergillus_fumigatus_AF210	17	16	1	0	scaffold_2	4047038	4147038
Aspergillus_fumigatus_AF210	30	28	2	0	scaffold_1	1440629	1540629
Aspergillus_fumigatus_AF210	38	35	2	1	scaffold_1	2093347	2193347
Aspergillus_fumigatus_AF210	38	37	1	0	scaffold_4	904526	1004526
Aspergillus_fumigatus_AF210	34	31	3	0	scaffold_6	3155153	3255153
Aspergillus_fumigatus_AF210	13	12	1	0	scaffold_4	1123081	1223081
Aspergillus_fumigatus_AF210	35	35	0	0	scaffold_8	1000203	1100203
Aspergillus_fumigatus_AF210	43	37	6	0	scaffold_3	230852	330852
Aspergillus_fumigatus_AF210	34	24	10	0	scaffold_5	2919201	3019201
Aspergillus_fumigatus_AF210	40	37	3	0	scaffold_1	3673201	3773201
Aspergillus_fumigatus_AF210	29	25	4	0	scaffold_1	2052542	2152542
Aspergillus_fumigatus_AF210	39	39	0	0	scaffold_4	300978	400978
Aspergillus_fumigatus_AF210	33	33	0	0	scaffold_2	3836424	3936424
Aspergillus_fumigatus_AF210	34	33	1	0	scaffold_1	2627065	2727065
Aspergillus_fumigatus_AF210	31	29	2	0	scaffold_2	3324703	3424703
Aspergillus_fumigatus_AF210	37	33	4	0	scaffold_2	2935017	3035017
Aspergillus_fumigatus_AF210	12	11	1	0	scaffold_5	1258987	1358987
Aspergillus_fumigatus_AF210	35	34	1	0	scaffold_5	3080816	3180816
Aspergillus_fumigatus_AF210	36	30	6	0	scaffold_1	1385969	1485969
Aspergillus_fumigatus_AF210	31	29	2	0	scaffold_2	1802708	1902708
Aspergillus_fumigatus_AF210	43	40	3	0	scaffold_5	3553967	3653967
Aspergillus_fumigatus_AF210	37	34	3	0	scaffold_5	1609121	1709121
Aspergillus_fumigatus_AF210	37	35	2	0	scaffold_6	1534155	1634155
Aspergillus_fumigatus_AF210	37	35	2	0	scaffold_4	2747776	2847776
Aspergillus_fumigatus_AF210	41	39	2	0	scaffold_4	871231	971231
Aspergillus_fumigatus_AF210	44	42	2	0	scaffold_2	4122528	4222528
Aspergillus_fumigatus_AF210	43	41	2	0	scaffold_5	3512637	3612637
Aspergillus_fumigatus_AF210	40	40	0	0	scaffold_8	1068796	1168796
Aspergillus_fumigatus_AF210	42	38	4	0	scaffold_2	3243562	3343562
Aspergillus_fumigatus_AF210	22	20	2	0	scaffold_3	1162401	1262401
Aspergillus_fumigatus_AF210	42	33	9	0	scaffold_1	55957	155957
Aspergillus_fumigatus_AF210	39	36	3	0	scaffold_4	2824944	2924944
Aspergillus_fumigatus_AF210	33	32	1	0	scaffold_4	653615	753615
Aspergillus_fumigatus_AF210	39	35	4	0	scaffold_2	3395503	3495503
Aspergillus_fumigatus_AF210	39	34	5	0	scaffold_8	478327	578327
Aspergillus_fumigatus_AF210	37	21	16	0	scaffold_3	1019837	1119837
Aspergillus_fumigatus_AF210	45	41	4	0	scaffold_2	2897064	2997064
Aspergillus_fumigatus_AF210	43	38	5	0	scaffold_4	432182	532182
Aspergillus_fumigatus_AF210	36	32	4	0	scaffold_2	2929594	3029594
Aspergillus_fumigatus_AF210	35	31	4	0	scaffold_2	623087	723087
Aspergillus_fumigatus_AF210	27	25	2	0	scaffold_3	1205053	1305053
Aspergillus_fumigatus_AF210	29	25	4	0	scaffold_7	767316	867316
Aspergillus_fumigatus_AF210	38	35	3	0	scaffold_6	1204118	1304118
Aspergillus_fumigatus_AF210	34	27	7	0	scaffold_8	553241	653241
Aspergillus_fumigatus_AF210	38	35	3	0	scaffold_1	383237	483237
Aspergillus_fumigatus_AF210	28	21	7	0	scaffold_4	3185225	3285225
Aspergillus_fumigatus_AF210	28	25	3	0	scaffold_6	2381991	2481991
Aspergillus_fumigatus_AF210	36	33	3	0	scaffold_3	3048260	3148260
Aspergillus_fumigatus_AF210	26	26	0	0	scaffold_1	2701612	2801612
Aspergillus_fumigatus_AF210	44	40	4	0	scaffold_6	3367218	3467218
Aspergillus_fumigatus_AF210	49	46	3	0	scaffold_6	688504	788504
Aspergillus_fumigatus_AF210	46	42	4	0	scaffold_3	472905	572905
Aspergillus_fumigatus_AF210	38	34	4	0	scaffold_2	2937665	3037665
Aspergillus_fumigatus_AF210	31	30	1	0	scaffold_4	724549	824549
Aspergillus_fumigatus_AF210	40	35	5	0	scaffold_6	94786	194786
Aspergillus_fumigatus_AF210	37	32	5	0	scaffold_1	2944419	3044419
Aspergillus_fumigatus_AF210	44	40	4	0	scaffold_2	2089032	2189032
Aspergillus_fumigatus_AF210	39	36	3	0	scaffold_2	1755046	1855046
Aspergillus_fumigatus_AF210	38	36	2	0	scaffold_5	1045998	1145998
Aspergillus_fumigatus_AF210	23	23	0	0	scaffold_6	2042309	2142309
Aspergillus_fumigatus_AF210	29	24	5	0	scaffold_8	811334	911334
Aspergillus_fumigatus_AF210	26	24	2	0	scaffold_5	309667	409667
Aspergillus_fumigatus_AF210	39	31	8	0	scaffold_4	3713261	3813261
Aspergillus_fumigatus_AF210	34	33	1	0	scaffold_2	3771546	3871546
Aspergillus_fumigatus_AF210	35	33	2	0	scaffold_5	3068026	3168026
Aspergillus_fumigatus_AF210	41	39	2	0	scaffold_5	547579	647579
Aspergillus_fumigatus_AF210	40	39	1	0	scaffold_5	3579092	3679092
Aspergillus_fumigatus_AF210	35	33	2	0	scaffold_7	1368743	1468743
Aspergillus_fumigatus_AF210	39	39	0	0	scaffold_4	292888	392888
Aspergillus_fumigatus_AF210	36	35	1	0	scaffold_2	314530	414530
Aspergillus_fumigatus_AF210	43	41	2	0	scaffold_8	216260	316260
Aspergillus_fumigatus_AF210	43	32	11	0	scaffold_6	182388	282388
Aspergillus_fumigatus_AF210	35	32	3	0	scaffold_2	4374121	4474121
Aspergillus_fumigatus_AF210	38	33	5	0	scaffold_2	2652363	2752363
Aspergillus_fumigatus_AF210	43	41	2	0	scaffold_6	1823154	1923154
Aspergillus_fumigatus_AF210	27	27	0	0	scaffold_6	2668538	2768538
Aspergillus_fumigatus_AF210	39	33	6	0	scaffold_1	3216267	3316267
Aspergillus_fumigatus_AF210	40	37	3	0	scaffold_6	2465029	2565029
Aspergillus_fumigatus_AF210	54	47	7	0	scaffold_3	3891170	3991170
Aspergillus_fumigatus_AF210	42	37	5	0	scaffold_6	3382319	3482319
Aspergillus_fumigatus_AF210	40	35	5	0	scaffold_5	1508197	1608197
Aspergillus_fumigatus_AF210	38	35	3	0	scaffold_1	933858	1033858
Aspergillus_fumigatus_AF210	46	44	2	0	scaffold_6	724735	824735
Aspergillus_fumigatus_AF210	38	35	3	0	scaffold_1	2569542	2669542
Aspergillus_fumigatus_AF210	34	28	6	0	scaffold_7	1253027	1353027
Aspergillus_fumigatus_AF210	38	36	2	0	scaffold_6	1965294	2065294
Aspergillus_fumigatus_AF210	27	25	2	0	scaffold_2	2334665	2434665
Aspergillus_fumigatus_AF210	34	33	1	0	scaffold_3	3164131	3264131
Aspergillus_fumigatus_AF210	46	38	8	0	scaffold_4	3539296	3639296
Aspergillus_fumigatus_AF210	41	37	4	0	scaffold_6	1649850	1749850
Aspergillus_fumigatus_AF210	31	3	28	0	scaffold_7	2009610	2109610
Aspergillus_fumigatus_AF210	33	30	3	0	scaffold_3	1288844	1388844
Aspergillus_fumigatus_AF210	43	41	2	0	scaffold_3	1500912	1600912
Aspergillus_fumigatus_AF210	35	33	2	0	scaffold_6	3114690	3214690
Aspergillus_fumigatus_AF210	34	33	1	0	scaffold_3	3181986	3281986
Aspergillus_fumigatus_AF210	22	16	6	0	scaffold_5	146908	246908
Aspergillus_fumigatus_AF210	38	35	3	0	scaffold_1	374369	474369
Aspergillus_fumigatus_AF210	38	38	0	0	scaffold_5	3126776	3226776
Aspergillus_fumigatus_AF210	43	42	1	0	scaffold_6	1768006	1868006
Aspergillus_fumigatus_AF210	35	32	3	0	scaffold_1	903584	1003584
Aspergillus_fumigatus_AF210	41	39	2	0	scaffold_5	2014706	2114706
Aspergillus_fumigatus_AF210	35	33	2	0	scaffold_3	3183049	3283049
Aspergillus_fumigatus_AF210	37	35	2	0	scaffold_5	1048953	1148953
Aspergillus_fumigatus_AF210	41	37	4	0	scaffold_2	2108494	2208494
Aspergillus_fumigatus_AF210	33	28	5	0	scaffold_7	1283612	1383612
Aspergillus_fumigatus_AF210	30	28	2	0	scaffold_1	3552979	3652979
Aspergillus_fumigatus_AF210	32	31	1	0	scaffold_4	3397681	3497681
Aspergillus_fumigatus_AF210	30	28	2	0	scaffold_5	2112874	2212874
Aspergillus_fumigatus_AF210	48	38	10	0	scaffold_5	14738	114738
Aspergillus_fumigatus_AF210	29	26	3	0	scaffold_1	2867200	2967200
Aspergillus_fumigatus_AF210	37	29	8	0	scaffold_2	579471	679471
Aspergillus_fumigatus_AF210	43	41	2	0	scaffold_6	976004	1076004
Aspergillus_fumigatus_AF210	39	34	5	0	scaffold_6	475474	575474
Aspergillus_fumigatus_AF210	48	42	6	0	scaffold_4	3685878	3785878
Aspergillus_fumigatus_AF210	13	12	1	0	scaffold_4	1083093	1183093
Aspergillus_fumigatus_AF210	41	38	3	0	scaffold_5	614570	714570
Aspergillus_fumigatus_AF210	45	38	7	0	scaffold_3	304662	404662
Aspergillus_fumigatus_AF210	39	35	4	0	scaffold_2	497926	597926
Aspergillus_fumigatus_AF210	34	32	2	0	scaffold_5	2731461	2831461
Aspergillus_fumigatus_AF210	35	34	1	0	scaffold_2	4193313	4293313
Aspergillus_fumigatus_AF210	39	32	7	0	scaffold_7	69349	169349
Aspergillus_fumigatus_AF210	39	37	2	0	scaffold_5	1079851	1179851
Aspergillus_fumigatus_AF210	25	24	1	0	scaffold_4	1297605	1397605
Aspergillus_fumigatus_AF210	41	32	9	0	scaffold_1	4080453	4180453
Aspergillus_fumigatus_AF210	39	36	3	0	scaffold_5	767709	867709
Aspergillus_fumigatus_AF210	32	30	2	0	scaffold_1	2516184	2616184
Aspergillus_fumigatus_AF210	37	35	2	0	scaffold_5	1367943	1467943
Aspergillus_fumigatus_AF210	32	27	5	0	scaffold_1	1012616	1112616
Aspergillus_fumigatus_AF210	39	37	2	0	scaffold_3	2967650	3067650
Aspergillus_fumigatus_AF210	33	31	2	0	scaffold_4	2964288	3064288
Aspergillus_fumigatus_AF210	34	31	3	0	scaffold_7	552277	652277
Aspergillus_fumigatus_AF210	26	19	7	0	scaffold_4	3196653	3296653
Aspergillus_fumigatus_AF210	31	29	2	0	scaffold_2	3004268	3104268
Aspergillus_fumigatus_AF210	32	29	3	0	scaffold_1	3496862	3596862
Aspergillus_fumigatus_AF210	38	34	4	0	scaffold_2	876480	976480
Aspergillus_fumigatus_AF210	37	34	3	0	scaffold_5	1969892	2069892
Aspergillus_fumigatus_AF210	32	26	6	0	scaffold_1	4504463	4604463
Aspergillus_fumigatus_AF210	31	27	4	0	scaffold_4	2125411	2225411
Aspergillus_fumigatus_AF210	39	31	8	0	scaffold_3	905933	1005933
Aspergillus_fumigatus_AF210	38	38	0	0	scaffold_1	653948	753948
Aspergillus_fumigatus_AF210	36	35	1	0	scaffold_6	905016	1005016
Aspergillus_fumigatus_AF210	37	35	2	0	scaffold_4	2752898	2852898
Aspergillus_fumigatus_AF210	42	39	3	0	scaffold_2	1425537	1525537
Aspergillus_fumigatus_AF210	50	39	11	0	scaffold_7	1130321	1230321
Aspergillus_fumigatus_AF210	34	32	2	0	scaffold_6	3175691	3275691
Aspergillus_fumigatus_AF210	24	19	5	0	scaffold_5	112322	212322
Aspergillus_fumigatus_AF210	29	27	2	0	scaffold_5	294449	394449
Aspergillus_fumigatus_AF210	36	34	2	0	scaffold_2	3566356	3666356
Aspergillus_fumigatus_AF210	38	37	1	0	scaffold_2	2201212	2301212
Aspergillus_fumigatus_AF210	44	37	7	0	scaffold_4	202515	302515
Aspergillus_fumigatus_AF210	34	25	9	0	scaffold_6	3522646	3622646
Aspergillus_fumigatus_AF210	17	14	3	0	scaffold_7	695865	795865
Aspergillus_fumigatus_AF210	29	28	1	0	scaffold_7	584304	684304
Aspergillus_fumigatus_AF210	37	33	4	0	scaffold_1	829439	929439
Aspergillus_fumigatus_AF210	41	38	2	1	scaffold_1	2135947	2235947
Aspergillus_fumigatus_AF210	39	35	4	0	scaffold_5	3035625	3135625
Aspergillus_fumigatus_AF210	38	37	1	0	scaffold_4	2630855	2730855
Aspergillus_fumigatus_AF210	37	29	8	0	scaffold_2	583042	683042
Aspergillus_fumigatus_AF210	31	31	0	0	scaffold_6	2638696	2738696
Aspergillus_fumigatus_AF210	38	38	0	0	scaffold_4	486483	586483
Aspergillus_fumigatus_AF210	46	40	6	0	scaffold_2	2063297	2163297
Aspergillus_fumigatus_AF210	44	36	8	0	scaffold_4	83528	183528
Aspergillus_fumigatus_AF210	33	32	1	0	scaffold_2	3015412	3115412
Aspergillus_fumigatus_AF210	41	39	2	0	scaffold_6	1836059	1936059
Aspergillus_fumigatus_AF210	31	27	4	0	scaffold_2	3947017	4047017
Aspergillus_fumigatus_AF210	37	29	8	0	scaffold_7	56731	156731
Aspergillus_fumigatus_AF210	34	33	1	0	scaffold_2	3027696	3127696
Aspergillus_fumigatus_AF210	35	24	11	0	scaffold_8	8442	108442
Aspergillus_fumigatus_AF210	46	40	6	0	scaffold_1	4611065	4711065
Aspergillus_fumigatus_AF210	16	16	0	0	scaffold_3	554535	654535
Aspergillus_fumigatus_AF210	29	24	5	0	scaffold_1	1061665	1161665
Aspergillus_fumigatus_AF210	23	22	1	0	scaffold_4	1055503	1155503
Aspergillus_fumigatus_AF210	36	34	1	1	scaffold_3	3315781	3415781
Aspergillus_fumigatus_AF210	37	37	0	0	scaffold_5	1407600	1507600
Aspergillus_fumigatus_AF210	41	41	0	0	scaffold_4	254638	354638
Aspergillus_fumigatus_AF210	38	34	4	0	scaffold_4	2336253	2436253
Aspergillus_fumigatus_AF210	43	34	9	0	scaffold_1	56651	156651
Aspergillus_fumigatus_AF210	35	31	4	0	scaffold_3	1852889	1952889
Aspergillus_fumigatus_AF210	37	36	1	0	scaffold_2	3515928	3615928
Aspergillus_fumigatus_AF210	44	40	4	0	scaffold_5	2583460	2683460
Aspergillus_fumigatus_AF210	47	39	8	0	scaffold_7	1530571	1630571
Aspergillus_fumigatus_AF210	34	31	3	0	scaffold_3	2473568	2573568
Aspergillus_fumigatus_AF210	32	30	2	0	scaffold_1	3825529	3925529
Aspergillus_fumigatus_AF210	34	33	1	0	scaffold_6	3123058	3223058
Aspergillus_fumigatus_AF210	32	32	0	0	scaffold_4	563923	663923
Aspergillus_fumigatus_AF210	33	32	1	0	scaffold_1	1918869	2018869
Aspergillus_fumigatus_AF210	44	41	2	1	scaffold_1	2125605	2225605
Aspergillus_fumigatus_AF210	24	21	3	0	scaffold_6	2080787	2180787
Aspergillus_fumigatus_AF210	31	23	8	0	scaffold_6	409457	509457
Aspergillus_fumigatus_AF210	34	32	2	0	scaffold_2	1797107	1897107
Aspergillus_fumigatus_AF210	44	39	5	0	scaffold_3	2232024	2332024
Aspergillus_fumigatus_AF210	36	36	0	0	scaffold_1	597665	697665
Aspergillus_fumigatus_AF210	33	32	1	0	scaffold_5	1755559	1855559
Aspergillus_fumigatus_AF210	38	36	2	0	scaffold_2	203840	303840
Aspergillus_fumigatus_AF210	29	29	0	0	scaffold_6	1345935	1445935
Aspergillus_fumigatus_AF210	38	36	2	0	scaffold_5	760697	860697
Aspergillus_fumigatus_AF210	43	41	2	0	scaffold_8	171428	271428
Aspergillus_fumigatus_AF210	42	40	2	0	scaffold_5	3569890	3669890
Aspergillus_fumigatus_AF210	38	38	0	0	scaffold_2	297962	397962
Aspergillus_fumigatus_AF210	37	36	1	0	scaffold_6	1484580	1584580
Aspergillus_fumigatus_AF210	46	39	7	0	scaffold_5	3481505	3581505
Aspergillus_fumigatus_AF210	39	38	1	0	scaffold_4	804245	904245
Aspergillus_fumigatus_AF210	37	33	4	0	scaffold_4	347133	447133
Aspergillus_fumigatus_AF210	32	32	0	0	scaffold_5	1423790	1523790
Aspergillus_fumigatus_AF210	43	36	7	0	scaffold_4	2437228	2537228
Aspergillus_fumigatus_AF210	37	36	1	0	scaffold_6	1490062	1590062
Aspergillus_fumigatus_AF210	38	32	6	0	scaffold_2	436538	536538
Aspergillus_fumigatus_AF210	34	33	1	0	scaffold_3	3164341	3264341
Aspergillus_fumigatus_AF210	34	28	6	0	scaffold_1	1022905	1122905
Aspergillus_fumigatus_AF210	40	36	4	0	scaffold_3	3712928	3812928
Aspergillus_fumigatus_AF210	26	24	2	0	scaffold_2	2312991	2412991
Aspergillus_fumigatus_AF210	39	36	3	0	scaffold_2	1381445	1481445
Aspergillus_fumigatus_AF210	27	25	2	0	scaffold_6	3423179	3523179
Aspergillus_fumigatus_AF210	32	30	2	0	scaffold_1	3002863	3102863
Aspergillus_fumigatus_AF210	33	31	2	0	scaffold_1	2507852	2607852
Aspergillus_fumigatus_AF210	46	41	5	0	scaffold_3	63965	163965
Aspergillus_fumigatus_AF210	34	34	0	0	scaffold_8	946311	1046311
Aspergillus_fumigatus_AF210	34	0	33	1	scaffold_1	4307233	4407233
Aspergillus_fumigatus_AF210	38	36	2	0	scaffold_5	2094992	2194992
Aspergillus_fumigatus_AF210	40	35	5	0	scaffold_3	326876	426876
Aspergillus_fumigatus_AF210	40	37	3	0	scaffold_2	1388935	1488935
Aspergillus_fumigatus_AF210	38	34	4	0	scaffold_5	1126163	1226163
Aspergillus_fumigatus_AF210	37	33	4	0	scaffold_5	1928509	2028509
Aspergillus_fumigatus_AF210	24	19	5	0	scaffold_5	111919	211919
Aspergillus_fumigatus_AF210	39	37	2	0	scaffold_3	2082799	2182799
Aspergillus_fumigatus_AF210	35	32	3	0	scaffold_1	3641820	3741820
Aspergillus_fumigatus_AF210	38	37	1	0	scaffold_2	244278	344278
Aspergillus_fumigatus_AF210	41	37	4	0	scaffold_3	498718	598718
Aspergillus_fumigatus_AF210	31	29	2	0	scaffold_3	1326202	1426202
Aspergillus_fumigatus_AF210	39	33	6	0	scaffold_2	1950175	2050175
Aspergillus_fumigatus_AF210	29	26	3	0	scaffold_7	773364	873364
Aspergillus_fumigatus_AF210	40	38	2	0	scaffold_5	2088331	2188331
Aspergillus_fumigatus_AF210	39	37	2	0	scaffold_6	3016592	3116592
Aspergillus_fumigatus_AF210	14	1	13	0	scaffold_7	1834555	1934555
Aspergillus_fumigatus_AF210	42	40	2	0	scaffold_2	130293	230293
Aspergillus_fumigatus_AF210	32	29	3	0	scaffold_8	679689	779689
Aspergillus_fumigatus_AF210	45	35	10	0	scaffold_1	4053840	4153840
Aspergillus_fumigatus_AF210	39	34	5	0	scaffold_4	1747173	1847173
Aspergillus_fumigatus_AF210	34	30	4	0	scaffold_5	2675686	2775686
Aspergillus_fumigatus_AF210	24	23	1	0	scaffold_7	823953	923953
Aspergillus_fumigatus_AF210	48	39	9	0	scaffold_4	2488535	2588535
Aspergillus_fumigatus_AF210	36	35	1	0	scaffold_8	1590859	1690859
Aspergillus_fumigatus_AF210	36	0	35	1	scaffold_1	4309220	4409220
Aspergillus_fumigatus_AF210	42	34	8	0	scaffold_4	3463348	3563348
Aspergillus_fumigatus_AF210	25	25	0	0	scaffold_6	1021591	1121591
Aspergillus_fumigatus_AF210	38	32	6	0	scaffold_7	1052678	1152678
Aspergillus_fumigatus_AF210	32	28	4	0	scaffold_5	1483612	1583612
Aspergillus_fumigatus_AF210	31	27	4	0	scaffold_8	509872	609872
Aspergillus_fumigatus_AF210	32	28	4	0	scaffold_4	2163090	2263090
Aspergillus_fumigatus_AF210	40	35	5	0	scaffold_2	3223109	3323109
Aspergillus_fumigatus_AF210	37	34	3	0	scaffold_6	1450316	1550316
Aspergillus_fumigatus_AF210	38	37	1	0	scaffold_4	2604029	2704029
Aspergillus_fumigatus_AF210	38	35	3	0	scaffold_1	361474	461474
Aspergillus_fumigatus_AF210	34	28	6	0	scaffold_3	2000731	2100731
Aspergillus_fumigatus_AF210	42	38	4	0	scaffold_2	2911920	3011920
Aspergillus_fumigatus_AF210	46	35	11	0	scaffold_4	169574	269574
Aspergillus_fumigatus_AF210	31	30	1	0	scaffold_5	3282129	3382129
Aspergillus_fumigatus_AF210	46	36	10	0	scaffold_4	173992	273992
Aspergillus_fumigatus_AF210	43	38	5	0	scaffold_5	642950	742950
Aspergillus_fumigatus_AF210	40	34	6	0	scaffold_4	411823	511823
Aspergillus_fumigatus_AF210	37	35	2	0	scaffold_2	1790200	1890200
Aspergillus_fumigatus_AF210	31	31	0	0	scaffold_2	701115	801115
Aspergillus_fumigatus_AF210	34	30	4	0	scaffold_1	3951517	4051517
Aspergillus_fumigatus_AF210	34	32	2	0	scaffold_2	351821	451821
Aspergillus_fumigatus_AF210	44	40	4	0	scaffold_3	3735869	3835869
Aspergillus_fumigatus_AF210	40	33	7	0	scaffold_1	3135131	3235131
Aspergillus_fumigatus_AF210	34	30	4	0	scaffold_5	2320290	2420290
Aspergillus_fumigatus_AF210	35	31	4	0	scaffold_2	1298481	1398481
Aspergillus_fumigatus_AF210	36	31	5	0	scaffold_3	1044632	1144632
Aspergillus_fumigatus_AF210	33	28	5	0	scaffold_7	1292531	1392531
Aspergillus_fumigatus_AF210	38	23	15	0	scaffold_3	1023197	1123197
Aspergillus_fumigatus_AF210	40	39	1	0	scaffold_1	438095	538095
Aspergillus_fumigatus_AF210	44	39	5	0	scaffold_3	2212833	2312833
Aspergillus_fumigatus_AF210	47	40	7	0	scaffold_6	228231	328231
Aspergillus_fumigatus_AF210	38	38	0	0	scaffold_6	2900263	3000263
Aspergillus_fumigatus_AF210	34	33	1	0	scaffold_3	1650531	1750531
Aspergillus_fumigatus_AF210	40	38	1	1	scaffold_1	2140052	2240052
Aspergillus_fumigatus_AF210	31	29	2	0	scaffold_2	4234266	4334266
Aspergillus_fumigatus_AF210	41	37	4	0	scaffold_7	1446557	1546557
Aspergillus_fumigatus_AF210	29	25	4	0	scaffold_5	1179657	1279657
Aspergillus_fumigatus_AF210	5	5	0	0	scaffold_7	1668389	1768389
Aspergillus_fumigatus_AF210	38	33	5	0	scaffold_8	1486849	1586849
Aspergillus_fumigatus_AF210	43	37	6	0	scaffold_4	369424	469424
Aspergillus_fumigatus_AF210	28	25	3	0	scaffold_6	1174147	1274147
Aspergillus_fumigatus_AF210	40	37	3	0	scaffold_2	1764823	1864823
Aspergillus_fumigatus_AF210	32	30	2	0	scaffold_2	1005948	1105948
