STRAIN	TOTAL	CORE	ACCESSORY	SINGLETON	CHROM	START	END
Aspergillus_fumigatus_AFIS1435_CDC_6	41	33	8	0	scaffold_1	165166	265166
Aspergillus_fumigatus_AFIS1435_CDC_6	35	33	2	0	scaffold_1	3433786	3533786
Aspergillus_fumigatus_AFIS1435_CDC_6	15	13	2	0	scaffold_5	1240523	1340523
Aspergillus_fumigatus_AFIS1435_CDC_6	41	39	2	0	scaffold_4	560836	660836
Aspergillus_fumigatus_AFIS1435_CDC_6	32	31	1	0	scaffold_3	1941706	2041706
Aspergillus_fumigatus_AFIS1435_CDC_6	38	32	6	0	scaffold_4	3683591	3783591
Aspergillus_fumigatus_AFIS1435_CDC_6	29	29	0	0	scaffold_1	3145299	3245299
Aspergillus_fumigatus_AFIS1435_CDC_6	35	32	3	0	scaffold_5	3431082	3531082
Aspergillus_fumigatus_AFIS1435_CDC_6	37	35	2	0	scaffold_6	1495242	1595242
Aspergillus_fumigatus_AFIS1435_CDC_6	26	19	7	0	scaffold_3	2206864	2306864
Aspergillus_fumigatus_AFIS1435_CDC_6	52	43	9	0	scaffold_8	1464678	1564678
Aspergillus_fumigatus_AFIS1435_CDC_6	41	37	4	0	scaffold_2	3565094	3665094
Aspergillus_fumigatus_AFIS1435_CDC_6	41	40	1	0	scaffold_1	457585	557585
Aspergillus_fumigatus_AFIS1435_CDC_6	37	34	3	0	scaffold_3	2003299	2103299
Aspergillus_fumigatus_AFIS1435_CDC_6	34	33	1	0	scaffold_4	957073	1057073
Aspergillus_fumigatus_AFIS1435_CDC_6	29	28	1	0	scaffold_3	1886037	1986037
Aspergillus_fumigatus_AFIS1435_CDC_6	34	32	2	0	scaffold_3	119525	219525
Aspergillus_fumigatus_AFIS1435_CDC_6	43	39	4	0	scaffold_1	4672963	4772963
Aspergillus_fumigatus_AFIS1435_CDC_6	49	45	4	0	scaffold_3	4155626	4255626
Aspergillus_fumigatus_AFIS1435_CDC_6	41	37	4	0	scaffold_2	2329201	2429201
Aspergillus_fumigatus_AFIS1435_CDC_6	38	34	4	0	scaffold_1	226065	326065
Aspergillus_fumigatus_AFIS1435_CDC_6	39	36	3	0	scaffold_6	763832	863832
Aspergillus_fumigatus_AFIS1435_CDC_6	35	32	3	0	scaffold_2	1449339	1549339
Aspergillus_fumigatus_AFIS1435_CDC_6	44	37	7	0	scaffold_5	497092	597092
Aspergillus_fumigatus_AFIS1435_CDC_6	32	27	5	0	scaffold_1	1133285	1233285
Aspergillus_fumigatus_AFIS1435_CDC_6	33	32	1	0	scaffold_4	1726541	1826541
Aspergillus_fumigatus_AFIS1435_CDC_6	34	30	4	0	scaffold_2	3290666	3390666
Aspergillus_fumigatus_AFIS1435_CDC_6	36	29	7	0	scaffold_5	1754247	1854247
Aspergillus_fumigatus_AFIS1435_CDC_6	25	25	0	0	scaffold_6	2710438	2810438
Aspergillus_fumigatus_AFIS1435_CDC_6	36	30	6	0	scaffold_2	474781	574781
Aspergillus_fumigatus_AFIS1435_CDC_6	30	28	2	0	scaffold_6	2593321	2693321
Aspergillus_fumigatus_AFIS1435_CDC_6	33	26	7	0	scaffold_6	413047	513047
Aspergillus_fumigatus_AFIS1435_CDC_6	45	37	8	0	scaffold_5	2576506	2676506
Aspergillus_fumigatus_AFIS1435_CDC_6	36	22	14	0	scaffold_3	8061	108061
Aspergillus_fumigatus_AFIS1435_CDC_6	41	34	7	0	scaffold_5	2542645	2642645
Aspergillus_fumigatus_AFIS1435_CDC_6	39	33	6	0	scaffold_1	182950	282950
Aspergillus_fumigatus_AFIS1435_CDC_6	32	29	3	0	scaffold_5	2283948	2383948
Aspergillus_fumigatus_AFIS1435_CDC_6	36	36	0	0	scaffold_2	1099211	1199211
Aspergillus_fumigatus_AFIS1435_CDC_6	32	32	0	0	scaffold_5	701040	801040
Aspergillus_fumigatus_AFIS1435_CDC_6	41	34	7	0	scaffold_5	2543156	2643156
Aspergillus_fumigatus_AFIS1435_CDC_6	37	30	7	0	scaffold_3	2267700	2367700
Aspergillus_fumigatus_AFIS1435_CDC_6	43	40	3	0	scaffold_2	2173529	2273529
Aspergillus_fumigatus_AFIS1435_CDC_6	24	23	1	0	scaffold_4	2368088	2468088
Aspergillus_fumigatus_AFIS1435_CDC_6	39	38	1	0	scaffold_5	968553	1068553
Aspergillus_fumigatus_AFIS1435_CDC_6	38	38	0	0	scaffold_1	651171	751171
Aspergillus_fumigatus_AFIS1435_CDC_6	21	11	10	0	scaffold_2	722097	822097
Aspergillus_fumigatus_AFIS1435_CDC_6	34	31	3	0	scaffold_5	1911031	2011031
Aspergillus_fumigatus_AFIS1435_CDC_6	42	38	4	0	scaffold_6	1587354	1687354
Aspergillus_fumigatus_AFIS1435_CDC_6	35	35	0	0	scaffold_4	3450888	3550888
Aspergillus_fumigatus_AFIS1435_CDC_6	40	37	3	0	scaffold_2	1546516	1646516
Aspergillus_fumigatus_AFIS1435_CDC_6	45	43	2	0	scaffold_3	1794995	1894995
Aspergillus_fumigatus_AFIS1435_CDC_6	32	30	2	0	scaffold_6	318758	418758
Aspergillus_fumigatus_AFIS1435_CDC_6	31	29	2	0	scaffold_1	2830580	2930580
Aspergillus_fumigatus_AFIS1435_CDC_6	32	28	4	0	scaffold_2	2063807	2163807
Aspergillus_fumigatus_AFIS1435_CDC_6	39	37	2	0	scaffold_5	2102916	2202916
Aspergillus_fumigatus_AFIS1435_CDC_6	34	32	2	0	scaffold_3	3043529	3143529
Aspergillus_fumigatus_AFIS1435_CDC_6	39	36	3	0	scaffold_2	2537591	2637591
Aspergillus_fumigatus_AFIS1435_CDC_6	39	39	0	0	scaffold_5	3229697	3329697
Aspergillus_fumigatus_AFIS1435_CDC_6	43	31	12	0	scaffold_6	2120703	2220703
Aspergillus_fumigatus_AFIS1435_CDC_6	34	33	1	0	scaffold_4	3496595	3596595
Aspergillus_fumigatus_AFIS1435_CDC_6	38	36	2	0	scaffold_1	2658426	2758426
Aspergillus_fumigatus_AFIS1435_CDC_6	35	34	1	0	scaffold_2	812269	912269
Aspergillus_fumigatus_AFIS1435_CDC_6	36	32	4	0	scaffold_1	2882209	2982209
Aspergillus_fumigatus_AFIS1435_CDC_6	44	42	2	0	scaffold_6	2201561	2301561
Aspergillus_fumigatus_AFIS1435_CDC_6	4	1	3	0	scaffold_7	1753437	1853437
Aspergillus_fumigatus_AFIS1435_CDC_6	27	25	2	0	scaffold_2	2458518	2558518
Aspergillus_fumigatus_AFIS1435_CDC_6	37	37	0	0	scaffold_1	2252926	2352926
Aspergillus_fumigatus_AFIS1435_CDC_6	42	38	4	0	scaffold_6	482307	582307
Aspergillus_fumigatus_AFIS1435_CDC_6	34	30	4	0	scaffold_2	3827743	3927743
Aspergillus_fumigatus_AFIS1435_CDC_6	32	28	4	0	scaffold_3	91178	191178
Aspergillus_fumigatus_AFIS1435_CDC_6	38	36	2	0	scaffold_8	1181027	1281027
Aspergillus_fumigatus_AFIS1435_CDC_6	22	1	21	0	scaffold_5	13208	113208
Aspergillus_fumigatus_AFIS1435_CDC_6	16	11	5	0	scaffold_7	1551255	1651255
Aspergillus_fumigatus_AFIS1435_CDC_6	32	32	0	0	scaffold_2	4303377	4403377
Aspergillus_fumigatus_AFIS1435_CDC_6	36	29	7	0	scaffold_8	310951	410951
Aspergillus_fumigatus_AFIS1435_CDC_6	43	37	6	0	scaffold_4	84570	184570
Aspergillus_fumigatus_AFIS1435_CDC_6	33	31	2	0	scaffold_4	1757940	1857940
Aspergillus_fumigatus_AFIS1435_CDC_6	32	30	2	0	scaffold_1	871490	971490
Aspergillus_fumigatus_AFIS1435_CDC_6	36	28	8	0	scaffold_4	3113780	3213780
Aspergillus_fumigatus_AFIS1435_CDC_6	30	24	6	0	scaffold_6	3474611	3574611
Aspergillus_fumigatus_AFIS1435_CDC_6	38	38	0	0	scaffold_5	2749117	2849117
Aspergillus_fumigatus_AFIS1435_CDC_6	36	33	3	0	scaffold_6	3145469	3245469
Aspergillus_fumigatus_AFIS1435_CDC_6	35	31	4	0	scaffold_2	3354008	3454008
Aspergillus_fumigatus_AFIS1435_CDC_6	40	35	5	0	scaffold_3	3641031	3741031
Aspergillus_fumigatus_AFIS1435_CDC_6	38	35	3	0	scaffold_6	795224	895224
Aspergillus_fumigatus_AFIS1435_CDC_6	44	40	4	0	scaffold_6	1552927	1652927
Aspergillus_fumigatus_AFIS1435_CDC_6	40	38	2	0	scaffold_2	2968612	3068612
Aspergillus_fumigatus_AFIS1435_CDC_6	45	37	8	0	scaffold_7	1067816	1167816
Aspergillus_fumigatus_AFIS1435_CDC_6	39	33	6	0	scaffold_2	4544415	4644415
Aspergillus_fumigatus_AFIS1435_CDC_6	38	38	0	0	scaffold_2	4256620	4356620
Aspergillus_fumigatus_AFIS1435_CDC_6	22	19	3	0	scaffold_6	3408676	3508676
Aspergillus_fumigatus_AFIS1435_CDC_6	37	35	2	0	scaffold_1	2294879	2394879
Aspergillus_fumigatus_AFIS1435_CDC_6	41	33	8	0	scaffold_1	3272426	3372426
Aspergillus_fumigatus_AFIS1435_CDC_6	41	38	3	0	scaffold_8	698796	798796
Aspergillus_fumigatus_AFIS1435_CDC_6	30	25	5	0	scaffold_4	2315574	2415574
Aspergillus_fumigatus_AFIS1435_CDC_6	40	34	6	0	scaffold_8	450524	550524
Aspergillus_fumigatus_AFIS1435_CDC_6	41	39	2	0	scaffold_7	1292760	1392760
Aspergillus_fumigatus_AFIS1435_CDC_6	39	36	3	0	scaffold_3	468814	568814
Aspergillus_fumigatus_AFIS1435_CDC_6	44	43	1	0	scaffold_2	4215524	4315524
Aspergillus_fumigatus_AFIS1435_CDC_6	34	31	3	0	scaffold_3	448768	548768
Aspergillus_fumigatus_AFIS1435_CDC_6	28	25	3	0	scaffold_8	562499	662499
Aspergillus_fumigatus_AFIS1435_CDC_6	37	33	4	0	scaffold_4	3655900	3755900
Aspergillus_fumigatus_AFIS1435_CDC_6	38	34	4	0	scaffold_2	2772362	2872362
Aspergillus_fumigatus_AFIS1435_CDC_6	43	43	0	0	scaffold_2	1686249	1786249
Aspergillus_fumigatus_AFIS1435_CDC_6	40	36	4	0	scaffold_3	3652013	3752013
Aspergillus_fumigatus_AFIS1435_CDC_6	39	37	2	0	scaffold_4	785788	885788
Aspergillus_fumigatus_AFIS1435_CDC_6	39	37	2	0	scaffold_3	2333895	2433895
Aspergillus_fumigatus_AFIS1435_CDC_6	40	35	5	0	scaffold_2	3385063	3485063
Aspergillus_fumigatus_AFIS1435_CDC_6	38	32	6	0	scaffold_5	1726085	1826085
Aspergillus_fumigatus_AFIS1435_CDC_6	26	24	2	0	scaffold_2	4591502	4691502
Aspergillus_fumigatus_AFIS1435_CDC_6	31	28	3	0	scaffold_4	2069677	2169677
Aspergillus_fumigatus_AFIS1435_CDC_6	41	41	0	0	scaffold_6	2858424	2958424
Aspergillus_fumigatus_AFIS1435_CDC_6	44	41	3	0	scaffold_2	2188561	2288561
Aspergillus_fumigatus_AFIS1435_CDC_6	33	31	2	0	scaffold_6	1399207	1499207
Aspergillus_fumigatus_AFIS1435_CDC_6	31	27	4	0	scaffold_1	1103676	1203676
Aspergillus_fumigatus_AFIS1435_CDC_6	45	37	8	0	scaffold_6	231324	331324
Aspergillus_fumigatus_AFIS1435_CDC_6	34	30	4	0	scaffold_2	4155161	4255161
Aspergillus_fumigatus_AFIS1435_CDC_6	30	29	1	0	scaffold_2	3955628	4055628
Aspergillus_fumigatus_AFIS1435_CDC_6	35	33	2	0	scaffold_8	1027070	1127070
Aspergillus_fumigatus_AFIS1435_CDC_6	42	38	4	0	scaffold_4	1393400	1493400
Aspergillus_fumigatus_AFIS1435_CDC_6	31	28	3	0	scaffold_4	2074303	2174303
Aspergillus_fumigatus_AFIS1435_CDC_6	43	38	5	0	scaffold_8	107136	207136
Aspergillus_fumigatus_AFIS1435_CDC_6	43	41	2	0	scaffold_4	3797788	3897788
Aspergillus_fumigatus_AFIS1435_CDC_6	36	34	2	0	scaffold_2	429654	529654
Aspergillus_fumigatus_AFIS1435_CDC_6	34	32	2	0	scaffold_5	887398	987398
Aspergillus_fumigatus_AFIS1435_CDC_6	20	17	3	0	scaffold_3	1453888	1553888
Aspergillus_fumigatus_AFIS1435_CDC_6	32	31	1	0	scaffold_6	2748288	2848288
Aspergillus_fumigatus_AFIS1435_CDC_6	39	35	4	0	scaffold_5	1864737	1964737
Aspergillus_fumigatus_AFIS1435_CDC_6	36	34	2	0	scaffold_4	1086408	1186408
Aspergillus_fumigatus_AFIS1435_CDC_6	34	22	12	0	scaffold_4	2673018	2773018
Aspergillus_fumigatus_AFIS1435_CDC_6	41	40	1	0	scaffold_2	1737397	1837397
Aspergillus_fumigatus_AFIS1435_CDC_6	18	17	1	0	scaffold_4	2143062	2243062
Aspergillus_fumigatus_AFIS1435_CDC_6	42	39	3	0	scaffold_3	2423390	2523390
Aspergillus_fumigatus_AFIS1435_CDC_6	38	31	7	0	scaffold_2	2746314	2846314
Aspergillus_fumigatus_AFIS1435_CDC_6	32	31	1	0	scaffold_3	1535128	1635128
Aspergillus_fumigatus_AFIS1435_CDC_6	1	0	1	0	scaffold_7	1593928	1693928
Aspergillus_fumigatus_AFIS1435_CDC_6	45	40	5	0	scaffold_1	4766339	4866339
Aspergillus_fumigatus_AFIS1435_CDC_6	38	36	2	0	scaffold_2	1922026	2022026
Aspergillus_fumigatus_AFIS1435_CDC_6	35	32	3	0	scaffold_4	2969359	3069359
Aspergillus_fumigatus_AFIS1435_CDC_6	44	41	3	0	scaffold_2	2188556	2288556
Aspergillus_fumigatus_AFIS1435_CDC_6	42	39	3	0	scaffold_6	738124	838124
Aspergillus_fumigatus_AFIS1435_CDC_6	42	35	7	0	scaffold_8	156788	256788
Aspergillus_fumigatus_AFIS1435_CDC_6	38	36	2	0	scaffold_8	42131	142131
Aspergillus_fumigatus_AFIS1435_CDC_6	46	40	6	0	scaffold_4	53659	153659
Aspergillus_fumigatus_AFIS1435_CDC_6	39	39	0	0	scaffold_2	340727	440727
Aspergillus_fumigatus_AFIS1435_CDC_6	42	38	4	0	scaffold_7	300240	400240
Aspergillus_fumigatus_AFIS1435_CDC_6	36	34	2	0	scaffold_5	3105905	3205905
Aspergillus_fumigatus_AFIS1435_CDC_6	36	35	1	0	scaffold_2	1772149	1872149
Aspergillus_fumigatus_AFIS1435_CDC_6	30	28	2	0	scaffold_3	3115177	3215177
Aspergillus_fumigatus_AFIS1435_CDC_6	37	32	5	0	scaffold_5	1817266	1917266
Aspergillus_fumigatus_AFIS1435_CDC_6	7	6	1	0	scaffold_3	1414045	1514045
Aspergillus_fumigatus_AFIS1435_CDC_6	27	26	1	0	scaffold_3	1352814	1452814
Aspergillus_fumigatus_AFIS1435_CDC_6	43	35	8	0	scaffold_5	3617470	3717470
Aspergillus_fumigatus_AFIS1435_CDC_6	35	33	2	0	scaffold_2	4464589	4564589
Aspergillus_fumigatus_AFIS1435_CDC_6	41	41	0	0	scaffold_2	1622895	1722895
Aspergillus_fumigatus_AFIS1435_CDC_6	37	32	5	0	scaffold_8	415234	515234
Aspergillus_fumigatus_AFIS1435_CDC_6	37	31	6	0	scaffold_1	1711489	1811489
Aspergillus_fumigatus_AFIS1435_CDC_6	33	29	4	0	scaffold_1	1087070	1187070
Aspergillus_fumigatus_AFIS1435_CDC_6	36	34	2	0	scaffold_6	3056873	3156873
Aspergillus_fumigatus_AFIS1435_CDC_6	45	41	4	0	scaffold_3	2496495	2596495
Aspergillus_fumigatus_AFIS1435_CDC_6	46	40	6	0	scaffold_5	3715235	3815235
Aspergillus_fumigatus_AFIS1435_CDC_6	41	36	5	0	scaffold_5	207185	307185
Aspergillus_fumigatus_AFIS1435_CDC_6	30	27	3	0	scaffold_1	4069657	4169657
Aspergillus_fumigatus_AFIS1435_CDC_6	38	37	1	0	scaffold_6	1296391	1396391
Aspergillus_fumigatus_AFIS1435_CDC_6	33	28	5	0	scaffold_1	2977624	3077624
Aspergillus_fumigatus_AFIS1435_CDC_6	29	22	7	0	scaffold_4	243137	343137
Aspergillus_fumigatus_AFIS1435_CDC_6	37	35	2	0	scaffold_6	889336	989336
Aspergillus_fumigatus_AFIS1435_CDC_6	42	36	6	0	scaffold_6	449427	549427
Aspergillus_fumigatus_AFIS1435_CDC_6	26	23	3	0	scaffold_4	1312770	1412770
Aspergillus_fumigatus_AFIS1435_CDC_6	39	36	3	0	scaffold_2	3241645	3341645
Aspergillus_fumigatus_AFIS1435_CDC_6	38	36	2	0	scaffold_1	2489134	2589134
Aspergillus_fumigatus_AFIS1435_CDC_6	7	5	2	0	scaffold_7	488470	588470
Aspergillus_fumigatus_AFIS1435_CDC_6	39	33	6	0	scaffold_1	3976006	4076006
Aspergillus_fumigatus_AFIS1435_CDC_6	29	18	11	0	scaffold_5	81432	181432
Aspergillus_fumigatus_AFIS1435_CDC_6	34	33	1	0	scaffold_5	3161927	3261927
Aspergillus_fumigatus_AFIS1435_CDC_6	36	33	3	0	scaffold_2	4476317	4576317
Aspergillus_fumigatus_AFIS1435_CDC_6	28	26	2	0	scaffold_6	1389939	1489939
Aspergillus_fumigatus_AFIS1435_CDC_6	32	32	0	0	scaffold_5	694360	794360
Aspergillus_fumigatus_AFIS1435_CDC_6	43	38	5	0	scaffold_3	2437712	2537712
Aspergillus_fumigatus_AFIS1435_CDC_6	38	34	4	0	scaffold_4	2600588	2700588
Aspergillus_fumigatus_AFIS1435_CDC_6	35	29	6	0	scaffold_5	1739280	1839280
Aspergillus_fumigatus_AFIS1435_CDC_6	12	10	2	0	scaffold_4	1280722	1380722
Aspergillus_fumigatus_AFIS1435_CDC_6	32	29	3	0	scaffold_5	2283999	2383999
Aspergillus_fumigatus_AFIS1435_CDC_6	35	31	4	0	scaffold_6	3202195	3302195
Aspergillus_fumigatus_AFIS1435_CDC_6	50	38	12	0	scaffold_5	300401	400401
Aspergillus_fumigatus_AFIS1435_CDC_6	34	31	3	0	scaffold_7	906333	1006333
Aspergillus_fumigatus_AFIS1435_CDC_6	17	6	11	0	scaffold_2	709673	809673
Aspergillus_fumigatus_AFIS1435_CDC_6	33	31	2	0	scaffold_6	2619095	2719095
Aspergillus_fumigatus_AFIS1435_CDC_6	36	33	3	0	scaffold_3	145315	245315
Aspergillus_fumigatus_AFIS1435_CDC_6	30	26	4	0	scaffold_5	2274299	2374299
Aspergillus_fumigatus_AFIS1435_CDC_6	22	1	21	0	scaffold_5	15837	115837
Aspergillus_fumigatus_AFIS1435_CDC_6	35	33	2	0	scaffold_2	1493569	1593569
Aspergillus_fumigatus_AFIS1435_CDC_6	33	33	0	0	scaffold_5	676850	776850
Aspergillus_fumigatus_AFIS1435_CDC_6	35	31	4	0	scaffold_2	3286544	3386544
Aspergillus_fumigatus_AFIS1435_CDC_6	32	29	3	0	scaffold_1	1342420	1442420
Aspergillus_fumigatus_AFIS1435_CDC_6	38	35	3	0	scaffold_2	1518443	1618443
Aspergillus_fumigatus_AFIS1435_CDC_6	23	23	0	0	scaffold_7	645007	745007
Aspergillus_fumigatus_AFIS1435_CDC_6	40	34	6	0	scaffold_4	3083156	3183156
Aspergillus_fumigatus_AFIS1435_CDC_6	29	27	1	1	scaffold_3	3590715	3690715
Aspergillus_fumigatus_AFIS1435_CDC_6	34	32	2	0	scaffold_1	1001538	1101538
Aspergillus_fumigatus_AFIS1435_CDC_6	32	20	12	0	scaffold_4	2252183	2352183
Aspergillus_fumigatus_AFIS1435_CDC_6	43	38	5	0	scaffold_1	3382656	3482656
Aspergillus_fumigatus_AFIS1435_CDC_6	38	20	18	0	scaffold_1	4280965	4380965
Aspergillus_fumigatus_AFIS1435_CDC_6	35	0	35	0	scaffold_1	4421454	4521454
Aspergillus_fumigatus_AFIS1435_CDC_6	38	35	3	0	scaffold_4	2868074	2968074
Aspergillus_fumigatus_AFIS1435_CDC_6	26	20	6	0	scaffold_4	265775	365775
Aspergillus_fumigatus_AFIS1435_CDC_6	37	34	3	0	scaffold_1	354823	454823
Aspergillus_fumigatus_AFIS1435_CDC_6	40	32	8	0	scaffold_1	148545	248545
Aspergillus_fumigatus_AFIS1435_CDC_6	29	27	2	0	scaffold_5	1284733	1384733
Aspergillus_fumigatus_AFIS1435_CDC_6	44	37	7	0	scaffold_5	503357	603357
Aspergillus_fumigatus_AFIS1435_CDC_6	39	36	3	0	scaffold_4	1407729	1507729
Aspergillus_fumigatus_AFIS1435_CDC_6	37	36	1	0	scaffold_1	2548414	2648414
Aspergillus_fumigatus_AFIS1435_CDC_6	37	34	3	0	scaffold_3	2760026	2860026
Aspergillus_fumigatus_AFIS1435_CDC_6	36	33	3	0	scaffold_1	1983386	2083386
Aspergillus_fumigatus_AFIS1435_CDC_6	40	34	6	0	scaffold_8	1402900	1502900
Aspergillus_fumigatus_AFIS1435_CDC_6	39	34	5	0	scaffold_5	466569	566569
Aspergillus_fumigatus_AFIS1435_CDC_6	45	35	10	0	scaffold_1	4121831	4221831
Aspergillus_fumigatus_AFIS1435_CDC_6	23	22	1	0	scaffold_6	1138247	1238247
Aspergillus_fumigatus_AFIS1435_CDC_6	36	33	3	0	scaffold_4	1356745	1456745
Aspergillus_fumigatus_AFIS1435_CDC_6	36	33	3	0	scaffold_1	2931183	3031183
Aspergillus_fumigatus_AFIS1435_CDC_6	35	30	5	0	scaffold_1	1318542	1418542
Aspergillus_fumigatus_AFIS1435_CDC_6	38	36	2	0	scaffold_6	900668	1000668
Aspergillus_fumigatus_AFIS1435_CDC_6	36	36	0	0	scaffold_5	406396	506396
Aspergillus_fumigatus_AFIS1435_CDC_6	37	36	1	0	scaffold_2	4040908	4140908
Aspergillus_fumigatus_AFIS1435_CDC_6	43	37	6	0	scaffold_3	1045521	1145521
Aspergillus_fumigatus_AFIS1435_CDC_6	35	33	2	0	scaffold_4	938190	1038190
Aspergillus_fumigatus_AFIS1435_CDC_6	32	28	4	0	scaffold_8	1354328	1454328
Aspergillus_fumigatus_AFIS1435_CDC_6	34	32	2	0	scaffold_2	554022	654022
Aspergillus_fumigatus_AFIS1435_CDC_6	47	37	10	0	scaffold_8	1429867	1529867
Aspergillus_fumigatus_AFIS1435_CDC_6	37	36	1	0	scaffold_2	390660	490660
Aspergillus_fumigatus_AFIS1435_CDC_6	40	36	4	0	scaffold_5	2448341	2548341
Aspergillus_fumigatus_AFIS1435_CDC_6	34	33	1	0	scaffold_4	1825110	1925110
Aspergillus_fumigatus_AFIS1435_CDC_6	37	34	3	0	scaffold_5	2298517	2398517
Aspergillus_fumigatus_AFIS1435_CDC_6	43	38	5	0	scaffold_1	4671097	4771097
Aspergillus_fumigatus_AFIS1435_CDC_6	34	30	4	0	scaffold_3	1503828	1603828
Aspergillus_fumigatus_AFIS1435_CDC_6	37	37	0	0	scaffold_1	2252572	2352572
Aspergillus_fumigatus_AFIS1435_CDC_6	35	31	4	0	scaffold_4	1997179	2097179
Aspergillus_fumigatus_AFIS1435_CDC_6	50	41	9	0	scaffold_8	1474715	1574715
Aspergillus_fumigatus_AFIS1435_CDC_6	36	32	4	0	scaffold_8	1633270	1733270
Aspergillus_fumigatus_AFIS1435_CDC_6	42	40	2	0	scaffold_1	499386	599386
Aspergillus_fumigatus_AFIS1435_CDC_6	28	27	1	0	scaffold_6	2511595	2611595
Aspergillus_fumigatus_AFIS1435_CDC_6	49	41	8	0	scaffold_5	3738125	3838125
Aspergillus_fumigatus_AFIS1435_CDC_6	21	21	0	0	scaffold_7	650883	750883
Aspergillus_fumigatus_AFIS1435_CDC_6	39	35	4	0	scaffold_6	3171817	3271817
Aspergillus_fumigatus_AFIS1435_CDC_6	37	37	0	0	scaffold_6	1267267	1367267
Aspergillus_fumigatus_AFIS1435_CDC_6	30	28	2	0	scaffold_7	817984	917984
Aspergillus_fumigatus_AFIS1435_CDC_6	47	44	3	0	scaffold_6	700226	800226
Aspergillus_fumigatus_AFIS1435_CDC_6	0	0	0	0	scaffold_6	1088082	1188082
Aspergillus_fumigatus_AFIS1435_CDC_6	12	12	0	0	scaffold_6	1050231	1150231
Aspergillus_fumigatus_AFIS1435_CDC_6	31	30	1	0	scaffold_1	2722512	2822512
Aspergillus_fumigatus_AFIS1435_CDC_6	40	34	6	0	scaffold_5	2527988	2627988
Aspergillus_fumigatus_AFIS1435_CDC_6	36	33	3	0	scaffold_3	1525311	1625311
Aspergillus_fumigatus_AFIS1435_CDC_6	51	42	9	0	scaffold_8	1514247	1614247
Aspergillus_fumigatus_AFIS1435_CDC_6	38	31	7	0	scaffold_8	356348	456348
Aspergillus_fumigatus_AFIS1435_CDC_6	25	22	3	0	scaffold_7	549150	649150
Aspergillus_fumigatus_AFIS1435_CDC_6	29	28	1	0	scaffold_6	2677916	2777916
Aspergillus_fumigatus_AFIS1435_CDC_6	42	40	2	0	scaffold_7	1294703	1394703
Aspergillus_fumigatus_AFIS1435_CDC_6	31	28	3	0	scaffold_2	4130070	4230070
Aspergillus_fumigatus_AFIS1435_CDC_6	40	34	6	0	scaffold_5	2539013	2639013
Aspergillus_fumigatus_AFIS1435_CDC_6	43	36	7	0	scaffold_5	512050	612050
Aspergillus_fumigatus_AFIS1435_CDC_6	30	27	3	0	scaffold_6	1357243	1457243
Aspergillus_fumigatus_AFIS1435_CDC_6	34	32	2	0	scaffold_4	932296	1032296
Aspergillus_fumigatus_AFIS1435_CDC_6	34	31	3	0	scaffold_4	3272788	3372788
Aspergillus_fumigatus_AFIS1435_CDC_6	38	35	3	0	scaffold_4	3738787	3838787
Aspergillus_fumigatus_AFIS1435_CDC_6	48	41	7	0	scaffold_6	3313713	3413713
Aspergillus_fumigatus_AFIS1435_CDC_6	33	29	4	0	scaffold_2	3460446	3560446
Aspergillus_fumigatus_AFIS1435_CDC_6	32	30	2	0	scaffold_4	1768619	1868619
Aspergillus_fumigatus_AFIS1435_CDC_6	47	37	10	0	scaffold_1	28319	128319
Aspergillus_fumigatus_AFIS1435_CDC_6	34	31	3	0	scaffold_3	3442629	3542629
Aspergillus_fumigatus_AFIS1435_CDC_6	43	37	6	0	scaffold_3	3689106	3789106
Aspergillus_fumigatus_AFIS1435_CDC_6	38	37	1	0	scaffold_3	1719247	1819247
Aspergillus_fumigatus_AFIS1435_CDC_6	38	33	5	0	scaffold_4	2031791	2131791
Aspergillus_fumigatus_AFIS1435_CDC_6	31	27	4	0	scaffold_7	1200964	1300964
Aspergillus_fumigatus_AFIS1435_CDC_6	38	28	10	0	scaffold_2	56748	156748
Aspergillus_fumigatus_AFIS1435_CDC_6	37	34	3	0	scaffold_3	2759553	2859553
Aspergillus_fumigatus_AFIS1435_CDC_6	38	33	5	0	scaffold_3	3989001	4089001
Aspergillus_fumigatus_AFIS1435_CDC_6	38	34	4	0	scaffold_4	1362639	1462639
Aspergillus_fumigatus_AFIS1435_CDC_6	34	21	13	0	scaffold_3	832004	932004
Aspergillus_fumigatus_AFIS1435_CDC_6	50	39	11	0	scaffold_8	1453321	1553321
Aspergillus_fumigatus_AFIS1435_CDC_6	34	33	1	0	scaffold_2	1460104	1560104
Aspergillus_fumigatus_AFIS1435_CDC_6	41	38	3	0	scaffold_5	194373	294373
Aspergillus_fumigatus_AFIS1435_CDC_6	33	30	3	0	scaffold_1	3473185	3573185
Aspergillus_fumigatus_AFIS1435_CDC_6	55	42	13	0	scaffold_5	272690	372690
Aspergillus_fumigatus_AFIS1435_CDC_6	43	40	3	0	scaffold_3	3742790	3842790
Aspergillus_fumigatus_AFIS1435_CDC_6	32	20	12	0	scaffold_4	2695424	2795424
Aspergillus_fumigatus_AFIS1435_CDC_6	36	36	0	0	scaffold_5	2786975	2886975
Aspergillus_fumigatus_AFIS1435_CDC_6	40	37	3	0	scaffold_2	2565460	2665460
Aspergillus_fumigatus_AFIS1435_CDC_6	39	35	4	0	scaffold_5	3538374	3638374
Aspergillus_fumigatus_AFIS1435_CDC_6	51	41	10	0	scaffold_5	3767920	3867920
Aspergillus_fumigatus_AFIS1435_CDC_6	6	5	1	0	scaffold_3	1418941	1518941
Aspergillus_fumigatus_AFIS1435_CDC_6	36	34	2	0	scaffold_3	3407801	3507801
Aspergillus_fumigatus_AFIS1435_CDC_6	23	23	0	0	scaffold_1	1831153	1931153
Aspergillus_fumigatus_AFIS1435_CDC_6	29	24	5	0	scaffold_6	2309927	2409927
Aspergillus_fumigatus_AFIS1435_CDC_6	19	0	19	0	scaffold_7	1678789	1778789
Aspergillus_fumigatus_AFIS1435_CDC_6	41	40	1	0	scaffold_6	2233283	2333283
Aspergillus_fumigatus_AFIS1435_CDC_6	31	28	3	0	scaffold_1	2957158	3057158
Aspergillus_fumigatus_AFIS1435_CDC_6	36	0	36	0	scaffold_1	4424621	4524621
Aspergillus_fumigatus_AFIS1435_CDC_6	44	34	10	0	scaffold_1	4157479	4257479
Aspergillus_fumigatus_AFIS1435_CDC_6	19	0	19	0	scaffold_7	1671360	1771360
Aspergillus_fumigatus_AFIS1435_CDC_6	39	35	4	0	scaffold_4	3632745	3732745
Aspergillus_fumigatus_AFIS1435_CDC_6	36	31	5	0	scaffold_6	132239	232239
Aspergillus_fumigatus_AFIS1435_CDC_6	37	33	4	0	scaffold_5	2902457	3002457
Aspergillus_fumigatus_AFIS1435_CDC_6	37	33	4	0	scaffold_5	1775502	1875502
Aspergillus_fumigatus_AFIS1435_CDC_6	35	34	1	0	scaffold_4	3494776	3594776
Aspergillus_fumigatus_AFIS1435_CDC_6	31	29	2	0	scaffold_2	3876532	3976532
Aspergillus_fumigatus_AFIS1435_CDC_6	33	31	2	0	scaffold_1	984233	1084233
Aspergillus_fumigatus_AFIS1435_CDC_6	39	36	3	0	scaffold_3	227837	327837
Aspergillus_fumigatus_AFIS1435_CDC_6	43	41	2	0	scaffold_4	3789659	3889659
Aspergillus_fumigatus_AFIS1435_CDC_6	36	32	4	0	scaffold_1	3646458	3746458
Aspergillus_fumigatus_AFIS1435_CDC_6	29	22	7	0	scaffold_4	232232	332232
Aspergillus_fumigatus_AFIS1435_CDC_6	32	27	5	0	scaffold_8	635888	735888
Aspergillus_fumigatus_AFIS1435_CDC_6	42	38	4	0	scaffold_2	3682276	3782276
Aspergillus_fumigatus_AFIS1435_CDC_6	31	25	6	0	scaffold_4	3160304	3260304
Aspergillus_fumigatus_AFIS1435_CDC_6	33	26	7	0	scaffold_1	3559681	3659681
Aspergillus_fumigatus_AFIS1435_CDC_6	23	21	2	0	scaffold_3	3496598	3596598
Aspergillus_fumigatus_AFIS1435_CDC_6	33	29	4	0	scaffold_2	3805061	3905061
Aspergillus_fumigatus_AFIS1435_CDC_6	32	31	1	0	scaffold_3	3153544	3253544
Aspergillus_fumigatus_AFIS1435_CDC_6	40	38	2	0	scaffold_8	1284112	1384112
Aspergillus_fumigatus_AFIS1435_CDC_6	38	38	0	0	scaffold_4	1867622	1967622
Aspergillus_fumigatus_AFIS1435_CDC_6	25	21	4	0	scaffold_7	432154	532154
Aspergillus_fumigatus_AFIS1435_CDC_6	39	33	6	0	scaffold_5	1684503	1784503
Aspergillus_fumigatus_AFIS1435_CDC_6	27	19	8	0	scaffold_4	263954	363954
Aspergillus_fumigatus_AFIS1435_CDC_6	47	40	7	0	scaffold_6	3300571	3400571
Aspergillus_fumigatus_AFIS1435_CDC_6	40	38	2	0	scaffold_2	2154341	2254341
Aspergillus_fumigatus_AFIS1435_CDC_6	33	26	7	0	scaffold_4	3152871	3252871
Aspergillus_fumigatus_AFIS1435_CDC_6	34	32	2	0	scaffold_7	854654	954654
Aspergillus_fumigatus_AFIS1435_CDC_6	37	34	3	0	scaffold_2	1521900	1621900
Aspergillus_fumigatus_AFIS1435_CDC_6	34	33	1	0	scaffold_3	1630790	1730790
Aspergillus_fumigatus_AFIS1435_CDC_6	39	34	5	0	scaffold_6	296495	396495
Aspergillus_fumigatus_AFIS1435_CDC_6	32	29	3	0	scaffold_6	314124	414124
Aspergillus_fumigatus_AFIS1435_CDC_6	34	34	0	0	scaffold_2	4294721	4394721
Aspergillus_fumigatus_AFIS1435_CDC_6	19	16	3	0	scaffold_7	743343	843343
Aspergillus_fumigatus_AFIS1435_CDC_6	35	33	2	0	scaffold_6	1970219	2070219
Aspergillus_fumigatus_AFIS1435_CDC_6	35	31	4	0	scaffold_7	384072	484072
Aspergillus_fumigatus_AFIS1435_CDC_6	34	31	3	0	scaffold_1	3725552	3825552
Aspergillus_fumigatus_AFIS1435_CDC_6	34	32	2	0	scaffold_6	3141069	3241069
Aspergillus_fumigatus_AFIS1435_CDC_6	37	35	2	0	scaffold_5	2135706	2235706
Aspergillus_fumigatus_AFIS1435_CDC_6	35	33	2	0	scaffold_2	2529865	2629865
Aspergillus_fumigatus_AFIS1435_CDC_6	40	37	3	0	scaffold_2	1551337	1651337
Aspergillus_fumigatus_AFIS1435_CDC_6	33	29	4	0	scaffold_1	3674252	3774252
Aspergillus_fumigatus_AFIS1435_CDC_6	31	30	1	0	scaffold_5	1429575	1529575
Aspergillus_fumigatus_AFIS1435_CDC_6	15	15	0	0	scaffold_1	1887259	1987259
Aspergillus_fumigatus_AFIS1435_CDC_6	34	32	2	0	scaffold_6	3084887	3184887
Aspergillus_fumigatus_AFIS1435_CDC_6	32	30	2	0	scaffold_1	3621325	3721325
Aspergillus_fumigatus_AFIS1435_CDC_6	38	35	3	0	scaffold_2	1521230	1621230
Aspergillus_fumigatus_AFIS1435_CDC_6	38	38	0	0	scaffold_5	3181759	3281759
Aspergillus_fumigatus_AFIS1435_CDC_6	41	38	3	0	scaffold_3	2315087	2415087
Aspergillus_fumigatus_AFIS1435_CDC_6	41	39	2	0	scaffold_1	502834	602834
Aspergillus_fumigatus_AFIS1435_CDC_6	34	34	0	0	scaffold_5	663776	763776
Aspergillus_fumigatus_AFIS1435_CDC_6	40	37	3	0	scaffold_5	2087816	2187816
Aspergillus_fumigatus_AFIS1435_CDC_6	14	0	14	0	scaffold_7	1645762	1745762
Aspergillus_fumigatus_AFIS1435_CDC_6	38	34	4	0	scaffold_2	4513991	4613991
Aspergillus_fumigatus_AFIS1435_CDC_6	34	34	0	0	scaffold_1	709171	809171
Aspergillus_fumigatus_AFIS1435_CDC_6	34	33	1	0	scaffold_1	2170841	2270841
Aspergillus_fumigatus_AFIS1435_CDC_6	34	33	1	0	scaffold_4	954712	1054712
Aspergillus_fumigatus_AFIS1435_CDC_6	39	33	6	0	scaffold_2	4520393	4620393
Aspergillus_fumigatus_AFIS1435_CDC_6	30	28	2	0	scaffold_1	3095749	3195749
Aspergillus_fumigatus_AFIS1435_CDC_6	48	39	9	0	scaffold_5	2596175	2696175
Aspergillus_fumigatus_AFIS1435_CDC_6	38	31	7	0	scaffold_6	581241	681241
Aspergillus_fumigatus_AFIS1435_CDC_6	10	0	10	0	scaffold_7	1626179	1726179
Aspergillus_fumigatus_AFIS1435_CDC_6	32	31	1	0	scaffold_1	2765869	2865869
Aspergillus_fumigatus_AFIS1435_CDC_6	32	29	3	0	scaffold_2	985630	1085630
Aspergillus_fumigatus_AFIS1435_CDC_6	32	28	4	0	scaffold_1	3677828	3777828
Aspergillus_fumigatus_AFIS1435_CDC_6	35	31	4	0	scaffold_4	1187945	1287945
Aspergillus_fumigatus_AFIS1435_CDC_6	27	14	13	0	scaffold_5	69890	169890
Aspergillus_fumigatus_AFIS1435_CDC_6	39	38	1	0	scaffold_3	2354969	2454969
Aspergillus_fumigatus_AFIS1435_CDC_6	35	34	1	0	scaffold_1	2183006	2283006
Aspergillus_fumigatus_AFIS1435_CDC_6	40	38	2	0	scaffold_2	2155799	2255799
Aspergillus_fumigatus_AFIS1435_CDC_6	30	9	21	0	scaffold_3	784284	884284
Aspergillus_fumigatus_AFIS1435_CDC_6	31	30	1	0	scaffold_2	4092509	4192509
Aspergillus_fumigatus_AFIS1435_CDC_6	39	22	17	0	scaffold_4	3400901	3500901
Aspergillus_fumigatus_AFIS1435_CDC_6	17	15	2	0	scaffold_7	709450	809450
Aspergillus_fumigatus_AFIS1435_CDC_6	30	22	8	0	scaffold_4	2484590	2584590
Aspergillus_fumigatus_AFIS1435_CDC_6	44	43	1	0	scaffold_2	4230269	4330269
Aspergillus_fumigatus_AFIS1435_CDC_6	42	36	6	0	scaffold_5	485528	585528
Aspergillus_fumigatus_AFIS1435_CDC_6	37	37	0	0	scaffold_5	646431	746431
Aspergillus_fumigatus_AFIS1435_CDC_6	36	31	5	0	scaffold_7	379946	479946
Aspergillus_fumigatus_AFIS1435_CDC_6	42	37	5	0	scaffold_1	3883523	3983523
Aspergillus_fumigatus_AFIS1435_CDC_6	32	26	6	0	scaffold_3	3924212	4024212
Aspergillus_fumigatus_AFIS1435_CDC_6	41	38	3	0	scaffold_6	3338185	3438185
Aspergillus_fumigatus_AFIS1435_CDC_6	31	30	1	0	scaffold_1	1570710	1670710
Aspergillus_fumigatus_AFIS1435_CDC_6	40	23	17	0	scaffold_4	3356129	3456129
Aspergillus_fumigatus_AFIS1435_CDC_6	40	35	5	0	scaffold_6	614367	714367
Aspergillus_fumigatus_AFIS1435_CDC_6	34	23	11	0	scaffold_4	2644976	2744976
Aspergillus_fumigatus_AFIS1435_CDC_6	36	35	1	0	scaffold_1	559547	659547
Aspergillus_fumigatus_AFIS1435_CDC_6	18	16	1	1	scaffold_3	3524138	3624138
Aspergillus_fumigatus_AFIS1435_CDC_6	38	33	5	0	scaffold_4	3703412	3803412
Aspergillus_fumigatus_AFIS1435_CDC_6	35	31	4	0	scaffold_6	158135	258135
Aspergillus_fumigatus_AFIS1435_CDC_6	38	34	4	0	scaffold_6	3170029	3270029
Aspergillus_fumigatus_AFIS1435_CDC_6	43	35	8	0	scaffold_5	3617684	3717684
Aspergillus_fumigatus_AFIS1435_CDC_6	29	27	2	0	scaffold_7	599845	699845
Aspergillus_fumigatus_AFIS1435_CDC_6	37	35	2	0	scaffold_6	2392835	2492835
Aspergillus_fumigatus_AFIS1435_CDC_6	18	13	5	0	scaffold_7	1546591	1646591
Aspergillus_fumigatus_AFIS1435_CDC_6	34	30	4	0	scaffold_1	1999030	2099030
Aspergillus_fumigatus_AFIS1435_CDC_6	37	34	3	0	scaffold_4	476030	576030
Aspergillus_fumigatus_AFIS1435_CDC_6	15	2	13	0	scaffold_7	1787254	1887254
Aspergillus_fumigatus_AFIS1435_CDC_6	41	37	4	0	scaffold_2	3714158	3814158
Aspergillus_fumigatus_AFIS1435_CDC_6	39	35	4	0	scaffold_5	2880819	2980819
Aspergillus_fumigatus_AFIS1435_CDC_6	22	21	1	0	scaffold_5	1272823	1372823
Aspergillus_fumigatus_AFIS1435_CDC_6	37	32	5	0	scaffold_2	3076972	3176972
Aspergillus_fumigatus_AFIS1435_CDC_6	27	25	2	0	scaffold_3	3485242	3585242
Aspergillus_fumigatus_AFIS1435_CDC_6	30	29	1	0	scaffold_6	2587778	2687778
Aspergillus_fumigatus_AFIS1435_CDC_6	46	42	4	0	scaffold_7	1468706	1568706
Aspergillus_fumigatus_AFIS1435_CDC_6	37	34	3	0	scaffold_6	1501175	1601175
Aspergillus_fumigatus_AFIS1435_CDC_6	35	30	5	0	scaffold_3	2653695	2753695
Aspergillus_fumigatus_AFIS1435_CDC_6	29	22	7	0	scaffold_4	233282	333282
Aspergillus_fumigatus_AFIS1435_CDC_6	33	28	5	0	scaffold_7	931757	1031757
Aspergillus_fumigatus_AFIS1435_CDC_6	43	38	5	0	scaffold_3	1036363	1136363
Aspergillus_fumigatus_AFIS1435_CDC_6	37	30	7	0	scaffold_3	2634072	2734072
Aspergillus_fumigatus_AFIS1435_CDC_6	36	33	3	0	scaffold_6	3149155	3249155
Aspergillus_fumigatus_AFIS1435_CDC_6	45	40	5	0	scaffold_3	1021887	1121887
Aspergillus_fumigatus_AFIS1435_CDC_6	24	14	10	0	scaffold_2	731410	831410
Aspergillus_fumigatus_AFIS1435_CDC_6	37	36	1	0	scaffold_3	1701768	1801768
Aspergillus_fumigatus_AFIS1435_CDC_6	37	37	0	0	scaffold_5	2708922	2808922
Aspergillus_fumigatus_AFIS1435_CDC_6	37	35	2	0	scaffold_2	2589574	2689574
Aspergillus_fumigatus_AFIS1435_CDC_6	39	37	2	0	scaffold_4	1045004	1145004
Aspergillus_fumigatus_AFIS1435_CDC_6	39	32	7	0	scaffold_8	1410618	1510618
Aspergillus_fumigatus_AFIS1435_CDC_6	40	39	1	0	scaffold_1	434714	534714
Aspergillus_fumigatus_AFIS1435_CDC_6	39	36	3	0	scaffold_8	1198487	1298487
Aspergillus_fumigatus_AFIS1435_CDC_6	37	37	0	0	scaffold_2	1638538	1738538
Aspergillus_fumigatus_AFIS1435_CDC_6	30	26	4	0	scaffold_4	111929	211929
Aspergillus_fumigatus_AFIS1435_CDC_6	38	35	3	0	scaffold_5	2499630	2599630
Aspergillus_fumigatus_AFIS1435_CDC_6	35	27	8	0	scaffold_5	105731	205731
Aspergillus_fumigatus_AFIS1435_CDC_6	35	34	1	0	scaffold_6	894651	994651
Aspergillus_fumigatus_AFIS1435_CDC_6	27	26	1	0	scaffold_4	324247	424247
Aspergillus_fumigatus_AFIS1435_CDC_6	46	41	5	0	scaffold_3	1289018	1389018
Aspergillus_fumigatus_AFIS1435_CDC_6	35	32	3	0	scaffold_3	2808875	2908875
Aspergillus_fumigatus_AFIS1435_CDC_6	8	8	0	0	scaffold_1	771266	871266
Aspergillus_fumigatus_AFIS1435_CDC_6	36	22	14	0	scaffold_3	8520	108520
Aspergillus_fumigatus_AFIS1435_CDC_6	41	34	7	0	scaffold_6	508385	608385
Aspergillus_fumigatus_AFIS1435_CDC_6	32	31	1	0	scaffold_2	3990133	4090133
Aspergillus_fumigatus_AFIS1435_CDC_6	43	39	4	0	scaffold_1	4783257	4883257
Aspergillus_fumigatus_AFIS1435_CDC_6	30	29	1	0	scaffold_2	2493757	2593757
Aspergillus_fumigatus_AFIS1435_CDC_6	40	38	2	0	scaffold_8	722787	822787
Aspergillus_fumigatus_AFIS1435_CDC_6	38	17	21	0	scaffold_1	4552628	4652628
Aspergillus_fumigatus_AFIS1435_CDC_6	50	45	5	0	scaffold_6	659667	759667
Aspergillus_fumigatus_AFIS1435_CDC_6	40	32	8	0	scaffold_1	171204	271204
Aspergillus_fumigatus_AFIS1435_CDC_6	46	42	4	0	scaffold_1	4734149	4834149
Aspergillus_fumigatus_AFIS1435_CDC_6	44	40	4	0	scaffold_2	3014764	3114764
Aspergillus_fumigatus_AFIS1435_CDC_6	37	33	4	0	scaffold_7	334552	434552
Aspergillus_fumigatus_AFIS1435_CDC_6	39	35	4	0	scaffold_3	3623370	3723370
Aspergillus_fumigatus_AFIS1435_CDC_6	19	19	0	0	scaffold_7	657155	757155
Aspergillus_fumigatus_AFIS1435_CDC_6	44	41	3	0	scaffold_3	2377275	2477275
Aspergillus_fumigatus_AFIS1435_CDC_6	35	33	2	0	scaffold_5	3439198	3539198
Aspergillus_fumigatus_AFIS1435_CDC_6	40	36	4	0	scaffold_7	88377	188377
Aspergillus_fumigatus_AFIS1435_CDC_6	35	34	1	0	scaffold_2	411003	511003
Aspergillus_fumigatus_AFIS1435_CDC_6	32	25	7	0	scaffold_1	3528522	3628522
Aspergillus_fumigatus_AFIS1435_CDC_6	32	29	3	0	scaffold_2	4119333	4219333
Aspergillus_fumigatus_AFIS1435_CDC_6	36	35	1	0	scaffold_5	2836126	2936126
Aspergillus_fumigatus_AFIS1435_CDC_6	31	30	1	0	scaffold_5	773734	873734
Aspergillus_fumigatus_AFIS1435_CDC_6	41	39	2	0	scaffold_8	1129666	1229666
Aspergillus_fumigatus_AFIS1435_CDC_6	42	39	3	0	scaffold_4	747737	847737
Aspergillus_fumigatus_AFIS1435_CDC_6	41	24	17	0	scaffold_4	3386057	3486057
Aspergillus_fumigatus_AFIS1435_CDC_6	35	35	0	0	scaffold_5	3256330	3356330
Aspergillus_fumigatus_AFIS1435_CDC_6	47	41	6	0	scaffold_3	575718	675718
Aspergillus_fumigatus_AFIS1435_CDC_6	25	22	3	0	scaffold_4	1310066	1410066
Aspergillus_fumigatus_AFIS1435_CDC_6	45	38	7	0	scaffold_5	2618024	2718024
Aspergillus_fumigatus_AFIS1435_CDC_6	40	33	7	0	scaffold_5	334703	434703
Aspergillus_fumigatus_AFIS1435_CDC_6	39	28	11	0	scaffold_4	2504204	2604204
Aspergillus_fumigatus_AFIS1435_CDC_6	34	30	4	0	scaffold_8	516794	616794
Aspergillus_fumigatus_AFIS1435_CDC_6	33	32	1	0	scaffold_5	758222	858222
Aspergillus_fumigatus_AFIS1435_CDC_6	31	29	2	0	scaffold_6	2031483	2131483
Aspergillus_fumigatus_AFIS1435_CDC_6	37	31	6	0	scaffold_3	2139126	2239126
Aspergillus_fumigatus_AFIS1435_CDC_6	38	35	3	0	scaffold_4	1641192	1741192
Aspergillus_fumigatus_AFIS1435_CDC_6	33	32	1	0	scaffold_5	1484522	1584522
Aspergillus_fumigatus_AFIS1435_CDC_6	34	32	2	0	scaffold_6	3125151	3225151
Aspergillus_fumigatus_AFIS1435_CDC_6	30	28	2	0	scaffold_1	867361	967361
Aspergillus_fumigatus_AFIS1435_CDC_6	36	32	4	0	scaffold_7	37948	137948
Aspergillus_fumigatus_AFIS1435_CDC_6	40	36	4	0	scaffold_5	2654313	2754313
Aspergillus_fumigatus_AFIS1435_CDC_6	34	30	4	0	scaffold_2	3812054	3912054
Aspergillus_fumigatus_AFIS1435_CDC_6	15	15	0	0	scaffold_1	1889494	1989494
Aspergillus_fumigatus_AFIS1435_CDC_6	45	41	4	0	scaffold_4	2806620	2906620
Aspergillus_fumigatus_AFIS1435_CDC_6	42	36	6	0	scaffold_3	2583462	2683462
Aspergillus_fumigatus_AFIS1435_CDC_6	38	32	6	0	scaffold_1	3045723	3145723
Aspergillus_fumigatus_AFIS1435_CDC_6	43	40	3	0	scaffold_7	157025	257025
Aspergillus_fumigatus_AFIS1435_CDC_6	37	36	1	0	scaffold_1	2409810	2509810
Aspergillus_fumigatus_AFIS1435_CDC_6	45	39	6	0	scaffold_7	1372723	1472723
Aspergillus_fumigatus_AFIS1435_CDC_6	23	17	6	0	scaffold_4	207678	307678
Aspergillus_fumigatus_AFIS1435_CDC_6	32	28	4	0	scaffold_4	2563725	2663725
Aspergillus_fumigatus_AFIS1435_CDC_6	20	16	4	0	scaffold_1	2110340	2210340
Aspergillus_fumigatus_AFIS1435_CDC_6	40	32	8	0	scaffold_1	3943569	4043569
Aspergillus_fumigatus_AFIS1435_CDC_6	37	31	6	0	scaffold_2	459136	559136
Aspergillus_fumigatus_AFIS1435_CDC_6	31	28	3	0	scaffold_3	3462872	3562872
Aspergillus_fumigatus_AFIS1435_CDC_6	44	31	13	0	scaffold_8	169787	269787
Aspergillus_fumigatus_AFIS1435_CDC_6	41	39	2	0	scaffold_6	1821315	1921315
Aspergillus_fumigatus_AFIS1435_CDC_6	29	27	2	0	scaffold_7	820187	920187
Aspergillus_fumigatus_AFIS1435_CDC_6	40	37	3	0	scaffold_4	806684	906684
Aspergillus_fumigatus_AFIS1435_CDC_6	36	34	2	0	scaffold_4	1683112	1783112
Aspergillus_fumigatus_AFIS1435_CDC_6	38	35	3	0	scaffold_5	2878710	2978710
Aspergillus_fumigatus_AFIS1435_CDC_6	32	28	4	0	scaffold_7	1209878	1309878
Aspergillus_fumigatus_AFIS1435_CDC_6	36	35	1	0	scaffold_4	1711032	1811032
Aspergillus_fumigatus_AFIS1435_CDC_6	42	37	5	0	scaffold_8	104935	204935
Aspergillus_fumigatus_AFIS1435_CDC_6	34	34	0	0	scaffold_6	2913455	3013455
Aspergillus_fumigatus_AFIS1435_CDC_6	35	29	6	0	scaffold_8	917331	1017331
Aspergillus_fumigatus_AFIS1435_CDC_6	30	22	8	0	scaffold_5	3349760	3449760
Aspergillus_fumigatus_AFIS1435_CDC_6	34	33	1	0	scaffold_4	1810660	1910660
Aspergillus_fumigatus_AFIS1435_CDC_6	35	33	2	0	scaffold_1	376004	476004
Aspergillus_fumigatus_AFIS1435_CDC_6	39	36	3	0	scaffold_1	327720	427720
Aspergillus_fumigatus_AFIS1435_CDC_6	34	30	4	0	scaffold_1	1079946	1179946
Aspergillus_fumigatus_AFIS1435_CDC_6	36	31	5	0	scaffold_3	2686568	2786568
