STRAIN	TOTAL	CORE	ACCESSORY	SINGLETON	CHROM	START	END
Aspergillus_fumigatus_B7594_CDC_27	38	31	7	0	scaffold_1	3828081	3928081
Aspergillus_fumigatus_B7594_CDC_27	31	29	2	0	scaffold_1	776131	876131
Aspergillus_fumigatus_B7594_CDC_27	44	38	6	0	scaffold_5	206056	306056
Aspergillus_fumigatus_B7594_CDC_27	36	35	1	0	scaffold_1	2160337	2260337
Aspergillus_fumigatus_B7594_CDC_27	35	30	5	0	scaffold_6	3262186	3362186
Aspergillus_fumigatus_B7594_CDC_27	32	30	2	0	scaffold_2	3851216	3951216
Aspergillus_fumigatus_B7594_CDC_27	38	32	6	0	scaffold_4	2086413	2186413
Aspergillus_fumigatus_B7594_CDC_27	50	44	6	0	scaffold_2	86042	186042
Aspergillus_fumigatus_B7594_CDC_27	34	28	6	0	scaffold_4	3116518	3216518
Aspergillus_fumigatus_B7594_CDC_27	7	7	0	0	scaffold_5	1168643	1268643
Aspergillus_fumigatus_B7594_CDC_27	31	27	4	0	scaffold_4	3788346	3888346
Aspergillus_fumigatus_B7594_CDC_27	47	37	10	0	scaffold_8	1371779	1471779
Aspergillus_fumigatus_B7594_CDC_27	15	14	1	0	scaffold_1	1822977	1922977
Aspergillus_fumigatus_B7594_CDC_27	37	35	2	0	scaffold_6	807202	907202
Aspergillus_fumigatus_B7594_CDC_27	36	35	1	0	scaffold_1	525154	625154
Aspergillus_fumigatus_B7594_CDC_27	36	30	6	0	scaffold_8	1329970	1429970
Aspergillus_fumigatus_B7594_CDC_27	35	34	1	0	scaffold_3	1828334	1928334
Aspergillus_fumigatus_B7594_CDC_27	39	32	7	0	scaffold_2	417350	517350
Aspergillus_fumigatus_B7594_CDC_27	34	29	5	0	scaffold_2	4442635	4542635
Aspergillus_fumigatus_B7594_CDC_27	44	40	4	0	scaffold_5	3568614	3668614
Aspergillus_fumigatus_B7594_CDC_27	37	32	5	0	scaffold_3	2495574	2595574
Aspergillus_fumigatus_B7594_CDC_27	36	33	3	0	scaffold_7	1038720	1138720
Aspergillus_fumigatus_B7594_CDC_27	44	40	4	0	scaffold_2	4109457	4209457
Aspergillus_fumigatus_B7594_CDC_27	35	29	6	0	scaffold_8	581260	681260
Aspergillus_fumigatus_B7594_CDC_27	33	29	4	0	scaffold_6	2810747	2910747
Aspergillus_fumigatus_B7594_CDC_27	32	31	1	0	scaffold_2	4004955	4104955
Aspergillus_fumigatus_B7594_CDC_27	31	30	1	0	scaffold_6	693857	793857
Aspergillus_fumigatus_B7594_CDC_27	42	37	5	0	scaffold_3	145636	245636
Aspergillus_fumigatus_B7594_CDC_27	36	32	4	0	scaffold_1	836531	936531
Aspergillus_fumigatus_B7594_CDC_27	21	20	1	0	scaffold_2	1927769	2027769
Aspergillus_fumigatus_B7594_CDC_27	38	33	5	0	scaffold_2	1467560	1567560
Aspergillus_fumigatus_B7594_CDC_27	16	13	3	0	scaffold_6	2291154	2391154
Aspergillus_fumigatus_B7594_CDC_27	29	25	4	0	scaffold_5	2588328	2688328
Aspergillus_fumigatus_B7594_CDC_27	33	31	2	0	scaffold_2	178381	278381
Aspergillus_fumigatus_B7594_CDC_27	35	32	3	0	scaffold_5	3448844	3548844
Aspergillus_fumigatus_B7594_CDC_27	34	32	2	0	scaffold_1	3663805	3763805
Aspergillus_fumigatus_B7594_CDC_27	35	34	1	0	scaffold_8	680763	780763
Aspergillus_fumigatus_B7594_CDC_27	29	25	4	0	scaffold_2	4545261	4645261
Aspergillus_fumigatus_B7594_CDC_27	37	32	5	0	scaffold_4	1666669	1766669
Aspergillus_fumigatus_B7594_CDC_27	40	38	2	0	scaffold_5	3217066	3317066
Aspergillus_fumigatus_B7594_CDC_27	36	34	2	0	scaffold_2	3614896	3714896
Aspergillus_fumigatus_B7594_CDC_27	40	37	3	0	scaffold_7	508880	608880
Aspergillus_fumigatus_B7594_CDC_27	37	36	1	0	scaffold_4	3358142	3458142
Aspergillus_fumigatus_B7594_CDC_27	43	34	9	0	scaffold_3	339662	439662
Aspergillus_fumigatus_B7594_CDC_27	44	40	4	0	scaffold_3	1176655	1276655
Aspergillus_fumigatus_B7594_CDC_27	37	28	9	0	scaffold_3	2440699	2540699
Aspergillus_fumigatus_B7594_CDC_27	35	33	2	0	scaffold_5	3381973	3481973
Aspergillus_fumigatus_B7594_CDC_27	35	35	0	0	scaffold_1	600013	700013
Aspergillus_fumigatus_B7594_CDC_27	37	33	4	0	scaffold_2	3238845	3338845
Aspergillus_fumigatus_B7594_CDC_27	34	34	0	0	scaffold_1	2465533	2565533
Aspergillus_fumigatus_B7594_CDC_27	33	8	25	0	scaffold_4	168494	268494
Aspergillus_fumigatus_B7594_CDC_27	37	33	4	0	scaffold_2	1822219	1922219
Aspergillus_fumigatus_B7594_CDC_27	43	40	3	0	scaffold_5	1813665	1913665
Aspergillus_fumigatus_B7594_CDC_27	38	33	5	0	scaffold_2	1470149	1570149
Aspergillus_fumigatus_B7594_CDC_27	39	36	3	0	scaffold_2	2830814	2930814
Aspergillus_fumigatus_B7594_CDC_27	41	35	6	0	scaffold_6	3497589	3597589
Aspergillus_fumigatus_B7594_CDC_27	50	46	4	0	scaffold_3	3900767	4000767
Aspergillus_fumigatus_B7594_CDC_27	41	36	5	0	scaffold_2	3261363	3361363
Aspergillus_fumigatus_B7594_CDC_27	38	35	3	0	scaffold_7	477046	577046
Aspergillus_fumigatus_B7594_CDC_27	34	29	5	0	scaffold_4	3107187	3207187
Aspergillus_fumigatus_B7594_CDC_27	38	35	3	0	scaffold_4	598591	698591
Aspergillus_fumigatus_B7594_CDC_27	35	27	8	0	scaffold_4	3050166	3150166
Aspergillus_fumigatus_B7594_CDC_27	41	34	7	0	scaffold_3	2004596	2104596
Aspergillus_fumigatus_B7594_CDC_27	21	20	1	0	scaffold_3	1351723	1451723
Aspergillus_fumigatus_B7594_CDC_27	23	21	2	0	scaffold_1	2951747	3051747
Aspergillus_fumigatus_B7594_CDC_27	35	31	4	0	scaffold_6	2769215	2869215
Aspergillus_fumigatus_B7594_CDC_27	37	34	3	0	scaffold_6	3399676	3499676
Aspergillus_fumigatus_B7594_CDC_27	38	18	19	1	scaffold_5	387866	487866
Aspergillus_fumigatus_B7594_CDC_27	22	21	1	0	scaffold_8	733320	833320
Aspergillus_fumigatus_B7594_CDC_27	41	35	6	0	scaffold_8	407211	507211
Aspergillus_fumigatus_B7594_CDC_27	44	42	2	0	scaffold_5	3061425	3161425
Aspergillus_fumigatus_B7594_CDC_27	41	37	4	0	scaffold_5	879204	979204
Aspergillus_fumigatus_B7594_CDC_27	42	39	3	0	scaffold_3	2271968	2371968
Aspergillus_fumigatus_B7594_CDC_27	20	14	6	0	scaffold_6	3079391	3179391
Aspergillus_fumigatus_B7594_CDC_27	32	29	3	0	scaffold_6	2849341	2949341
Aspergillus_fumigatus_B7594_CDC_27	42	39	3	0	scaffold_3	184054	284054
Aspergillus_fumigatus_B7594_CDC_27	34	31	3	0	scaffold_5	3442056	3542056
Aspergillus_fumigatus_B7594_CDC_27	1	1	0	0	scaffold_6	2265067	2365067
Aspergillus_fumigatus_B7594_CDC_27	34	29	5	0	scaffold_4	2538537	2638537
Aspergillus_fumigatus_B7594_CDC_27	29	25	4	0	scaffold_1	1939064	2039064
Aspergillus_fumigatus_B7594_CDC_27	39	34	5	0	scaffold_5	2126494	2226494
Aspergillus_fumigatus_B7594_CDC_27	41	36	5	0	scaffold_8	247856	347856
Aspergillus_fumigatus_B7594_CDC_27	42	40	2	0	scaffold_6	911831	1011831
Aspergillus_fumigatus_B7594_CDC_27	32	31	1	0	scaffold_6	643223	743223
Aspergillus_fumigatus_B7594_CDC_27	32	29	3	0	scaffold_5	2277675	2377675
Aspergillus_fumigatus_B7594_CDC_27	44	40	4	0	scaffold_2	2969564	3069564
Aspergillus_fumigatus_B7594_CDC_27	36	12	23	1	scaffold_5	408406	508406
Aspergillus_fumigatus_B7594_CDC_27	31	30	1	0	scaffold_3	1423437	1523437
Aspergillus_fumigatus_B7594_CDC_27	17	17	0	0	scaffold_1	2982360	3082360
Aspergillus_fumigatus_B7594_CDC_27	32	31	1	0	scaffold_3	1234511	1334511
Aspergillus_fumigatus_B7594_CDC_27	38	33	5	0	scaffold_4	3581760	3681760
Aspergillus_fumigatus_B7594_CDC_27	38	37	1	0	scaffold_6	2479286	2579286
Aspergillus_fumigatus_B7594_CDC_27	46	42	4	0	scaffold_3	421699	521699
Aspergillus_fumigatus_B7594_CDC_27	32	31	1	0	scaffold_2	2881444	2981444
Aspergillus_fumigatus_B7594_CDC_27	32	28	4	0	scaffold_1	1131238	1231238
Aspergillus_fumigatus_B7594_CDC_27	25	23	2	0	scaffold_2	718206	818206
Aspergillus_fumigatus_B7594_CDC_27	35	22	13	0	scaffold_3	17406	117406
Aspergillus_fumigatus_B7594_CDC_27	38	36	2	0	scaffold_2	4354115	4454115
Aspergillus_fumigatus_B7594_CDC_27	35	33	2	0	scaffold_8	1260272	1360272
Aspergillus_fumigatus_B7594_CDC_27	38	36	2	0	scaffold_3	1902176	2002176
Aspergillus_fumigatus_B7594_CDC_27	36	35	1	0	scaffold_6	3019922	3119922
Aspergillus_fumigatus_B7594_CDC_27	36	32	4	0	scaffold_1	1199539	1299539
Aspergillus_fumigatus_B7594_CDC_27	46	34	12	0	scaffold_3	3560336	3660336
Aspergillus_fumigatus_B7594_CDC_27	39	33	6	0	scaffold_4	1688826	1788826
Aspergillus_fumigatus_B7594_CDC_27	30	27	3	0	scaffold_6	1735798	1835798
Aspergillus_fumigatus_B7594_CDC_27	41	36	5	0	scaffold_6	3412484	3512484
Aspergillus_fumigatus_B7594_CDC_27	41	36	5	0	scaffold_3	988661	1088661
Aspergillus_fumigatus_B7594_CDC_27	19	14	5	0	scaffold_5	3658010	3758010
Aspergillus_fumigatus_B7594_CDC_27	41	38	3	0	scaffold_5	2461240	2561240
Aspergillus_fumigatus_B7594_CDC_27	34	32	2	0	scaffold_1	2820472	2920472
Aspergillus_fumigatus_B7594_CDC_27	44	36	8	0	scaffold_2	4287087	4387087
Aspergillus_fumigatus_B7594_CDC_27	41	38	3	0	scaffold_1	324915	424915
Aspergillus_fumigatus_B7594_CDC_27	35	30	5	0	scaffold_6	1576876	1676876
Aspergillus_fumigatus_B7594_CDC_27	49	37	12	0	scaffold_1	46268	146268
Aspergillus_fumigatus_B7594_CDC_27	28	25	3	0	scaffold_4	2001052	2101052
Aspergillus_fumigatus_B7594_CDC_27	33	29	4	0	scaffold_3	1142367	1242367
Aspergillus_fumigatus_B7594_CDC_27	35	29	6	0	scaffold_4	2024810	2124810
Aspergillus_fumigatus_B7594_CDC_27	36	33	3	0	scaffold_3	3087066	3187066
Aspergillus_fumigatus_B7594_CDC_27	38	37	1	0	scaffold_6	484622	584622
Aspergillus_fumigatus_B7594_CDC_27	36	33	3	0	scaffold_2	160331	260331
Aspergillus_fumigatus_B7594_CDC_27	29	13	16	0	scaffold_3	735043	835043
Aspergillus_fumigatus_B7594_CDC_27	39	38	1	0	scaffold_6	537299	637299
Aspergillus_fumigatus_B7594_CDC_27	36	35	1	0	scaffold_1	2158994	2258994
Aspergillus_fumigatus_B7594_CDC_27	42	40	2	0	scaffold_4	538458	638458
Aspergillus_fumigatus_B7594_CDC_27	34	32	2	0	scaffold_1	779342	879342
Aspergillus_fumigatus_B7594_CDC_27	34	33	1	0	scaffold_5	1103485	1203485
Aspergillus_fumigatus_B7594_CDC_27	46	41	5	0	scaffold_3	492767	592767
Aspergillus_fumigatus_B7594_CDC_27	32	30	2	0	scaffold_3	1501373	1601373
Aspergillus_fumigatus_B7594_CDC_27	36	34	2	0	scaffold_2	2597225	2697225
Aspergillus_fumigatus_B7594_CDC_27	30	27	3	0	scaffold_5	1583558	1683558
Aspergillus_fumigatus_B7594_CDC_27	44	43	1	0	scaffold_5	1989730	2089730
Aspergillus_fumigatus_B7594_CDC_27	40	39	1	0	scaffold_1	2406108	2506108
Aspergillus_fumigatus_B7594_CDC_27	37	34	3	0	scaffold_3	1737130	1837130
Aspergillus_fumigatus_B7594_CDC_27	32	30	2	0	scaffold_5	2622148	2722148
Aspergillus_fumigatus_B7594_CDC_27	34	33	1	0	scaffold_1	748371	848371
Aspergillus_fumigatus_B7594_CDC_27	31	30	1	0	scaffold_5	3347802	3447802
Aspergillus_fumigatus_B7594_CDC_27	25	24	1	0	scaffold_8	721446	821446
Aspergillus_fumigatus_B7594_CDC_27	35	32	3	0	scaffold_4	671746	771746
Aspergillus_fumigatus_B7594_CDC_27	38	34	4	0	scaffold_1	1150061	1250061
Aspergillus_fumigatus_B7594_CDC_27	28	26	2	0	scaffold_2	2412788	2512788
Aspergillus_fumigatus_B7594_CDC_27	18	17	1	0	scaffold_3	1338688	1438688
Aspergillus_fumigatus_B7594_CDC_27	40	36	4	0	scaffold_8	63366	163366
Aspergillus_fumigatus_B7594_CDC_27	42	36	6	0	scaffold_5	80404	180404
Aspergillus_fumigatus_B7594_CDC_27	36	30	6	0	scaffold_1	3874716	3974716
Aspergillus_fumigatus_B7594_CDC_27	42	39	3	0	scaffold_8	629075	729075
Aspergillus_fumigatus_B7594_CDC_27	39	37	2	0	scaffold_4	1200264	1300264
Aspergillus_fumigatus_B7594_CDC_27	41	37	4	0	scaffold_3	2675704	2775704
Aspergillus_fumigatus_B7594_CDC_27	36	34	2	0	scaffold_3	2830207	2930207
Aspergillus_fumigatus_B7594_CDC_27	51	44	7	0	scaffold_7	1635059	1735059
Aspergillus_fumigatus_B7594_CDC_27	23	19	4	0	scaffold_1	1995435	2095435
Aspergillus_fumigatus_B7594_CDC_27	23	22	1	0	scaffold_3	1258344	1358344
Aspergillus_fumigatus_B7594_CDC_27	40	39	1	0	scaffold_2	1622453	1722453
Aspergillus_fumigatus_B7594_CDC_27	32	31	1	0	scaffold_8	686664	786664
Aspergillus_fumigatus_B7594_CDC_27	22	21	1	0	scaffold_3	1356587	1456587
Aspergillus_fumigatus_B7594_CDC_27	33	26	7	0	scaffold_5	2523480	2623480
Aspergillus_fumigatus_B7594_CDC_27	31	31	0	0	scaffold_5	2235701	2335701
Aspergillus_fumigatus_B7594_CDC_27	44	39	5	0	scaffold_2	2219604	2319604
Aspergillus_fumigatus_B7594_CDC_27	37	33	4	0	scaffold_5	2178320	2278320
Aspergillus_fumigatus_B7594_CDC_27	29	26	3	0	scaffold_1	1520962	1620962
Aspergillus_fumigatus_B7594_CDC_27	30	22	7	1	scaffold_5	330873	430873
Aspergillus_fumigatus_B7594_CDC_27	42	39	3	0	scaffold_3	184824	284824
Aspergillus_fumigatus_B7594_CDC_27	27	27	0	0	scaffold_5	2890889	2990889
Aspergillus_fumigatus_B7594_CDC_27	30	26	4	0	scaffold_6	2018241	2118241
Aspergillus_fumigatus_B7594_CDC_27	40	37	3	0	scaffold_2	2988888	3088888
Aspergillus_fumigatus_B7594_CDC_27	38	34	4	0	scaffold_8	181045	281045
Aspergillus_fumigatus_B7594_CDC_27	44	43	1	0	scaffold_5	1989604	2089604
Aspergillus_fumigatus_B7594_CDC_27	33	28	5	0	scaffold_1	1665569	1765569
Aspergillus_fumigatus_B7594_CDC_27	29	28	1	0	scaffold_3	2937023	3037023
Aspergillus_fumigatus_B7594_CDC_27	35	32	3	0	scaffold_1	1220203	1320203
Aspergillus_fumigatus_B7594_CDC_27	35	32	3	0	scaffold_4	2870205	2970205
Aspergillus_fumigatus_B7594_CDC_27	43	34	9	0	scaffold_1	177420	277420
Aspergillus_fumigatus_B7594_CDC_27	46	40	6	0	scaffold_3	496780	596780
Aspergillus_fumigatus_B7594_CDC_27	34	29	5	0	scaffold_3	2049275	2149275
Aspergillus_fumigatus_B7594_CDC_27	37	34	3	0	scaffold_2	1456623	1556623
Aspergillus_fumigatus_B7594_CDC_27	28	16	12	0	scaffold_4	237785	337785
Aspergillus_fumigatus_B7594_CDC_27	43	34	9	0	scaffold_1	179172	279172
Aspergillus_fumigatus_B7594_CDC_27	27	3	24	0	scaffold_4	178179	278179
Aspergillus_fumigatus_B7594_CDC_27	35	32	3	0	scaffold_4	3537030	3637030
Aspergillus_fumigatus_B7594_CDC_27	45	40	5	0	scaffold_3	524267	624267
Aspergillus_fumigatus_B7594_CDC_27	38	32	6	0	scaffold_8	264454	364454
Aspergillus_fumigatus_B7594_CDC_27	32	28	4	0	scaffold_5	287870	387870
Aspergillus_fumigatus_B7594_CDC_27	14	14	0	0	scaffold_6	1138869	1238869
Aspergillus_fumigatus_B7594_CDC_27	35	35	0	0	scaffold_2	1073434	1173434
Aspergillus_fumigatus_B7594_CDC_27	39	34	5	0	scaffold_4	2667379	2767379
Aspergillus_fumigatus_B7594_CDC_27	37	32	5	0	scaffold_4	3636953	3736953
Aspergillus_fumigatus_B7594_CDC_27	26	23	3	0	scaffold_1	1562112	1662112
Aspergillus_fumigatus_B7594_CDC_27	31	28	3	0	scaffold_5	1531567	1631567
Aspergillus_fumigatus_B7594_CDC_27	37	31	6	0	scaffold_1	3480179	3580179
Aspergillus_fumigatus_B7594_CDC_27	46	39	7	0	scaffold_1	4607511	4707511
Aspergillus_fumigatus_B7594_CDC_27	36	33	3	0	scaffold_4	2292400	2392400
Aspergillus_fumigatus_B7594_CDC_27	34	31	3	0	scaffold_1	3527498	3627498
Aspergillus_fumigatus_B7594_CDC_27	31	28	3	0	scaffold_3	3300236	3400236
Aspergillus_fumigatus_B7594_CDC_27	34	33	1	0	scaffold_6	2576542	2676542
Aspergillus_fumigatus_B7594_CDC_27	36	32	4	0	scaffold_4	3164527	3264527
Aspergillus_fumigatus_B7594_CDC_27	30	28	2	0	scaffold_2	3408494	3508494
Aspergillus_fumigatus_B7594_CDC_27	29	23	6	0	scaffold_5	2542977	2642977
Aspergillus_fumigatus_B7594_CDC_27	40	34	6	0	scaffold_7	54999	154999
Aspergillus_fumigatus_B7594_CDC_27	39	36	3	0	scaffold_8	1115543	1215543
Aspergillus_fumigatus_B7594_CDC_27	40	32	8	0	scaffold_6	1442718	1542718
Aspergillus_fumigatus_B7594_CDC_27	35	34	1	0	scaffold_6	3025735	3125735
Aspergillus_fumigatus_B7594_CDC_27	44	38	6	0	scaffold_7	1561679	1661679
Aspergillus_fumigatus_B7594_CDC_27	41	36	5	0	scaffold_2	2743121	2843121
Aspergillus_fumigatus_B7594_CDC_27	41	39	2	0	scaffold_4	754100	854100
Aspergillus_fumigatus_B7594_CDC_27	31	29	2	0	scaffold_5	1499315	1599315
Aspergillus_fumigatus_B7594_CDC_27	10	10	0	0	scaffold_3	1305349	1405349
Aspergillus_fumigatus_B7594_CDC_27	37	37	0	0	scaffold_2	4178868	4278868
Aspergillus_fumigatus_B7594_CDC_27	45	44	1	0	scaffold_5	3073535	3173535
Aspergillus_fumigatus_B7594_CDC_27	33	31	2	0	scaffold_2	3770098	3870098
Aspergillus_fumigatus_B7594_CDC_27	42	37	5	0	scaffold_2	3494116	3594116
Aspergillus_fumigatus_B7594_CDC_27	33	30	3	0	scaffold_4	3409227	3509227
Aspergillus_fumigatus_B7594_CDC_27	18	13	5	0	scaffold_6	3132142	3232142
Aspergillus_fumigatus_B7594_CDC_27	37	34	3	0	scaffold_4	1786932	1886932
Aspergillus_fumigatus_B7594_CDC_27	39	35	4	0	scaffold_2	1839097	1939097
Aspergillus_fumigatus_B7594_CDC_27	35	34	1	0	scaffold_4	3364321	3464321
Aspergillus_fumigatus_B7594_CDC_27	44	42	2	0	scaffold_5	3056724	3156724
Aspergillus_fumigatus_B7594_CDC_27	36	33	3	0	scaffold_4	3392113	3492113
Aspergillus_fumigatus_B7594_CDC_27	39	38	1	0	scaffold_1	3712591	3812591
Aspergillus_fumigatus_B7594_CDC_27	30	28	2	0	scaffold_2	1136216	1236216
Aspergillus_fumigatus_B7594_CDC_27	37	36	1	0	scaffold_4	3750668	3850668
Aspergillus_fumigatus_B7594_CDC_27	38	31	7	0	scaffold_3	2371832	2471832
Aspergillus_fumigatus_B7594_CDC_27	44	37	7	0	scaffold_7	73255	173255
Aspergillus_fumigatus_B7594_CDC_27	43	43	0	0	scaffold_5	1987009	2087009
Aspergillus_fumigatus_B7594_CDC_27	47	42	5	0	scaffold_1	4627697	4727697
Aspergillus_fumigatus_B7594_CDC_27	31	29	2	0	scaffold_5	1499349	1599349
Aspergillus_fumigatus_B7594_CDC_27	36	32	4	0	scaffold_2	3213993	3313993
Aspergillus_fumigatus_B7594_CDC_27	30	28	2	0	scaffold_4	358280	458280
Aspergillus_fumigatus_B7594_CDC_27	31	29	2	0	scaffold_4	1936417	2036417
Aspergillus_fumigatus_B7594_CDC_27	44	37	7	0	scaffold_7	181703	281703
Aspergillus_fumigatus_B7594_CDC_27	39	35	4	0	scaffold_2	1495156	1595156
Aspergillus_fumigatus_B7594_CDC_27	37	36	1	0	scaffold_2	2563202	2663202
Aspergillus_fumigatus_B7594_CDC_27	41	36	5	0	scaffold_5	3463297	3563297
Aspergillus_fumigatus_B7594_CDC_27	42	39	3	0	scaffold_2	2763301	2863301
Aspergillus_fumigatus_B7594_CDC_27	37	32	5	0	scaffold_1	3599480	3699480
Aspergillus_fumigatus_B7594_CDC_27	36	33	3	0	scaffold_4	634839	734839
Aspergillus_fumigatus_B7594_CDC_27	11	11	0	0	scaffold_3	1282742	1382742
Aspergillus_fumigatus_B7594_CDC_27	31	28	3	0	scaffold_4	1917520	2017520
Aspergillus_fumigatus_B7594_CDC_27	34	0	34	0	scaffold_1	4241295	4341295
Aspergillus_fumigatus_B7594_CDC_27	28	28	0	0	scaffold_5	2865259	2965259
Aspergillus_fumigatus_B7594_CDC_27	34	34	0	0	scaffold_5	3160872	3260872
Aspergillus_fumigatus_B7594_CDC_27	45	35	10	0	scaffold_1	132360	232360
Aspergillus_fumigatus_B7594_CDC_27	37	36	1	0	scaffold_6	3012755	3112755
Aspergillus_fumigatus_B7594_CDC_27	41	35	6	0	scaffold_6	429969	529969
Aspergillus_fumigatus_B7594_CDC_27	38	37	1	0	scaffold_4	937655	1037655
Aspergillus_fumigatus_B7594_CDC_27	41	34	7	0	scaffold_1	4075250	4175250
Aspergillus_fumigatus_B7594_CDC_27	40	36	4	0	scaffold_1	3305253	3405253
Aspergillus_fumigatus_B7594_CDC_27	31	28	3	0	scaffold_5	1602156	1702156
Aspergillus_fumigatus_B7594_CDC_27	43	39	4	0	scaffold_3	2220282	2320282
Aspergillus_fumigatus_B7594_CDC_27	38	31	7	0	scaffold_5	684784	784784
Aspergillus_fumigatus_B7594_CDC_27	32	31	1	0	scaffold_6	695534	795534
Aspergillus_fumigatus_B7594_CDC_27	41	40	1	0	scaffold_2	1616057	1716057
Aspergillus_fumigatus_B7594_CDC_27	37	33	4	0	scaffold_6	3404330	3504330
Aspergillus_fumigatus_B7594_CDC_27	41	37	4	0	scaffold_5	1834719	1934719
Aspergillus_fumigatus_B7594_CDC_27	18	17	1	0	scaffold_1	1805648	1905648
Aspergillus_fumigatus_B7594_CDC_27	47	42	5	0	scaffold_4	2741917	2841917
Aspergillus_fumigatus_B7594_CDC_27	44	38	6	0	scaffold_1	4589923	4689923
Aspergillus_fumigatus_B7594_CDC_27	39	35	4	0	scaffold_3	126171	226171
Aspergillus_fumigatus_B7594_CDC_27	28	27	1	0	scaffold_4	2329725	2429725
Aspergillus_fumigatus_B7594_CDC_27	37	36	1	0	scaffold_3	1584126	1684126
Aspergillus_fumigatus_B7594_CDC_27	38	35	3	0	scaffold_8	1151785	1251785
Aspergillus_fumigatus_B7594_CDC_27	36	34	2	0	scaffold_2	207031	307031
Aspergillus_fumigatus_B7594_CDC_27	18	17	1	0	scaffold_8	747383	847383
Aspergillus_fumigatus_B7594_CDC_27	36	34	2	0	scaffold_1	362471	462471
Aspergillus_fumigatus_B7594_CDC_27	28	26	2	0	scaffold_6	1732132	1832132
Aspergillus_fumigatus_B7594_CDC_27	40	38	2	0	scaffold_4	1192822	1292822
Aspergillus_fumigatus_B7594_CDC_27	31	28	3	0	scaffold_2	1168896	1268896
Aspergillus_fumigatus_B7594_CDC_27	44	39	5	0	scaffold_8	120359	220359
Aspergillus_fumigatus_B7594_CDC_27	32	28	4	0	scaffold_4	3784224	3884224
Aspergillus_fumigatus_B7594_CDC_27	29	26	3	0	scaffold_7	1392396	1492396
Aspergillus_fumigatus_B7594_CDC_27	44	34	10	0	scaffold_1	131371	231371
Aspergillus_fumigatus_B7594_CDC_27	37	30	7	0	scaffold_7	40621	140621
Aspergillus_fumigatus_B7594_CDC_27	32	30	2	0	scaffold_1	3660325	3760325
Aspergillus_fumigatus_B7594_CDC_27	50	42	8	0	scaffold_8	1407231	1507231
Aspergillus_fumigatus_B7594_CDC_27	40	33	7	0	scaffold_8	315654	415654
Aspergillus_fumigatus_B7594_CDC_27	42	38	4	0	scaffold_2	2227336	2327336
Aspergillus_fumigatus_B7594_CDC_27	39	39	0	0	scaffold_4	3268628	3368628
Aspergillus_fumigatus_B7594_CDC_27	34	29	5	0	scaffold_1	1011151	1111151
Aspergillus_fumigatus_B7594_CDC_27	36	33	3	0	scaffold_7	1070176	1170176
Aspergillus_fumigatus_B7594_CDC_27	36	32	4	0	scaffold_6	3335128	3435128
Aspergillus_fumigatus_B7594_CDC_27	26	23	2	1	scaffold_5	1278555	1378555
Aspergillus_fumigatus_B7594_CDC_27	19	15	4	0	scaffold_6	3219642	3319642
Aspergillus_fumigatus_B7594_CDC_27	36	34	2	0	scaffold_1	1324613	1424613
Aspergillus_fumigatus_B7594_CDC_27	29	22	7	0	scaffold_2	4531864	4631864
Aspergillus_fumigatus_B7594_CDC_27	30	28	2	0	scaffold_2	3793982	3893982
Aspergillus_fumigatus_B7594_CDC_27	26	24	2	0	scaffold_6	1171961	1271961
Aspergillus_fumigatus_B7594_CDC_27	40	33	7	0	scaffold_6	1438376	1538376
Aspergillus_fumigatus_B7594_CDC_27	37	30	7	0	scaffold_5	573068	673068
Aspergillus_fumigatus_B7594_CDC_27	38	35	3	0	scaffold_1	293768	393768
Aspergillus_fumigatus_B7594_CDC_27	34	30	4	0	scaffold_4	2849479	2949479
Aspergillus_fumigatus_B7594_CDC_27	38	33	5	0	scaffold_3	3138777	3238777
Aspergillus_fumigatus_B7594_CDC_27	43	38	5	0	scaffold_3	902884	1002884
Aspergillus_fumigatus_B7594_CDC_27	38	34	4	0	scaffold_8	200656	300656
Aspergillus_fumigatus_B7594_CDC_27	27	24	3	0	scaffold_4	435939	535939
Aspergillus_fumigatus_B7594_CDC_27	39	21	17	1	scaffold_5	372286	472286
Aspergillus_fumigatus_B7594_CDC_27	33	32	1	0	scaffold_6	1324579	1424579
Aspergillus_fumigatus_B7594_CDC_27	39	34	5	0	scaffold_8	242387	342387
Aspergillus_fumigatus_B7594_CDC_27	37	36	1	0	scaffold_3	1580437	1680437
Aspergillus_fumigatus_B7594_CDC_27	31	28	3	0	scaffold_3	3300011	3400011
Aspergillus_fumigatus_B7594_CDC_27	34	31	3	0	scaffold_2	3670193	3770193
Aspergillus_fumigatus_B7594_CDC_27	37	34	3	0	scaffold_6	2620414	2720414
Aspergillus_fumigatus_B7594_CDC_27	43	40	3	0	scaffold_7	886277	986277
Aspergillus_fumigatus_B7594_CDC_27	32	31	1	0	scaffold_6	1951300	2051300
Aspergillus_fumigatus_B7594_CDC_27	42	41	1	0	scaffold_5	2004572	2104572
Aspergillus_fumigatus_B7594_CDC_27	40	37	3	0	scaffold_6	2062678	2162678
Aspergillus_fumigatus_B7594_CDC_27	13	11	2	0	scaffold_2	1988381	2088381
Aspergillus_fumigatus_B7594_CDC_27	33	32	1	0	scaffold_1	2076077	2176077
Aspergillus_fumigatus_B7594_CDC_27	50	42	8	0	scaffold_6	3649701	3749701
Aspergillus_fumigatus_B7594_CDC_27	30	27	3	0	scaffold_7	1402541	1502541
Aspergillus_fumigatus_B7594_CDC_27	33	23	10	0	scaffold_3	774465	874465
Aspergillus_fumigatus_B7594_CDC_27	51	43	8	0	scaffold_8	1419903	1519903
Aspergillus_fumigatus_B7594_CDC_27	37	33	4	0	scaffold_4	2139538	2239538
Aspergillus_fumigatus_B7594_CDC_27	53	46	7	0	scaffold_2	72507	172507
Aspergillus_fumigatus_B7594_CDC_27	36	35	1	0	scaffold_6	2456007	2556007
Aspergillus_fumigatus_B7594_CDC_27	32	31	1	0	scaffold_5	2970777	3070777
Aspergillus_fumigatus_B7594_CDC_27	37	36	1	0	scaffold_6	3006181	3106181
Aspergillus_fumigatus_B7594_CDC_27	39	37	2	0	scaffold_2	4349279	4449279
Aspergillus_fumigatus_B7594_CDC_27	36	4	32	0	scaffold_3	672603	772603
Aspergillus_fumigatus_B7594_CDC_27	47	36	11	0	scaffold_1	55865	155865
Aspergillus_fumigatus_B7594_CDC_27	30	28	2	0	scaffold_4	353474	453474
Aspergillus_fumigatus_B7594_CDC_27	30	30	0	0	scaffold_2	2451222	2551222
Aspergillus_fumigatus_B7594_CDC_27	38	33	5	0	scaffold_2	1467741	1567741
Aspergillus_fumigatus_B7594_CDC_27	46	43	3	0	scaffold_3	192187	292187
Aspergillus_fumigatus_B7594_CDC_27	33	29	4	0	scaffold_8	1314056	1414056
Aspergillus_fumigatus_B7594_CDC_27	43	41	2	0	scaffold_4	580999	680999
Aspergillus_fumigatus_B7594_CDC_27	38	35	3	0	scaffold_3	2647717	2747717
Aspergillus_fumigatus_B7594_CDC_27	36	35	1	0	scaffold_6	548436	648436
Aspergillus_fumigatus_B7594_CDC_27	45	38	7	0	scaffold_7	199322	299322
Aspergillus_fumigatus_B7594_CDC_27	38	33	5	0	scaffold_3	2068070	2168070
Aspergillus_fumigatus_B7594_CDC_27	35	29	6	0	scaffold_2	475052	575052
Aspergillus_fumigatus_B7594_CDC_27	44	40	4	0	scaffold_1	4659466	4759466
Aspergillus_fumigatus_B7594_CDC_27	15	14	1	0	scaffold_2	1944078	2044078
Aspergillus_fumigatus_B7594_CDC_27	30	29	1	0	scaffold_2	3884658	3984658
Aspergillus_fumigatus_B7594_CDC_27	22	21	1	0	scaffold_1	2959979	3059979
Aspergillus_fumigatus_B7594_CDC_27	18	17	1	0	scaffold_1	1800376	1900376
Aspergillus_fumigatus_B7594_CDC_27	27	25	2	0	scaffold_6	2192125	2292125
Aspergillus_fumigatus_B7594_CDC_27	30	29	1	0	scaffold_7	606991	706991
Aspergillus_fumigatus_B7594_CDC_27	41	36	5	0	scaffold_1	3111640	3211640
Aspergillus_fumigatus_B7594_CDC_27	17	10	7	0	scaffold_5	3675149	3775149
Aspergillus_fumigatus_B7594_CDC_27	46	43	3	0	scaffold_3	413503	513503
Aspergillus_fumigatus_B7594_CDC_27	39	35	4	0	scaffold_1	3309140	3409140
Aspergillus_fumigatus_B7594_CDC_27	37	35	2	0	scaffold_3	1719002	1819002
Aspergillus_fumigatus_B7594_CDC_27	36	35	1	0	scaffold_1	552650	652650
Aspergillus_fumigatus_B7594_CDC_27	45	44	1	0	scaffold_6	946303	1046303
Aspergillus_fumigatus_B7594_CDC_27	32	31	1	0	scaffold_5	2212629	2312629
Aspergillus_fumigatus_B7594_CDC_27	31	7	24	0	scaffold_4	191952	291952
Aspergillus_fumigatus_B7594_CDC_27	45	44	1	0	scaffold_2	4151352	4251352
Aspergillus_fumigatus_B7594_CDC_27	33	31	2	0	scaffold_4	3147254	3247254
Aspergillus_fumigatus_B7594_CDC_27	37	33	4	0	scaffold_7	534707	634707
Aspergillus_fumigatus_B7594_CDC_27	35	30	5	0	scaffold_2	1357113	1457113
Aspergillus_fumigatus_B7594_CDC_27	31	28	3	0	scaffold_4	1352111	1452111
Aspergillus_fumigatus_B7594_CDC_27	37	34	3	0	scaffold_6	799533	899533
Aspergillus_fumigatus_B7594_CDC_27	41	35	6	0	scaffold_1	4568147	4668147
Aspergillus_fumigatus_B7594_CDC_27	40	31	9	0	scaffold_1	4133491	4233491
Aspergillus_fumigatus_B7594_CDC_27	35	28	7	0	scaffold_8	1557941	1657941
Aspergillus_fumigatus_B7594_CDC_27	38	35	3	0	scaffold_7	477253	577253
Aspergillus_fumigatus_B7594_CDC_27	37	35	2	0	scaffold_7	830410	930410
Aspergillus_fumigatus_B7594_CDC_27	48	36	12	0	scaffold_1	112212	212212
Aspergillus_fumigatus_B7594_CDC_27	35	31	4	0	scaffold_1	982032	1082032
Aspergillus_fumigatus_B7594_CDC_27	32	29	3	0	scaffold_2	939733	1039733
Aspergillus_fumigatus_B7594_CDC_27	44	41	3	0	scaffold_5	2444298	2544298
Aspergillus_fumigatus_B7594_CDC_27	36	22	14	0	scaffold_1	4453016	4553016
Aspergillus_fumigatus_B7594_CDC_27	31	30	1	0	scaffold_2	2875220	2975220
Aspergillus_fumigatus_B7594_CDC_27	35	34	1	0	scaffold_4	3341934	3441934
Aspergillus_fumigatus_B7594_CDC_27	42	35	7	0	scaffold_1	4566266	4666266
Aspergillus_fumigatus_B7594_CDC_27	31	28	3	0	scaffold_2	1165646	1265646
Aspergillus_fumigatus_B7594_CDC_27	35	29	6	0	scaffold_7	413216	513216
Aspergillus_fumigatus_B7594_CDC_27	38	36	2	0	scaffold_1	2376253	2476253
Aspergillus_fumigatus_B7594_CDC_27	40	30	10	0	scaffold_2	2684087	2784087
Aspergillus_fumigatus_B7594_CDC_27	27	27	0	0	scaffold_5	2949016	3049016
Aspergillus_fumigatus_B7594_CDC_27	36	32	3	1	scaffold_5	1312533	1412533
Aspergillus_fumigatus_B7594_CDC_27	29	27	2	0	scaffold_7	782612	882612
Aspergillus_fumigatus_B7594_CDC_27	50	38	12	0	scaffold_6	179718	279718
Aspergillus_fumigatus_B7594_CDC_27	26	14	12	0	scaffold_2	690421	790421
Aspergillus_fumigatus_B7594_CDC_27	41	32	9	0	scaffold_2	2696971	2796971
Aspergillus_fumigatus_B7594_CDC_27	36	35	1	0	scaffold_1	2142291	2242291
Aspergillus_fumigatus_B7594_CDC_27	42	38	4	0	scaffold_5	857341	957341
Aspergillus_fumigatus_B7594_CDC_27	46	39	7	0	scaffold_6	2386257	2486257
Aspergillus_fumigatus_B7594_CDC_27	41	37	4	0	scaffold_5	742527	842527
Aspergillus_fumigatus_B7594_CDC_27	34	34	0	0	scaffold_5	3144319	3244319
Aspergillus_fumigatus_B7594_CDC_27	45	36	9	0	scaffold_1	4029581	4129581
Aspergillus_fumigatus_B7594_CDC_27	28	27	1	0	scaffold_4	2324242	2424242
Aspergillus_fumigatus_B7594_CDC_27	39	34	5	0	scaffold_5	2124263	2224263
Aspergillus_fumigatus_B7594_CDC_27	43	37	6	0	scaffold_7	180555	280555
Aspergillus_fumigatus_B7594_CDC_27	36	32	4	0	scaffold_3	3153778	3253778
Aspergillus_fumigatus_B7594_CDC_27	38	33	5	0	scaffold_8	471121	571121
Aspergillus_fumigatus_B7594_CDC_27	26	22	4	0	scaffold_1	1953440	2053440
Aspergillus_fumigatus_B7594_CDC_27	35	32	3	0	scaffold_2	748892	848892
Aspergillus_fumigatus_B7594_CDC_27	29	26	3	0	scaffold_4	1997843	2097843
Aspergillus_fumigatus_B7594_CDC_27	33	32	1	0	scaffold_1	742523	842523
Aspergillus_fumigatus_B7594_CDC_27	34	27	7	0	scaffold_1	3413331	3513331
Aspergillus_fumigatus_B7594_CDC_27	17	14	3	0	scaffold_7	719384	819384
Aspergillus_fumigatus_B7594_CDC_27	42	38	4	0	scaffold_2	2356322	2456322
Aspergillus_fumigatus_B7594_CDC_27	35	30	5	0	scaffold_5	660015	760015
Aspergillus_fumigatus_B7594_CDC_27	18	14	4	0	scaffold_6	3209421	3309421
Aspergillus_fumigatus_B7594_CDC_27	40	38	2	0	scaffold_1	3714084	3814084
Aspergillus_fumigatus_B7594_CDC_27	37	36	1	0	scaffold_2	2565278	2665278
Aspergillus_fumigatus_B7594_CDC_27	35	30	5	0	scaffold_4	3553979	3653979
Aspergillus_fumigatus_B7594_CDC_27	28	27	1	0	scaffold_3	2900990	3000990
Aspergillus_fumigatus_B7594_CDC_27	36	34	2	0	scaffold_2	3096146	3196146
Aspergillus_fumigatus_B7594_CDC_27	44	40	4	0	scaffold_6	3533602	3633602
Aspergillus_fumigatus_B7594_CDC_27	36	31	5	0	scaffold_5	664540	764540
Aspergillus_fumigatus_B7594_CDC_27	39	34	5	0	scaffold_1	3088299	3188299
Aspergillus_fumigatus_B7594_CDC_27	36	33	3	0	scaffold_8	986446	1086446
Aspergillus_fumigatus_B7594_CDC_27	31	29	2	0	scaffold_1	772656	872656
Aspergillus_fumigatus_B7594_CDC_27	27	26	1	0	scaffold_2	1916047	2016047
Aspergillus_fumigatus_B7594_CDC_27	39	36	3	0	scaffold_5	2059860	2159860
Aspergillus_fumigatus_B7594_CDC_27	39	31	8	0	scaffold_5	247433	347433
Aspergillus_fumigatus_B7594_CDC_27	38	36	2	0	scaffold_4	1060611	1160611
Aspergillus_fumigatus_B7594_CDC_27	37	34	3	0	scaffold_5	925848	1025848
Aspergillus_fumigatus_B7594_CDC_27	17	17	0	0	scaffold_1	2997838	3097838
Aspergillus_fumigatus_B7594_CDC_27	39	34	5	0	scaffold_1	3801302	3901302
Aspergillus_fumigatus_B7594_CDC_27	33	27	6	0	scaffold_4	1479621	1579621
Aspergillus_fumigatus_B7594_CDC_27	47	42	5	0	scaffold_3	467937	567937
Aspergillus_fumigatus_B7594_CDC_27	40	38	2	0	scaffold_5	3217082	3317082
Aspergillus_fumigatus_B7594_CDC_27	40	36	4	0	scaffold_3	391290	491290
Aspergillus_fumigatus_B7594_CDC_27	35	34	1	0	scaffold_1	2069342	2169342
Aspergillus_fumigatus_B7594_CDC_27	17	13	4	0	scaffold_8	766497	866497
Aspergillus_fumigatus_B7594_CDC_27	48	41	7	0	scaffold_3	3527807	3627807
Aspergillus_fumigatus_B7594_CDC_27	32	28	4	0	scaffold_4	2015413	2115413
Aspergillus_fumigatus_B7594_CDC_27	36	33	3	0	scaffold_1	830428	930428
Aspergillus_fumigatus_B7594_CDC_27	23	22	1	0	scaffold_6	1072906	1172906
Aspergillus_fumigatus_B7594_CDC_27	47	40	7	0	scaffold_6	131058	231058
Aspergillus_fumigatus_B7594_CDC_27	36	34	2	0	scaffold_4	1164662	1264662
Aspergillus_fumigatus_B7594_CDC_27	32	29	3	0	scaffold_4	1899394	1999394
Aspergillus_fumigatus_B7594_CDC_27	33	30	3	0	scaffold_2	745622	845622
Aspergillus_fumigatus_B7594_CDC_27	31	26	5	0	scaffold_1	1600145	1700145
Aspergillus_fumigatus_B7594_CDC_27	35	28	7	0	scaffold_1	4523857	4623857
Aspergillus_fumigatus_B7594_CDC_27	34	31	3	0	scaffold_3	2528410	2628410
Aspergillus_fumigatus_B7594_CDC_27	35	33	2	0	scaffold_7	1455939	1555939
Aspergillus_fumigatus_B7594_CDC_27	40	36	4	0	scaffold_4	2915824	3015824
Aspergillus_fumigatus_B7594_CDC_27	39	38	1	0	scaffold_2	1685532	1785532
Aspergillus_fumigatus_B7594_CDC_27	42	40	2	0	scaffold_6	322880	422880
Aspergillus_fumigatus_B7594_CDC_27	39	34	5	0	scaffold_8	321663	421663
Aspergillus_fumigatus_B7594_CDC_27	41	39	2	0	scaffold_1	3710238	3810238
Aspergillus_fumigatus_B7594_CDC_27	26	23	2	1	scaffold_5	1276294	1376294
Aspergillus_fumigatus_B7594_CDC_27	43	40	3	0	scaffold_7	276200	376200
Aspergillus_fumigatus_B7594_CDC_27	41	36	5	0	scaffold_2	2746443	2846443
Aspergillus_fumigatus_B7594_CDC_27	42	36	6	0	scaffold_5	10687	110687
Aspergillus_fumigatus_B7594_CDC_27	35	27	8	0	scaffold_3	3688634	3788634
Aspergillus_fumigatus_B7594_CDC_27	33	30	3	0	scaffold_5	1516734	1616734
Aspergillus_fumigatus_B7594_CDC_27	36	32	4	0	scaffold_7	1048047	1148047
Aspergillus_fumigatus_B7594_CDC_27	42	37	5	0	scaffold_3	371040	471040
Aspergillus_fumigatus_B7594_CDC_27	14	13	1	0	scaffold_6	1134068	1234068
Aspergillus_fumigatus_B7594_CDC_27	35	32	3	0	scaffold_2	3212640	3312640
Aspergillus_fumigatus_B7594_CDC_27	33	32	1	0	scaffold_3	1410361	1510361
Aspergillus_fumigatus_B7594_CDC_27	33	29	4	0	scaffold_1	2914316	3014316
Aspergillus_fumigatus_B7594_CDC_27	39	36	3	0	scaffold_1	2261845	2361845
Aspergillus_fumigatus_B7594_CDC_27	31	15	16	0	scaffold_2	619983	719983
Aspergillus_fumigatus_B7594_CDC_27	35	30	5	0	scaffold_2	4440821	4540821
Aspergillus_fumigatus_B7594_CDC_27	37	31	6	0	scaffold_2	580549	680549
Aspergillus_fumigatus_B7594_CDC_27	42	38	4	0	scaffold_3	2218812	2318812
Aspergillus_fumigatus_B7594_CDC_27	46	36	10	0	scaffold_1	125649	225649
Aspergillus_fumigatus_B7594_CDC_27	43	37	6	0	scaffold_5	4771	104771
Aspergillus_fumigatus_B7594_CDC_27	31	30	1	0	scaffold_6	1039262	1139262
Aspergillus_fumigatus_B7594_CDC_27	32	28	4	0	scaffold_4	2825664	2925664
Aspergillus_fumigatus_B7594_CDC_27	43	40	3	0	scaffold_5	2454888	2554888
Aspergillus_fumigatus_B7594_CDC_27	37	36	1	0	scaffold_6	2462718	2562718
Aspergillus_fumigatus_B7594_CDC_27	36	36	0	0	scaffold_1	595899	695899
Aspergillus_fumigatus_B7594_CDC_27	38	38	0	0	scaffold_6	1013729	1113729
Aspergillus_fumigatus_B7594_CDC_27	30	28	2	0	scaffold_6	1722742	1822742
Aspergillus_fumigatus_B7594_CDC_27	19	18	1	0	scaffold_4	2391107	2491107
Aspergillus_fumigatus_B7594_CDC_27	47	43	4	0	scaffold_3	546212	646212
Aspergillus_fumigatus_B7594_CDC_27	31	28	3	0	scaffold_5	1524097	1624097
Aspergillus_fumigatus_B7594_CDC_27	39	36	3	0	scaffold_1	2557528	2657528
Aspergillus_fumigatus_B7594_CDC_27	34	15	19	0	scaffold_4	145029	245029
Aspergillus_fumigatus_B7594_CDC_27	37	33	4	0	scaffold_1	1906671	2006671
Aspergillus_fumigatus_B7594_CDC_27	35	35	0	0	scaffold_4	3336804	3436804
Aspergillus_fumigatus_B7594_CDC_27	28	28	0	0	scaffold_5	2805000	2905000
Aspergillus_fumigatus_B7594_CDC_27	35	35	0	0	scaffold_6	616263	716263
Aspergillus_fumigatus_B7594_CDC_27	44	38	6	0	scaffold_2	3321568	3421568
Aspergillus_fumigatus_B7594_CDC_27	31	26	5	0	scaffold_5	2516101	2616101
Aspergillus_fumigatus_B7594_CDC_27	32	29	3	0	scaffold_2	3386813	3486813
Aspergillus_fumigatus_B7594_CDC_27	38	33	5	0	scaffold_4	2116290	2216290
Aspergillus_fumigatus_B7594_CDC_27	31	26	5	0	scaffold_1	1046250	1146250
Aspergillus_fumigatus_B7594_CDC_27	49	44	5	0	scaffold_2	31470	131470
Aspergillus_fumigatus_B7594_CDC_27	35	31	4	0	scaffold_2	3053264	3153264
Aspergillus_fumigatus_B7594_CDC_27	42	37	5	0	scaffold_1	315438	415438
Aspergillus_fumigatus_B7594_CDC_27	31	27	4	0	scaffold_1	1079994	1179994
Aspergillus_fumigatus_B7594_CDC_27	32	31	1	0	scaffold_5	3335056	3435056
Aspergillus_fumigatus_B7594_CDC_27	36	31	5	0	scaffold_5	723735	823735
Aspergillus_fumigatus_B7594_CDC_27	36	31	5	0	scaffold_5	129104	229104
Aspergillus_fumigatus_B7594_CDC_27	28	27	1	0	scaffold_3	2877733	2977733
Aspergillus_fumigatus_B7594_CDC_27	36	36	0	0	scaffold_3	1861711	1961711
Aspergillus_fumigatus_B7594_CDC_27	33	31	2	0	scaffold_4	1881811	1981811
Aspergillus_fumigatus_B7594_CDC_27	39	31	8	0	scaffold_5	525210	625210
Aspergillus_fumigatus_B7594_CDC_27	36	34	2	0	scaffold_3	2832636	2932636
Aspergillus_fumigatus_B7594_CDC_27	45	44	1	0	scaffold_5	3063566	3163566
Aspergillus_fumigatus_B7594_CDC_27	39	35	3	1	scaffold_3	3411243	3511243
Aspergillus_fumigatus_B7594_CDC_27	37	33	4	0	scaffold_1	2756864	2856864
Aspergillus_fumigatus_B7594_CDC_27	38	31	7	0	scaffold_6	6387	106387
Aspergillus_fumigatus_B7594_CDC_27	45	40	5	0	scaffold_3	523275	623275
Aspergillus_fumigatus_B7594_CDC_27	44	38	6	0	scaffold_4	2931059	3031059
Aspergillus_fumigatus_B7594_CDC_27	33	29	4	0	scaffold_4	2013165	2113165
Aspergillus_fumigatus_B7594_CDC_27	40	31	9	0	scaffold_1	4143284	4243284
Aspergillus_fumigatus_B7594_CDC_27	34	20	13	1	scaffold_5	352138	452138
Aspergillus_fumigatus_B7594_CDC_27	20	13	7	0	scaffold_5	3681487	3781487
Aspergillus_fumigatus_B7594_CDC_27	37	34	3	0	scaffold_4	488373	588373
Aspergillus_fumigatus_B7594_CDC_27	41	38	3	0	scaffold_6	820352	920352
Aspergillus_fumigatus_B7594_CDC_27	35	34	1	0	scaffold_6	1362183	1462183
Aspergillus_fumigatus_B7594_CDC_27	32	30	2	0	scaffold_1	2806367	2906367
Aspergillus_fumigatus_B7594_CDC_27	29	28	1	0	scaffold_6	1299317	1399317
