STRAIN	TOTAL	CORE	ACCESSORY	SINGLETON	CHROM	START	END
Aspergillus_fumigatus_AF106-6_9	11	11	0	0	scaffold_7	1303969	1353969
Aspergillus_fumigatus_AF106-6_9	17	17	0	0	scaffold_4	1447347	1497347
Aspergillus_fumigatus_AF106-6_9	23	21	2	0	scaffold_6	31203	81203
Aspergillus_fumigatus_AF106-6_9	24	22	2	0	scaffold_5	651429	701429
Aspergillus_fumigatus_AF106-6_9	19	17	2	0	scaffold_1	1650154	1700154
Aspergillus_fumigatus_AF106-6_9	18	15	3	0	scaffold_1	3432079	3482079
Aspergillus_fumigatus_AF106-6_9	12	12	0	0	scaffold_1	2114463	2164463
Aspergillus_fumigatus_AF106-6_9	11	1	10	0	scaffold_3	566977	616977
Aspergillus_fumigatus_AF106-6_9	14	14	0	0	scaffold_2	3840902	3890902
Aspergillus_fumigatus_AF106-6_9	18	15	3	0	scaffold_2	3651510	3701510
Aspergillus_fumigatus_AF106-6_9	21	20	1	0	scaffold_4	3753245	3803245
Aspergillus_fumigatus_AF106-6_9	16	16	0	0	scaffold_1	2573436	2623436
Aspergillus_fumigatus_AF106-6_9	20	18	2	0	scaffold_7	25922	75922
Aspergillus_fumigatus_AF106-6_9	24	0	24	0	scaffold_1	4487113	4537113
Aspergillus_fumigatus_AF106-6_9	22	19	3	0	scaffold_1	4669885	4719885
Aspergillus_fumigatus_AF106-6_9	12	11	1	0	scaffold_8	879644	929644
Aspergillus_fumigatus_AF106-6_9	18	14	4	0	scaffold_1	4246095	4296095
Aspergillus_fumigatus_AF106-6_9	19	17	2	0	scaffold_2	1625863	1675863
Aspergillus_fumigatus_AF106-6_9	20	16	4	0	scaffold_2	1290727	1340727
Aspergillus_fumigatus_AF106-6_9	17	1	16	0	scaffold_5	2164105	2214105
Aspergillus_fumigatus_AF106-6_9	20	17	3	0	scaffold_1	413565	463565
Aspergillus_fumigatus_AF106-6_9	18	18	0	0	scaffold_4	2617264	2667264
Aspergillus_fumigatus_AF106-6_9	23	22	1	0	scaffold_6	1620133	1670133
Aspergillus_fumigatus_AF106-6_9	17	17	0	0	scaffold_2	2698584	2748584
Aspergillus_fumigatus_AF106-6_9	20	4	16	0	scaffold_3	620514	670514
Aspergillus_fumigatus_AF106-6_9	11	9	2	0	scaffold_1	1593673	1643673
Aspergillus_fumigatus_AF106-6_9	11	11	0	0	scaffold_1	1511131	1561131
Aspergillus_fumigatus_AF106-6_9	21	20	1	0	scaffold_1	331578	381578
Aspergillus_fumigatus_AF106-6_9	21	20	1	0	scaffold_7	223847	273847
Aspergillus_fumigatus_AF106-6_9	15	6	9	0	scaffold_3	555738	605738
Aspergillus_fumigatus_AF106-6_9	16	15	1	0	scaffold_6	878977	928977
Aspergillus_fumigatus_AF106-6_9	23	22	1	0	scaffold_6	1612988	1662988
Aspergillus_fumigatus_AF106-6_9	18	17	1	0	scaffold_3	1327401	1377401
Aspergillus_fumigatus_AF106-6_9	23	23	0	0	scaffold_3	1463980	1513980
Aspergillus_fumigatus_AF106-6_9	15	12	3	0	scaffold_4	2956398	3006398
Aspergillus_fumigatus_AF106-6_9	21	17	4	0	scaffold_2	3456604	3506604
Aspergillus_fumigatus_AF106-6_9	18	18	0	0	scaffold_2	807792	857792
Aspergillus_fumigatus_AF106-6_9	19	16	3	0	scaffold_6	137010	187010
Aspergillus_fumigatus_AF106-6_9	21	21	0	0	scaffold_4	847404	897404
Aspergillus_fumigatus_AF106-6_9	18	16	2	0	scaffold_1	1110887	1160887
Aspergillus_fumigatus_AF106-6_9	26	20	6	0	scaffold_3	263765	313765
Aspergillus_fumigatus_AF106-6_9	17	16	1	0	scaffold_2	4348985	4398985
Aspergillus_fumigatus_AF106-6_9	14	14	0	0	scaffold_6	2619809	2669809
Aspergillus_fumigatus_AF106-6_9	10	9	1	0	scaffold_4	2130898	2180898
Aspergillus_fumigatus_AF106-6_9	13	12	1	0	scaffold_8	1180874	1230874
Aspergillus_fumigatus_AF106-6_9	18	17	1	0	scaffold_2	3531460	3581460
Aspergillus_fumigatus_AF106-6_9	22	20	2	0	scaffold_6	659172	709172
Aspergillus_fumigatus_AF106-6_9	17	16	1	0	scaffold_2	335848	385848
Aspergillus_fumigatus_AF106-6_9	3	3	0	0	scaffold_1	1874319	1924319
Aspergillus_fumigatus_AF106-6_9	24	20	4	0	scaffold_7	1370498	1420498
Aspergillus_fumigatus_AF106-6_9	20	19	1	0	scaffold_6	3004210	3054210
Aspergillus_fumigatus_AF106-6_9	20	20	0	0	scaffold_3	29048	79048
Aspergillus_fumigatus_AF106-6_9	17	16	1	0	scaffold_4	2829259	2879259
Aspergillus_fumigatus_AF106-6_9	18	15	3	0	scaffold_2	3653872	3703872
Aspergillus_fumigatus_AF106-6_9	22	22	0	0	scaffold_6	1314045	1364045
Aspergillus_fumigatus_AF106-6_9	16	15	0	1	scaffold_5	3633609	3683609
Aspergillus_fumigatus_AF106-6_9	15	13	2	0	scaffold_6	600759	650759
Aspergillus_fumigatus_AF106-6_9	21	20	1	0	scaffold_5	881730	931730
Aspergillus_fumigatus_AF106-6_9	23	21	2	0	scaffold_1	4672259	4722259
Aspergillus_fumigatus_AF106-6_9	15	12	3	0	scaffold_8	725320	775320
Aspergillus_fumigatus_AF106-6_9	18	17	1	0	scaffold_4	753486	803486
Aspergillus_fumigatus_AF106-6_9	17	16	1	0	scaffold_7	820507	870507
Aspergillus_fumigatus_AF106-6_9	20	18	2	0	scaffold_1	4740022	4790022
Aspergillus_fumigatus_AF106-6_9	22	21	1	0	scaffold_6	1852819	1902819
Aspergillus_fumigatus_AF106-6_9	17	16	1	0	scaffold_3	1343477	1393477
Aspergillus_fumigatus_AF106-6_9	18	17	1	0	scaffold_1	2724148	2774148
Aspergillus_fumigatus_AF106-6_9	16	15	1	0	scaffold_6	2969449	3019449
Aspergillus_fumigatus_AF106-6_9	23	22	1	0	scaffold_6	750317	800317
Aspergillus_fumigatus_AF106-6_9	16	13	3	0	scaffold_8	1310037	1360037
Aspergillus_fumigatus_AF106-6_9	18	17	1	0	scaffold_4	2196397	2246397
Aspergillus_fumigatus_AF106-6_9	12	8	4	0	scaffold_7	542424	592424
Aspergillus_fumigatus_AF106-6_9	17	17	0	0	scaffold_4	2011020	2061020
Aspergillus_fumigatus_AF106-6_9	17	15	2	0	scaffold_2	879245	929245
Aspergillus_fumigatus_AF106-6_9	17	16	1	0	scaffold_3	1273737	1323737
Aspergillus_fumigatus_AF106-6_9	17	15	2	0	scaffold_3	1946108	1996108
Aspergillus_fumigatus_AF106-6_9	21	18	3	0	scaffold_7	32376	82376
Aspergillus_fumigatus_AF106-6_9	19	17	2	0	scaffold_7	61643	111643
Aspergillus_fumigatus_AF106-6_9	23	18	5	0	scaffold_2	4238439	4288439
Aspergillus_fumigatus_AF106-6_9	21	18	3	0	scaffold_5	3445784	3495784
Aspergillus_fumigatus_AF106-6_9	18	15	3	0	scaffold_2	1946307	1996307
Aspergillus_fumigatus_AF106-6_9	19	18	1	0	scaffold_2	2137453	2187453
Aspergillus_fumigatus_AF106-6_9	24	23	1	0	scaffold_2	2720393	2770393
Aspergillus_fumigatus_AF106-6_9	18	14	4	0	scaffold_8	1022385	1072385
Aspergillus_fumigatus_AF106-6_9	17	15	2	0	scaffold_7	875923	925923
Aspergillus_fumigatus_AF106-6_9	18	17	1	0	scaffold_6	1705688	1755688
Aspergillus_fumigatus_AF106-6_9	20	18	2	0	scaffold_6	1916439	1966439
Aspergillus_fumigatus_AF106-6_9	21	19	2	0	scaffold_7	65952	115952
Aspergillus_fumigatus_AF106-6_9	22	20	2	0	scaffold_3	2211329	2261329
Aspergillus_fumigatus_AF106-6_9	15	15	0	0	scaffold_6	2773692	2823692
Aspergillus_fumigatus_AF106-6_9	19	17	2	0	scaffold_4	1359385	1409385
Aspergillus_fumigatus_AF106-6_9	15	13	2	0	scaffold_2	356489	406489
Aspergillus_fumigatus_AF106-6_9	19	16	3	0	scaffold_2	3655456	3705456
Aspergillus_fumigatus_AF106-6_9	23	22	1	0	scaffold_5	2526454	2576454
Aspergillus_fumigatus_AF106-6_9	17	17	0	0	scaffold_4	1428851	1478851
Aspergillus_fumigatus_AF106-6_9	17	17	0	0	scaffold_1	2632569	2682569
Aspergillus_fumigatus_AF106-6_9	17	17	0	0	scaffold_5	1450905	1500905
Aspergillus_fumigatus_AF106-6_9	22	21	1	0	scaffold_2	2477152	2527152
Aspergillus_fumigatus_AF106-6_9	24	21	3	0	scaffold_2	1426522	1476522
Aspergillus_fumigatus_AF106-6_9	20	16	4	0	scaffold_6	545423	595423
Aspergillus_fumigatus_AF106-6_9	21	21	0	0	scaffold_8	234326	284326
Aspergillus_fumigatus_AF106-6_9	22	19	3	0	scaffold_4	2665935	2715935
Aspergillus_fumigatus_AF106-6_9	17	0	17	0	scaffold_1	4418774	4468774
Aspergillus_fumigatus_AF106-6_9	13	13	0	0	scaffold_3	2835825	2885825
Aspergillus_fumigatus_AF106-6_9	17	16	1	0	scaffold_4	3066601	3116601
Aspergillus_fumigatus_AF106-6_9	22	20	2	0	scaffold_1	3374585	3424585
Aspergillus_fumigatus_AF106-6_9	16	15	1	0	scaffold_4	1940095	1990095
Aspergillus_fumigatus_AF106-6_9	16	16	0	0	scaffold_1	2574410	2624410
Aspergillus_fumigatus_AF106-6_9	19	16	3	0	scaffold_8	1076349	1126349
Aspergillus_fumigatus_AF106-6_9	22	19	3	0	scaffold_3	3451908	3501908
Aspergillus_fumigatus_AF106-6_9	18	14	4	0	scaffold_1	199344	249344
Aspergillus_fumigatus_AF106-6_9	18	15	3	0	scaffold_1	1227331	1277331
Aspergillus_fumigatus_AF106-6_9	10	9	1	0	scaffold_2	2200205	2250205
Aspergillus_fumigatus_AF106-6_9	19	18	1	0	scaffold_5	402150	452150
Aspergillus_fumigatus_AF106-6_9	21	20	1	0	scaffold_7	223444	273444
Aspergillus_fumigatus_AF106-6_9	18	16	2	0	scaffold_2	1699255	1749255
Aspergillus_fumigatus_AF106-6_9	14	13	1	0	scaffold_4	2991378	3041378
Aspergillus_fumigatus_AF106-6_9	11	10	1	0	scaffold_5	2293569	2343569
Aspergillus_fumigatus_AF106-6_9	19	17	2	0	scaffold_4	1053995	1103995
Aspergillus_fumigatus_AF106-6_9	23	22	1	0	scaffold_6	1610888	1660888
Aspergillus_fumigatus_AF106-6_9	23	21	2	0	scaffold_7	1648012	1698012
Aspergillus_fumigatus_AF106-6_9	15	13	2	0	scaffold_2	4009004	4059004
Aspergillus_fumigatus_AF106-6_9	18	18	0	0	scaffold_1	2637310	2687310
Aspergillus_fumigatus_AF106-6_9	20	19	1	0	scaffold_4	2623743	2673743
Aspergillus_fumigatus_AF106-6_9	23	19	4	0	scaffold_1	113082	163082
Aspergillus_fumigatus_AF106-6_9	16	16	0	0	scaffold_5	3386462	3436462
Aspergillus_fumigatus_AF106-6_9	22	22	0	0	scaffold_2	2263033	2313033
Aspergillus_fumigatus_AF106-6_9	23	21	2	0	scaffold_2	2075399	2125399
Aspergillus_fumigatus_AF106-6_9	23	17	6	0	scaffold_2	2620088	2670088
Aspergillus_fumigatus_AF106-6_9	20	19	1	0	scaffold_3	3781	53781
Aspergillus_fumigatus_AF106-6_9	15	14	1	0	scaffold_4	2708935	2758935
Aspergillus_fumigatus_AF106-6_9	20	19	1	0	scaffold_3	3767940	3817940
Aspergillus_fumigatus_AF106-6_9	12	12	0	0	scaffold_3	2991135	3041135
Aspergillus_fumigatus_AF106-6_9	16	14	2	0	scaffold_8	952084	1002084
Aspergillus_fumigatus_AF106-6_9	25	22	3	0	scaffold_8	1551298	1601298
Aspergillus_fumigatus_AF106-6_9	19	18	1	0	scaffold_7	1586415	1636415
Aspergillus_fumigatus_AF106-6_9	17	17	0	0	scaffold_3	1693179	1743179
Aspergillus_fumigatus_AF106-6_9	21	19	2	0	scaffold_5	1531669	1581669
Aspergillus_fumigatus_AF106-6_9	18	16	2	0	scaffold_4	351752	401752
Aspergillus_fumigatus_AF106-6_9	25	21	4	0	scaffold_4	3608010	3658010
Aspergillus_fumigatus_AF106-6_9	24	24	0	0	scaffold_3	1477451	1527451
Aspergillus_fumigatus_AF106-6_9	17	16	1	0	scaffold_4	904821	954821
Aspergillus_fumigatus_AF106-6_9	8	2	6	0	scaffold_5	2199338	2249338
Aspergillus_fumigatus_AF106-6_9	22	21	1	0	scaffold_3	2021783	2071783
Aspergillus_fumigatus_AF106-6_9	17	16	1	0	scaffold_2	2530132	2580132
Aspergillus_fumigatus_AF106-6_9	20	19	1	0	scaffold_5	895717	945717
Aspergillus_fumigatus_AF106-6_9	25	19	6	0	scaffold_3	251877	301877
Aspergillus_fumigatus_AF106-6_9	11	7	4	0	scaffold_3	1607676	1657676
Aspergillus_fumigatus_AF106-6_9	19	16	3	0	scaffold_3	785604	835604
Aspergillus_fumigatus_AF106-6_9	19	18	1	0	scaffold_2	3153898	3203898
Aspergillus_fumigatus_AF106-6_9	23	21	2	0	scaffold_8	459730	509730
Aspergillus_fumigatus_AF106-6_9	12	11	1	0	scaffold_1	1766159	1816159
Aspergillus_fumigatus_AF106-6_9	20	17	3	0	scaffold_6	70040	120040
Aspergillus_fumigatus_AF106-6_9	22	15	7	0	scaffold_3	3557385	3607385
Aspergillus_fumigatus_AF106-6_9	10	10	0	0	scaffold_1	1907207	1957207
Aspergillus_fumigatus_AF106-6_9	15	15	0	0	scaffold_5	2059023	2109023
Aspergillus_fumigatus_AF106-6_9	16	16	0	0	scaffold_5	984822	1034822
Aspergillus_fumigatus_AF106-6_9	22	20	2	0	scaffold_6	1645631	1695631
Aspergillus_fumigatus_AF106-6_9	14	12	2	0	scaffold_8	732631	782631
Aspergillus_fumigatus_AF106-6_9	18	18	0	0	scaffold_1	2646160	2696160
Aspergillus_fumigatus_AF106-6_9	17	11	6	0	scaffold_2	2587819	2637819
Aspergillus_fumigatus_AF106-6_9	22	22	0	0	scaffold_6	1830982	1880982
Aspergillus_fumigatus_AF106-6_9	12	12	0	0	scaffold_6	3438972	3488972
Aspergillus_fumigatus_AF106-6_9	2	2	0	0	scaffold_6	1088097	1138097
Aspergillus_fumigatus_AF106-6_9	12	12	0	0	scaffold_2	3855117	3905117
Aspergillus_fumigatus_AF106-6_9	20	17	3	0	scaffold_6	527857	577857
Aspergillus_fumigatus_AF106-6_9	15	11	4	0	scaffold_2	3993334	4043334
Aspergillus_fumigatus_AF106-6_9	26	22	4	0	scaffold_8	1541070	1591070
Aspergillus_fumigatus_AF106-6_9	17	16	1	0	scaffold_1	1182426	1232426
Aspergillus_fumigatus_AF106-6_9	18	17	1	0	scaffold_5	3117002	3167002
Aspergillus_fumigatus_AF106-6_9	22	20	2	0	scaffold_4	2638704	2688704
Aspergillus_fumigatus_AF106-6_9	13	11	2	0	scaffold_8	759738	809738
Aspergillus_fumigatus_AF106-6_9	15	14	0	1	scaffold_3	3318073	3368073
Aspergillus_fumigatus_AF106-6_9	19	15	4	0	scaffold_3	285352	335352
Aspergillus_fumigatus_AF106-6_9	25	24	1	0	scaffold_5	1551819	1601819
Aspergillus_fumigatus_AF106-6_9	22	20	2	0	scaffold_3	2123496	2173496
Aspergillus_fumigatus_AF106-6_9	24	21	3	0	scaffold_4	56148	106148
Aspergillus_fumigatus_AF106-6_9	16	16	0	0	scaffold_3	3309627	3359627
Aspergillus_fumigatus_AF106-6_9	23	20	3	0	scaffold_7	173952	223952
Aspergillus_fumigatus_AF106-6_9	20	20	0	0	scaffold_5	3555215	3605215
Aspergillus_fumigatus_AF106-6_9	26	21	5	0	scaffold_3	247078	297078
Aspergillus_fumigatus_AF106-6_9	1	1	0	0	scaffold_6	1092774	1142774
Aspergillus_fumigatus_AF106-6_9	23	20	3	0	scaffold_7	172848	222848
Aspergillus_fumigatus_AF106-6_9	16	15	1	0	scaffold_5	3412940	3462940
Aspergillus_fumigatus_AF106-6_9	24	22	2	0	scaffold_2	2120909	2170909
Aspergillus_fumigatus_AF106-6_9	21	20	1	0	scaffold_7	635584	685584
Aspergillus_fumigatus_AF106-6_9	20	19	1	0	scaffold_2	657042	707042
Aspergillus_fumigatus_AF106-6_9	19	19	0	0	scaffold_1	461591	511591
Aspergillus_fumigatus_AF106-6_9	24	19	5	0	scaffold_7	434545	484545
Aspergillus_fumigatus_AF106-6_9	20	18	2	0	scaffold_5	1127487	1177487
Aspergillus_fumigatus_AF106-6_9	20	19	1	0	scaffold_2	2272081	2322081
Aspergillus_fumigatus_AF106-6_9	19	16	3	0	scaffold_8	1482735	1532735
Aspergillus_fumigatus_AF106-6_9	16	16	0	0	scaffold_2	3824531	3874531
Aspergillus_fumigatus_AF106-6_9	5	5	0	0	scaffold_3	2439264	2489264
Aspergillus_fumigatus_AF106-6_9	18	16	2	0	scaffold_5	2465455	2515455
Aspergillus_fumigatus_AF106-6_9	0	0	0	0	scaffold_6	1111775	1161775
Aspergillus_fumigatus_AF106-6_9	19	17	2	0	scaffold_2	3950270	4000270
Aspergillus_fumigatus_AF106-6_9	21	18	3	0	scaffold_5	1132072	1182072
Aspergillus_fumigatus_AF106-6_9	3	3	0	0	scaffold_3	1155449	1205449
Aspergillus_fumigatus_AF106-6_9	21	18	3	0	scaffold_5	1130907	1180907
Aspergillus_fumigatus_AF106-6_9	20	19	1	0	scaffold_2	655938	705938
Aspergillus_fumigatus_AF106-6_9	18	17	1	0	scaffold_3	1785672	1835672
Aspergillus_fumigatus_AF106-6_9	21	20	1	0	scaffold_2	2004948	2054948
Aspergillus_fumigatus_AF106-6_9	17	16	1	0	scaffold_8	932531	982531
Aspergillus_fumigatus_AF106-6_9	17	2	15	0	scaffold_3	651815	701815
Aspergillus_fumigatus_AF106-6_9	21	18	3	0	scaffold_5	727736	777736
Aspergillus_fumigatus_AF106-6_9	20	18	2	0	scaffold_4	336533	386533
Aspergillus_fumigatus_AF106-6_9	15	14	1	0	scaffold_6	1369491	1419491
Aspergillus_fumigatus_AF106-6_9	12	10	2	0	scaffold_2	3326456	3376456
Aspergillus_fumigatus_AF106-6_9	23	19	4	0	scaffold_2	3448320	3498320
Aspergillus_fumigatus_AF106-6_9	21	19	2	0	scaffold_8	1071213	1121213
Aspergillus_fumigatus_AF106-6_9	24	20	4	0	scaffold_1	117825	167825
Aspergillus_fumigatus_AF106-6_9	16	15	1	0	scaffold_6	1996816	2046816
Aspergillus_fumigatus_AF106-6_9	19	18	1	0	scaffold_1	1383258	1433258
Aspergillus_fumigatus_AF106-6_9	23	23	0	0	scaffold_5	2554386	2604386
Aspergillus_fumigatus_AF106-6_9	17	16	1	0	scaffold_7	820450	870450
Aspergillus_fumigatus_AF106-6_9	18	16	2	0	scaffold_1	1038848	1088848
Aspergillus_fumigatus_AF106-6_9	16	16	0	0	scaffold_6	2772689	2822689
Aspergillus_fumigatus_AF106-6_9	15	14	1	0	scaffold_5	3332701	3382701
Aspergillus_fumigatus_AF106-6_9	17	16	0	1	scaffold_4	2039151	2089151
Aspergillus_fumigatus_AF106-6_9	16	16	0	0	scaffold_5	1778665	1828665
Aspergillus_fumigatus_AF106-6_9	17	15	2	0	scaffold_1	2818006	2868006
Aspergillus_fumigatus_AF106-6_9	25	23	2	0	scaffold_2	2120196	2170196
Aspergillus_fumigatus_AF106-6_9	11	9	2	0	scaffold_1	1151296	1201296
Aspergillus_fumigatus_AF106-6_9	13	13	0	0	scaffold_3	1296531	1346531
Aspergillus_fumigatus_AF106-6_9	16	16	0	0	scaffold_3	1718049	1768049
Aspergillus_fumigatus_AF106-6_9	18	15	3	0	scaffold_5	1118192	1168192
Aspergillus_fumigatus_AF106-6_9	30	28	2	0	scaffold_2	41676	91676
Aspergillus_fumigatus_AF106-6_9	8	8	0	0	scaffold_3	2450336	2500336
Aspergillus_fumigatus_AF106-6_9	22	22	0	0	scaffold_6	1315063	1365063
Aspergillus_fumigatus_AF106-6_9	15	15	0	0	scaffold_7	1553554	1603554
Aspergillus_fumigatus_AF106-6_9	20	18	2	0	scaffold_6	1446071	1496071
Aspergillus_fumigatus_AF106-6_9	17	15	2	0	scaffold_4	2333984	2383984
Aspergillus_fumigatus_AF106-6_9	22	22	0	0	scaffold_1	3773849	3823849
Aspergillus_fumigatus_AF106-6_9	20	19	1	0	scaffold_6	3003450	3053450
Aspergillus_fumigatus_AF106-6_9	24	23	1	0	scaffold_4	3479621	3529621
Aspergillus_fumigatus_AF106-6_9	11	11	0	0	scaffold_6	711034	761034
Aspergillus_fumigatus_AF106-6_9	17	13	4	0	scaffold_5	205194	255194
Aspergillus_fumigatus_AF106-6_9	28	25	3	0	scaffold_2	4086487	4136487
Aspergillus_fumigatus_AF106-6_9	18	17	1	0	scaffold_3	3073703	3123703
Aspergillus_fumigatus_AF106-6_9	19	17	2	0	scaffold_1	902399	952399
Aspergillus_fumigatus_AF106-6_9	17	16	1	0	scaffold_6	2527020	2577020
Aspergillus_fumigatus_AF106-6_9	18	16	2	0	scaffold_6	2657014	2707014
Aspergillus_fumigatus_AF106-6_9	20	20	0	0	scaffold_2	2393842	2443842
Aspergillus_fumigatus_AF106-6_9	13	0	13	0	scaffold_1	4360952	4410952
Aspergillus_fumigatus_AF106-6_9	17	17	0	0	scaffold_6	1223883	1273883
Aspergillus_fumigatus_AF106-6_9	22	21	1	0	scaffold_4	3744719	3794719
Aspergillus_fumigatus_AF106-6_9	21	21	0	0	scaffold_5	3576186	3626186
Aspergillus_fumigatus_AF106-6_9	19	18	1	0	scaffold_7	1585716	1635716
Aspergillus_fumigatus_AF106-6_9	19	18	1	0	scaffold_4	1562220	1612220
Aspergillus_fumigatus_AF106-6_9	2	2	0	0	scaffold_2	1898405	1948405
Aspergillus_fumigatus_AF106-6_9	17	16	1	0	scaffold_1	2750669	2800669
Aspergillus_fumigatus_AF106-6_9	16	15	1	0	scaffold_3	3098845	3148845
Aspergillus_fumigatus_AF106-6_9	18	18	0	0	scaffold_4	3096375	3146375
Aspergillus_fumigatus_AF106-6_9	21	14	7	0	scaffold_2	2600948	2650948
Aspergillus_fumigatus_AF106-6_9	18	17	1	0	scaffold_6	2328502	2378502
Aspergillus_fumigatus_AF106-6_9	20	19	1	0	scaffold_3	82800	132800
Aspergillus_fumigatus_AF106-6_9	20	18	2	0	scaffold_8	1597614	1647614
Aspergillus_fumigatus_AF106-6_9	19	19	0	0	scaffold_1	2640627	2690627
Aspergillus_fumigatus_AF106-6_9	17	16	1	0	scaffold_7	910408	960408
Aspergillus_fumigatus_AF106-6_9	13	1	12	0	scaffold_5	2183997	2233997
Aspergillus_fumigatus_AF106-6_9	19	17	2	0	scaffold_6	2006528	2056528
Aspergillus_fumigatus_AF106-6_9	19	19	0	0	scaffold_2	2404789	2454789
Aspergillus_fumigatus_AF106-6_9	21	21	0	0	scaffold_3	2010414	2060414
Aspergillus_fumigatus_AF106-6_9	18	17	1	0	scaffold_4	2206546	2256546
Aspergillus_fumigatus_AF106-6_9	24	22	2	0	scaffold_2	403041	453041
Aspergillus_fumigatus_AF106-6_9	17	11	6	0	scaffold_5	2845410	2895410
Aspergillus_fumigatus_AF106-6_9	17	16	1	0	scaffold_6	2789512	2839512
Aspergillus_fumigatus_AF106-6_9	18	17	1	0	scaffold_2	3881988	3931988
Aspergillus_fumigatus_AF106-6_9	23	20	3	0	scaffold_2	417681	467681
Aspergillus_fumigatus_AF106-6_9	18	17	1	0	scaffold_6	3151281	3201281
Aspergillus_fumigatus_AF106-6_9	21	18	3	0	scaffold_6	200145	250145
Aspergillus_fumigatus_AF106-6_9	18	16	2	0	scaffold_3	220798	270798
Aspergillus_fumigatus_AF106-6_9	16	16	0	0	scaffold_3	1720497	1770497
Aspergillus_fumigatus_AF106-6_9	20	17	3	0	scaffold_6	1548925	1598925
Aspergillus_fumigatus_AF106-6_9	23	20	3	0	scaffold_3	483522	533522
Aspergillus_fumigatus_AF106-6_9	16	7	9	0	scaffold_3	3386530	3436530
Aspergillus_fumigatus_AF106-6_9	22	21	1	0	scaffold_3	862166	912166
Aspergillus_fumigatus_AF106-6_9	11	10	1	0	scaffold_1	1799252	1849252
Aspergillus_fumigatus_AF106-6_9	20	18	2	0	scaffold_3	3201071	3251071
Aspergillus_fumigatus_AF106-6_9	23	22	1	0	scaffold_6	1207913	1257913
Aspergillus_fumigatus_AF106-6_9	19	17	2	0	scaffold_4	2920554	2970554
Aspergillus_fumigatus_AF106-6_9	17	14	3	0	scaffold_8	307283	357283
Aspergillus_fumigatus_AF106-6_9	17	16	1	0	scaffold_8	413427	463427
Aspergillus_fumigatus_AF106-6_9	19	17	2	0	scaffold_1	3474315	3524315
Aspergillus_fumigatus_AF106-6_9	18	17	1	0	scaffold_3	3076570	3126570
Aspergillus_fumigatus_AF106-6_9	23	20	3	0	scaffold_3	468384	518384
Aspergillus_fumigatus_AF106-6_9	22	19	3	0	scaffold_4	2667609	2717609
Aspergillus_fumigatus_AF106-6_9	22	20	2	0	scaffold_5	2380609	2430609
Aspergillus_fumigatus_AF106-6_9	16	14	2	0	scaffold_2	4409803	4459803
Aspergillus_fumigatus_AF106-6_9	22	20	2	0	scaffold_1	2996408	3046408
Aspergillus_fumigatus_AF106-6_9	27	25	2	0	scaffold_3	3910683	3960683
Aspergillus_fumigatus_AF106-6_9	18	17	1	0	scaffold_2	1652694	1702694
Aspergillus_fumigatus_AF106-6_9	19	18	1	0	scaffold_5	2711579	2761579
Aspergillus_fumigatus_AF106-6_9	19	18	1	0	scaffold_2	949192	999192
Aspergillus_fumigatus_AF106-6_9	17	16	0	1	scaffold_1	3712798	3762798
Aspergillus_fumigatus_AF106-6_9	21	19	2	0	scaffold_8	464523	514523
Aspergillus_fumigatus_AF106-6_9	17	17	0	0	scaffold_3	1376408	1426408
Aspergillus_fumigatus_AF106-6_9	13	13	0	0	scaffold_4	3206730	3256730
Aspergillus_fumigatus_AF106-6_9	16	13	3	0	scaffold_3	757604	807604
Aspergillus_fumigatus_AF106-6_9	19	1	18	0	scaffold_5	2155064	2205064
Aspergillus_fumigatus_AF106-6_9	20	19	1	0	scaffold_6	2440090	2490090
Aspergillus_fumigatus_AF106-6_9	19	18	1	0	scaffold_2	1216566	1266566
Aspergillus_fumigatus_AF106-6_9	13	12	1	0	scaffold_8	532694	582694
Aspergillus_fumigatus_AF106-6_9	15	15	0	0	scaffold_1	1334382	1384382
Aspergillus_fumigatus_AF106-6_9	22	19	3	0	scaffold_5	105413	155413
Aspergillus_fumigatus_AF106-6_9	16	15	1	0	scaffold_3	1258664	1308664
Aspergillus_fumigatus_AF106-6_9	15	9	6	0	scaffold_4	3794464	3844464
Aspergillus_fumigatus_AF106-6_9	14	12	2	0	scaffold_3	2308221	2358221
Aspergillus_fumigatus_AF106-6_9	23	22	1	0	scaffold_4	286112	336112
Aspergillus_fumigatus_AF106-6_9	19	18	1	0	scaffold_1	39870	89870
Aspergillus_fumigatus_AF106-6_9	23	20	3	0	scaffold_4	2524194	2574194
Aspergillus_fumigatus_AF106-6_9	18	17	1	0	scaffold_1	1641489	1691489
Aspergillus_fumigatus_AF106-6_9	20	19	1	0	scaffold_8	146255	196255
Aspergillus_fumigatus_AF106-6_9	18	18	0	0	scaffold_5	1765622	1815622
Aspergillus_fumigatus_AF106-6_9	16	15	1	0	scaffold_4	768292	818292
Aspergillus_fumigatus_AF106-6_9	20	17	3	0	scaffold_1	4725852	4775852
Aspergillus_fumigatus_AF106-6_9	21	17	4	0	scaffold_8	1497869	1547869
Aspergillus_fumigatus_AF106-6_9	14	14	0	0	scaffold_3	2833908	2883908
Aspergillus_fumigatus_AF106-6_9	20	19	1	0	scaffold_6	2810628	2860628
Aspergillus_fumigatus_AF106-6_9	17	17	0	0	scaffold_1	3660532	3710532
Aspergillus_fumigatus_AF106-6_9	22	20	2	0	scaffold_7	1360683	1410683
Aspergillus_fumigatus_AF106-6_9	19	14	5	0	scaffold_1	4172349	4222349
Aspergillus_fumigatus_AF106-6_9	22	19	3	0	scaffold_6	203058	253058
Aspergillus_fumigatus_AF106-6_9	19	17	2	0	scaffold_6	2219142	2269142
Aspergillus_fumigatus_AF106-6_9	17	16	1	0	scaffold_8	937907	987907
Aspergillus_fumigatus_AF106-6_9	20	14	6	0	scaffold_6	2186843	2236843
Aspergillus_fumigatus_AF106-6_9	23	20	3	0	scaffold_3	3453086	3503086
Aspergillus_fumigatus_AF106-6_9	9	6	3	0	scaffold_5	2213405	2263405
Aspergillus_fumigatus_AF106-6_9	16	14	2	0	scaffold_5	1868608	1918608
Aspergillus_fumigatus_AF106-6_9	24	24	0	0	scaffold_4	986610	1036610
Aspergillus_fumigatus_AF106-6_9	22	20	2	0	scaffold_2	2739582	2789582
Aspergillus_fumigatus_AF106-6_9	16	14	2	0	scaffold_3	3225742	3275742
Aspergillus_fumigatus_AF106-6_9	17	17	0	0	scaffold_4	724951	774951
Aspergillus_fumigatus_AF106-6_9	23	22	1	0	scaffold_1	496030	546030
Aspergillus_fumigatus_AF106-6_9	13	13	0	0	scaffold_4	1891365	1941365
Aspergillus_fumigatus_AF106-6_9	19	17	2	0	scaffold_2	1639543	1689543
Aspergillus_fumigatus_AF106-6_9	14	13	1	0	scaffold_8	1261721	1311721
Aspergillus_fumigatus_AF106-6_9	24	23	1	0	scaffold_4	294459	344459
Aspergillus_fumigatus_AF106-6_9	0	0	0	0	scaffold_5	1252617	1302617
Aspergillus_fumigatus_AF106-6_9	19	17	2	0	scaffold_1	2623690	2673690
Aspergillus_fumigatus_AF106-6_9	21	20	1	0	scaffold_3	2113585	2163585
Aspergillus_fumigatus_AF106-6_9	20	16	4	0	scaffold_7	1478090	1528090
Aspergillus_fumigatus_AF106-6_9	18	18	0	0	scaffold_4	3076875	3126875
Aspergillus_fumigatus_AF106-6_9	22	22	0	0	scaffold_6	3565006	3615006
Aspergillus_fumigatus_AF106-6_9	15	15	0	0	scaffold_1	2572496	2622496
Aspergillus_fumigatus_AF106-6_9	14	14	0	0	scaffold_3	1295307	1345307
Aspergillus_fumigatus_AF106-6_9	14	12	2	0	scaffold_8	718005	768005
Aspergillus_fumigatus_AF106-6_9	1	1	0	0	scaffold_2	1875163	1925163
Aspergillus_fumigatus_AF106-6_9	18	17	1	0	scaffold_2	966580	1016580
Aspergillus_fumigatus_AF106-6_9	16	12	4	0	scaffold_1	1706286	1756286
Aspergillus_fumigatus_AF106-6_9	12	12	0	0	scaffold_6	1262854	1312854
Aspergillus_fumigatus_AF106-6_9	18	16	2	0	scaffold_2	3664831	3714831
Aspergillus_fumigatus_AF106-6_9	9	8	1	0	scaffold_4	1107081	1157081
Aspergillus_fumigatus_AF106-6_9	26	23	3	0	scaffold_1	136484	186484
Aspergillus_fumigatus_AF106-6_9	19	18	1	0	scaffold_6	2998269	3048269
Aspergillus_fumigatus_AF106-6_9	15	14	1	0	scaffold_5	3342010	3392010
Aspergillus_fumigatus_AF106-6_9	2	2	0	0	scaffold_3	1159852	1209852
Aspergillus_fumigatus_AF106-6_9	20	20	0	0	scaffold_8	1355760	1405760
Aspergillus_fumigatus_AF106-6_9	19	18	0	1	scaffold_4	2044624	2094624
Aspergillus_fumigatus_AF106-6_9	11	10	1	0	scaffold_6	3288367	3338367
Aspergillus_fumigatus_AF106-6_9	14	14	0	0	scaffold_2	733034	783034
Aspergillus_fumigatus_AF106-6_9	19	16	3	0	scaffold_1	2959965	3009965
Aspergillus_fumigatus_AF106-6_9	20	19	1	0	scaffold_7	955897	1005897
Aspergillus_fumigatus_AF106-6_9	18	11	7	0	scaffold_1	4548091	4598091
Aspergillus_fumigatus_AF106-6_9	25	0	25	0	scaffold_1	4478634	4528634
Aspergillus_fumigatus_AF106-6_9	18	18	0	0	scaffold_6	1025907	1075907
Aspergillus_fumigatus_AF106-6_9	22	21	1	0	scaffold_4	3579000	3629000
Aspergillus_fumigatus_AF106-6_9	22	20	2	0	scaffold_5	2566543	2616543
Aspergillus_fumigatus_AF106-6_9	20	18	2	0	scaffold_1	339930	389930
Aspergillus_fumigatus_AF106-6_9	13	13	0	0	scaffold_3	3979524	4029524
Aspergillus_fumigatus_AF106-6_9	17	16	1	0	scaffold_3	1273652	1323652
Aspergillus_fumigatus_AF106-6_9	22	20	2	0	scaffold_6	22834	72834
Aspergillus_fumigatus_AF106-6_9	20	20	0	0	scaffold_4	2251612	2301612
Aspergillus_fumigatus_AF106-6_9	20	17	3	0	scaffold_2	2635234	2685234
Aspergillus_fumigatus_AF106-6_9	19	19	0	0	scaffold_2	1778878	1828878
Aspergillus_fumigatus_AF106-6_9	18	15	3	0	scaffold_2	3650017	3700017
Aspergillus_fumigatus_AF106-6_9	20	19	1	0	scaffold_1	2285570	2335570
Aspergillus_fumigatus_AF106-6_9	13	13	0	0	scaffold_6	2079523	2129523
Aspergillus_fumigatus_AF106-6_9	18	15	3	0	scaffold_3	836521	886521
Aspergillus_fumigatus_AF106-6_9	15	13	2	0	scaffold_5	813010	863010
Aspergillus_fumigatus_AF106-6_9	18	17	1	0	scaffold_2	4350178	4400178
Aspergillus_fumigatus_AF106-6_9	19	16	3	0	scaffold_2	185179	235179
Aspergillus_fumigatus_AF106-6_9	20	19	1	0	scaffold_5	523007	573007
Aspergillus_fumigatus_AF106-6_9	18	18	0	0	scaffold_3	2001693	2051693
Aspergillus_fumigatus_AF106-6_9	13	13	0	0	scaffold_5	1827474	1877474
Aspergillus_fumigatus_AF106-6_9	20	19	1	0	scaffold_7	944253	994253
Aspergillus_fumigatus_AF106-6_9	20	20	0	0	scaffold_7	1196738	1246738
Aspergillus_fumigatus_AF106-6_9	19	15	4	0	scaffold_4	3780320	3830320
Aspergillus_fumigatus_AF106-6_9	18	17	1	0	scaffold_1	2744301	2794301
Aspergillus_fumigatus_AF106-6_9	17	17	0	0	scaffold_2	329523	379523
Aspergillus_fumigatus_AF106-6_9	24	20	4	0	scaffold_5	2503149	2553149
Aspergillus_fumigatus_AF106-6_9	21	18	3	0	scaffold_8	1469240	1519240
Aspergillus_fumigatus_AF106-6_9	21	17	4	0	scaffold_6	3323148	3373148
Aspergillus_fumigatus_AF106-6_9	20	18	2	0	scaffold_3	1886167	1936167
Aspergillus_fumigatus_AF106-6_9	21	21	0	0	scaffold_5	3575393	3625393
Aspergillus_fumigatus_AF106-6_9	15	13	2	0	scaffold_8	1336152	1386152
Aspergillus_fumigatus_AF106-6_9	13	12	1	0	scaffold_2	3861768	3911768
Aspergillus_fumigatus_AF106-6_9	18	17	1	0	scaffold_4	2900975	2950975
Aspergillus_fumigatus_AF106-6_9	15	11	4	0	scaffold_3	776949	826949
Aspergillus_fumigatus_AF106-6_9	15	15	0	0	scaffold_3	1077185	1127185
Aspergillus_fumigatus_AF106-6_9	19	17	2	0	scaffold_4	3449483	3499483
Aspergillus_fumigatus_AF106-6_9	19	17	2	0	scaffold_2	2771697	2821697
Aspergillus_fumigatus_AF106-6_9	23	21	2	0	scaffold_3	366220	416220
Aspergillus_fumigatus_AF106-6_9	22	19	3	0	scaffold_1	3810916	3860916
Aspergillus_fumigatus_AF106-6_9	16	14	2	0	scaffold_2	3355726	3405726
Aspergillus_fumigatus_AF106-6_9	7	5	2	0	scaffold_2	4496894	4546894
Aspergillus_fumigatus_AF106-6_9	19	18	1	0	scaffold_2	3103367	3153367
Aspergillus_fumigatus_AF106-6_9	28	25	3	0	scaffold_2	4084351	4134351
Aspergillus_fumigatus_AF106-6_9	25	23	2	0	scaffold_7	1448529	1498529
Aspergillus_fumigatus_AF106-6_9	19	16	3	0	scaffold_7	1139063	1189063
Aspergillus_fumigatus_AF106-6_9	20	18	2	0	scaffold_2	1965048	2015048
Aspergillus_fumigatus_AF106-6_9	12	10	2	0	scaffold_5	265120	315120
Aspergillus_fumigatus_AF106-6_9	20	19	1	0	scaffold_5	3017993	3067993
Aspergillus_fumigatus_AF106-6_9	21	21	0	0	scaffold_5	3580339	3630339
Aspergillus_fumigatus_AF106-6_9	16	13	3	0	scaffold_1	1611940	1661940
Aspergillus_fumigatus_AF106-6_9	19	17	2	0	scaffold_6	2122708	2172708
Aspergillus_fumigatus_AF106-6_9	10	6	4	0	scaffold_5	3732498	3782498
Aspergillus_fumigatus_AF106-6_9	21	18	3	0	scaffold_4	2659255	2709255
Aspergillus_fumigatus_AF106-6_9	17	15	2	0	scaffold_1	1478664	1528664
Aspergillus_fumigatus_AF106-6_9	19	14	5	0	scaffold_2	4223262	4273262
Aspergillus_fumigatus_AF106-6_9	17	17	0	0	scaffold_2	757695	807695
Aspergillus_fumigatus_AF106-6_9	20	20	0	0	scaffold_2	1547375	1597375
Aspergillus_fumigatus_AF106-6_9	20	16	4	0	scaffold_6	3220197	3270197
Aspergillus_fumigatus_AF106-6_9	22	21	1	0	scaffold_2	2857889	2907889
Aspergillus_fumigatus_AF106-6_9	17	15	1	1	scaffold_5	3187115	3237115
Aspergillus_fumigatus_AF106-6_9	19	0	19	0	scaffold_1	4337723	4387723
Aspergillus_fumigatus_AF106-6_9	15	14	1	0	scaffold_5	1746075	1796075
Aspergillus_fumigatus_AF106-6_9	12	10	2	0	scaffold_5	263846	313846
Aspergillus_fumigatus_AF106-6_9	20	18	2	0	scaffold_5	3509039	3559039
Aspergillus_fumigatus_AF106-6_9	20	19	1	0	scaffold_8	1405506	1455506
Aspergillus_fumigatus_AF106-6_9	23	23	0	0	scaffold_6	2863580	2913580
Aspergillus_fumigatus_AF106-6_9	19	19	0	0	scaffold_8	64301	114301
Aspergillus_fumigatus_AF106-6_9	22	20	2	0	scaffold_2	542040	592040
Aspergillus_fumigatus_AF106-6_9	19	18	0	1	scaffold_1	3688972	3738972
Aspergillus_fumigatus_AF106-6_9	12	12	0	0	scaffold_1	704222	754222
Aspergillus_fumigatus_AF106-6_9	20	19	1	0	scaffold_1	216931	266931
Aspergillus_fumigatus_AF106-6_9	21	19	2	0	scaffold_4	3661967	3711967
Aspergillus_fumigatus_AF106-6_9	22	22	0	0	scaffold_5	625212	675212
Aspergillus_fumigatus_AF106-6_9	13	2	11	0	scaffold_5	2131771	2181771
Aspergillus_fumigatus_AF106-6_9	19	15	4	0	scaffold_3	970798	1020798
Aspergillus_fumigatus_AF106-6_9	20	16	4	0	scaffold_4	14292	64292
Aspergillus_fumigatus_AF106-6_9	12	12	0	0	scaffold_6	1412762	1462762
Aspergillus_fumigatus_AF106-6_9	19	14	5	0	scaffold_1	4167357	4217357
Aspergillus_fumigatus_AF106-6_9	15	15	0	0	scaffold_1	3587459	3637459
Aspergillus_fumigatus_AF106-6_9	19	15	4	0	scaffold_2	4216539	4266539
Aspergillus_fumigatus_AF106-6_9	15	14	1	0	scaffold_4	1457526	1507526
Aspergillus_fumigatus_AF106-6_9	19	18	1	0	scaffold_6	1476721	1526721
Aspergillus_fumigatus_AF106-6_9	19	18	1	0	scaffold_3	2788768	2838768
Aspergillus_fumigatus_AF106-6_9	11	11	0	0	scaffold_1	1496257	1546257
Aspergillus_fumigatus_AF106-6_9	11	11	0	0	scaffold_3	2985912	3035912
Aspergillus_fumigatus_AF106-6_9	15	12	3	0	scaffold_2	1138732	1188732
Aspergillus_fumigatus_AF106-6_9	21	19	2	0	scaffold_1	342201	392201
Aspergillus_fumigatus_AF106-6_9	13	12	1	0	scaffold_5	1717824	1767824
Aspergillus_fumigatus_AF106-6_9	18	15	3	0	scaffold_1	3167460	3217460
Aspergillus_fumigatus_AF106-6_9	24	20	4	0	scaffold_3	397244	447244
Aspergillus_fumigatus_AF106-6_9	23	23	0	0	scaffold_6	1775521	1825521
Aspergillus_fumigatus_AF106-6_9	14	11	3	0	scaffold_3	704196	754196
Aspergillus_fumigatus_AF106-6_9	21	19	2	0	scaffold_6	1655853	1705853
Aspergillus_fumigatus_AF106-6_9	24	22	2	0	scaffold_2	1977351	2027351
Aspergillus_fumigatus_AF106-6_9	19	17	2	0	scaffold_1	860871	910871
Aspergillus_fumigatus_AF106-6_9	19	18	1	0	scaffold_3	1777497	1827497
Aspergillus_fumigatus_AF106-6_9	15	15	0	0	scaffold_3	2825255	2875255
Aspergillus_fumigatus_AF106-6_9	16	15	1	0	scaffold_5	2735026	2785026
Aspergillus_fumigatus_AF106-6_9	16	14	2	0	scaffold_8	962833	1012833
Aspergillus_fumigatus_AF106-6_9	3	3	0	0	scaffold_2	1900741	1950741
Aspergillus_fumigatus_AF106-6_9	16	15	1	0	scaffold_6	894471	944471
Aspergillus_fumigatus_AF106-6_9	24	22	2	0	scaffold_8	1559578	1609578
Aspergillus_fumigatus_AF106-6_9	19	18	1	0	scaffold_6	1938106	1988106
Aspergillus_fumigatus_AF106-6_9	12	11	1	0	scaffold_1	1827715	1877715
Aspergillus_fumigatus_AF106-6_9	19	18	1	0	scaffold_6	2423117	2473117
Aspergillus_fumigatus_AF106-6_9	18	16	2	0	scaffold_1	906899	956899
Aspergillus_fumigatus_AF106-6_9	16	15	1	0	scaffold_7	664083	714083
Aspergillus_fumigatus_AF106-6_9	9	9	0	0	scaffold_8	1176660	1226660
Aspergillus_fumigatus_AF106-6_9	19	18	1	0	scaffold_2	1800935	1850935
Aspergillus_fumigatus_AF106-6_9	19	17	2	0	scaffold_6	1929552	1979552
Aspergillus_fumigatus_AF106-6_9	12	12	0	0	scaffold_6	2599544	2649544
Aspergillus_fumigatus_AF106-6_9	23	17	6	0	scaffold_1	161085	211085
Aspergillus_fumigatus_AF106-6_9	14	13	1	0	scaffold_4	461399	511399
Aspergillus_fumigatus_AF106-6_9	23	22	1	0	scaffold_8	1431599	1481599
Aspergillus_fumigatus_AF106-6_9	23	20	3	0	scaffold_5	1008628	1058628
Aspergillus_fumigatus_AF106-6_9	20	19	1	0	scaffold_7	1597281	1647281
Aspergillus_fumigatus_AF106-6_9	19	18	0	1	scaffold_5	3216647	3266647
Aspergillus_fumigatus_AF106-6_9	16	16	0	0	scaffold_4	553092	603092
Aspergillus_fumigatus_AF106-6_9	19	17	2	0	scaffold_2	1101885	1151885
Aspergillus_fumigatus_AF106-6_9	19	19	0	0	scaffold_6	1007116	1057116
Aspergillus_fumigatus_AF106-6_9	16	14	2	0	scaffold_3	3144105	3194105
Aspergillus_fumigatus_AF106-6_9	9	9	0	0	scaffold_6	693063	743063
Aspergillus_fumigatus_AF106-6_9	20	17	3	0	scaffold_3	802914	852914
Aspergillus_fumigatus_AF106-6_9	18	18	0	0	scaffold_3	157037	207037
Aspergillus_fumigatus_AF106-6_9	21	20	1	0	scaffold_3	2070451	2120451
Aspergillus_fumigatus_AF106-6_9	22	20	2	0	scaffold_2	2097266	2147266
Aspergillus_fumigatus_AF106-6_9	16	15	1	0	scaffold_6	894121	944121
Aspergillus_fumigatus_AF106-6_9	13	12	1	0	scaffold_4	2798808	2848808
Aspergillus_fumigatus_AF106-6_9	8	7	1	0	scaffold_2	2193982	2243982
Aspergillus_fumigatus_AF106-6_9	18	18	0	0	scaffold_2	242241	292241
Aspergillus_fumigatus_AF106-6_9	17	10	7	0	scaffold_5	240244	290244
Aspergillus_fumigatus_AF106-6_9	18	17	1	0	scaffold_6	2984938	3034938
Aspergillus_fumigatus_AF106-6_9	23	22	1	0	scaffold_1	303745	353745
Aspergillus_fumigatus_AF106-6_9	17	15	2	0	scaffold_2	4442235	4492235
Aspergillus_fumigatus_AF106-6_9	23	20	3	0	scaffold_4	1244516	1294516
