STRAIN	TOTAL	CORE	ACCESSORY	SINGLETON	CHROM	START	END
Aspergillus_fumigatus_CM3262	17	17	0	0	scaffold_1	703246	753246
Aspergillus_fumigatus_CM3262	2	1	1	0	scaffold_7	1880917	1930917
Aspergillus_fumigatus_CM3262	24	18	6	0	scaffold_6	285800	335800
Aspergillus_fumigatus_CM3262	23	22	1	0	scaffold_1	3750223	3800223
Aspergillus_fumigatus_CM3262	16	13	3	0	scaffold_4	3471108	3521108
Aspergillus_fumigatus_CM3262	18	17	1	0	scaffold_5	846804	896804
Aspergillus_fumigatus_CM3262	23	3	20	0	scaffold_7	269102	319102
Aspergillus_fumigatus_CM3262	18	16	2	0	scaffold_6	2225259	2275259
Aspergillus_fumigatus_CM3262	19	18	1	0	scaffold_6	1354663	1404663
Aspergillus_fumigatus_CM3262	12	10	2	0	scaffold_5	1452751	1502751
Aspergillus_fumigatus_CM3262	19	19	0	0	scaffold_8	68389	118389
Aspergillus_fumigatus_CM3262	17	15	2	0	scaffold_2	3405076	3455076
Aspergillus_fumigatus_CM3262	19	17	2	0	scaffold_7	1271084	1321084
Aspergillus_fumigatus_CM3262	16	16	0	0	scaffold_2	874115	924115
Aspergillus_fumigatus_CM3262	21	20	1	0	scaffold_1	2260915	2310915
Aspergillus_fumigatus_CM3262	17	17	0	0	scaffold_1	700674	750674
Aspergillus_fumigatus_CM3262	22	21	1	0	scaffold_6	2900516	2950516
Aspergillus_fumigatus_CM3262	22	22	0	0	scaffold_4	1363872	1413872
Aspergillus_fumigatus_CM3262	16	16	0	0	scaffold_3	645927	695927
Aspergillus_fumigatus_CM3262	21	15	6	0	scaffold_4	545830	595830
Aspergillus_fumigatus_CM3262	14	13	1	0	scaffold_8	1395935	1445935
Aspergillus_fumigatus_CM3262	11	4	7	0	scaffold_7	2093662	2143662
Aspergillus_fumigatus_CM3262	21	21	0	0	scaffold_6	1836971	1886971
Aspergillus_fumigatus_CM3262	22	20	2	0	scaffold_2	3655371	3705371
Aspergillus_fumigatus_CM3262	18	16	2	0	scaffold_6	1906731	1956731
Aspergillus_fumigatus_CM3262	15	14	1	0	scaffold_4	1170615	1220615
Aspergillus_fumigatus_CM3262	14	14	0	0	scaffold_1	2706466	2756466
Aspergillus_fumigatus_CM3262	18	15	3	0	scaffold_5	1851152	1901152
Aspergillus_fumigatus_CM3262	20	20	0	0	scaffold_2	4012186	4062186
Aspergillus_fumigatus_CM3262	11	4	7	0	scaffold_3	50105	100105
Aspergillus_fumigatus_CM3262	14	14	0	0	scaffold_7	693340	743340
Aspergillus_fumigatus_CM3262	20	18	2	0	scaffold_8	344480	394480
Aspergillus_fumigatus_CM3262	15	14	1	0	scaffold_1	3357104	3407104
Aspergillus_fumigatus_CM3262	19	15	4	0	scaffold_3	3786886	3836886
Aspergillus_fumigatus_CM3262	23	19	4	0	scaffold_4	2459077	2509077
Aspergillus_fumigatus_CM3262	18	18	0	0	scaffold_2	1774636	1824636
Aspergillus_fumigatus_CM3262	5	1	4	0	scaffold_2	92643	142643
Aspergillus_fumigatus_CM3262	14	14	0	0	scaffold_2	2436890	2486890
Aspergillus_fumigatus_CM3262	16	15	1	0	scaffold_2	2774749	2824749
Aspergillus_fumigatus_CM3262	16	13	3	0	scaffold_4	2250809	2300809
Aspergillus_fumigatus_CM3262	22	22	0	0	scaffold_3	1034663	1084663
Aspergillus_fumigatus_CM3262	19	12	7	0	scaffold_3	3793939	3843939
Aspergillus_fumigatus_CM3262	18	16	2	0	scaffold_1	4580257	4630257
Aspergillus_fumigatus_CM3262	16	12	4	0	scaffold_1	1565652	1615652
Aspergillus_fumigatus_CM3262	18	17	1	0	scaffold_6	1451467	1501467
Aspergillus_fumigatus_CM3262	19	17	2	0	scaffold_3	477679	527679
Aspergillus_fumigatus_CM3262	21	16	5	0	scaffold_6	262403	312403
Aspergillus_fumigatus_CM3262	18	17	1	0	scaffold_8	63492	113492
Aspergillus_fumigatus_CM3262	19	19	0	0	scaffold_4	1968784	2018784
Aspergillus_fumigatus_CM3262	16	14	2	0	scaffold_1	1641925	1691925
Aspergillus_fumigatus_CM3262	23	21	2	0	scaffold_7	49159	99159
Aspergillus_fumigatus_CM3262	12	12	0	0	scaffold_1	1860739	1910739
Aspergillus_fumigatus_CM3262	22	21	1	0	scaffold_5	807197	857197
Aspergillus_fumigatus_CM3262	23	21	2	0	scaffold_4	3576239	3626239
Aspergillus_fumigatus_CM3262	22	19	3	0	scaffold_4	2066989	2116989
Aspergillus_fumigatus_CM3262	23	22	1	0	scaffold_8	231052	281052
Aspergillus_fumigatus_CM3262	18	17	1	0	scaffold_3	533567	583567
Aspergillus_fumigatus_CM3262	17	17	0	0	scaffold_2	3186178	3236178
Aspergillus_fumigatus_CM3262	20	19	1	0	scaffold_1	4646666	4696666
Aspergillus_fumigatus_CM3262	27	25	2	0	scaffold_4	3715889	3765889
Aspergillus_fumigatus_CM3262	16	16	0	0	scaffold_4	2552974	2602974
Aspergillus_fumigatus_CM3262	18	16	2	0	scaffold_2	1434524	1484524
Aspergillus_fumigatus_CM3262	15	11	4	0	scaffold_4	2243868	2293868
Aspergillus_fumigatus_CM3262	17	17	0	0	scaffold_7	536462	586462
Aspergillus_fumigatus_CM3262	18	18	0	0	scaffold_6	1467060	1517060
Aspergillus_fumigatus_CM3262	13	12	1	0	scaffold_1	2980465	3030465
Aspergillus_fumigatus_CM3262	24	19	5	0	scaffold_4	3330215	3380215
Aspergillus_fumigatus_CM3262	21	16	5	0	scaffold_3	93106	143106
Aspergillus_fumigatus_CM3262	20	19	1	0	scaffold_5	945271	995271
Aspergillus_fumigatus_CM3262	15	11	4	0	scaffold_4	2242903	2292903
Aspergillus_fumigatus_CM3262	20	20	0	0	scaffold_6	3003434	3053434
Aspergillus_fumigatus_CM3262	11	11	0	0	scaffold_2	1275460	1325460
Aspergillus_fumigatus_CM3262	20	20	0	0	scaffold_3	592203	642203
Aspergillus_fumigatus_CM3262	23	23	0	0	scaffold_5	2473982	2523982
Aspergillus_fumigatus_CM3262	21	16	5	0	scaffold_3	90744	140744
Aspergillus_fumigatus_CM3262	25	23	2	0	scaffold_4	504922	554922
Aspergillus_fumigatus_CM3262	16	1	15	0	scaffold_8	1176619	1226619
Aspergillus_fumigatus_CM3262	15	13	2	0	scaffold_6	2402924	2452924
Aspergillus_fumigatus_CM3262	21	16	5	0	scaffold_4	3512394	3562394
Aspergillus_fumigatus_CM3262	25	21	4	0	scaffold_8	1477764	1527764
Aspergillus_fumigatus_CM3262	19	16	3	0	scaffold_7	493692	543692
Aspergillus_fumigatus_CM3262	14	13	1	0	scaffold_3	806984	856984
Aspergillus_fumigatus_CM3262	18	18	0	0	scaffold_3	617861	667861
Aspergillus_fumigatus_CM3262	11	7	4	0	scaffold_1	2015215	2065215
Aspergillus_fumigatus_CM3262	18	16	2	0	scaffold_2	3237563	3287563
Aspergillus_fumigatus_CM3262	14	14	0	0	scaffold_6	1047484	1097484
Aspergillus_fumigatus_CM3262	17	15	2	0	scaffold_5	3517544	3567544
Aspergillus_fumigatus_CM3262	21	21	0	0	scaffold_5	540085	590085
Aspergillus_fumigatus_CM3262	19	19	0	0	scaffold_8	978347	1028347
Aspergillus_fumigatus_CM3262	16	16	0	0	scaffold_6	3304626	3354626
Aspergillus_fumigatus_CM3262	24	22	2	0	scaffold_2	4146038	4196038
Aspergillus_fumigatus_CM3262	23	22	1	0	scaffold_2	2822751	2872751
Aspergillus_fumigatus_CM3262	17	15	2	0	scaffold_3	3477053	3527053
Aspergillus_fumigatus_CM3262	20	19	1	0	scaffold_5	868225	918225
Aspergillus_fumigatus_CM3262	23	20	3	0	scaffold_4	3019925	3069925
Aspergillus_fumigatus_CM3262	17	14	3	0	scaffold_1	3995931	4045931
Aspergillus_fumigatus_CM3262	23	22	1	0	scaffold_4	526963	576963
Aspergillus_fumigatus_CM3262	21	21	0	0	scaffold_5	551895	601895
Aspergillus_fumigatus_CM3262	11	5	6	0	scaffold_7	2086802	2136802
Aspergillus_fumigatus_CM3262	22	21	1	0	scaffold_4	3583345	3633345
Aspergillus_fumigatus_CM3262	19	19	0	0	scaffold_3	576624	626624
Aspergillus_fumigatus_CM3262	27	25	2	0	scaffold_4	3719426	3769426
Aspergillus_fumigatus_CM3262	22	20	2	0	scaffold_4	1458443	1508443
Aspergillus_fumigatus_CM3262	19	13	6	0	scaffold_8	1625778	1675778
Aspergillus_fumigatus_CM3262	21	19	2	0	scaffold_6	3065203	3115203
Aspergillus_fumigatus_CM3262	22	20	2	0	scaffold_4	2491526	2541526
Aspergillus_fumigatus_CM3262	22	18	4	0	scaffold_8	11031	61031
Aspergillus_fumigatus_CM3262	8	6	2	0	scaffold_3	3284069	3334069
Aspergillus_fumigatus_CM3262	3	2	1	0	scaffold_5	2617074	2667074
Aspergillus_fumigatus_CM3262	18	11	7	0	scaffold_1	4477262	4527262
Aspergillus_fumigatus_CM3262	19	18	1	0	scaffold_2	1140653	1190653
Aspergillus_fumigatus_CM3262	17	14	3	0	scaffold_2	557734	607734
Aspergillus_fumigatus_CM3262	21	20	1	0	scaffold_3	1584190	1634190
Aspergillus_fumigatus_CM3262	16	16	0	0	scaffold_7	97044	147044
Aspergillus_fumigatus_CM3262	19	17	2	0	scaffold_2	2746681	2796681
Aspergillus_fumigatus_CM3262	19	19	0	0	scaffold_7	1026798	1076798
Aspergillus_fumigatus_CM3262	11	11	0	0	scaffold_6	1397263	1447263
Aspergillus_fumigatus_CM3262	24	21	3	0	scaffold_8	1566886	1616886
Aspergillus_fumigatus_CM3262	17	16	1	0	scaffold_1	198950	248950
Aspergillus_fumigatus_CM3262	16	16	0	0	scaffold_7	1161068	1211068
Aspergillus_fumigatus_CM3262	11	11	0	0	scaffold_2	2047547	2097547
Aspergillus_fumigatus_CM3262	23	21	2	0	scaffold_7	1535899	1585899
Aspergillus_fumigatus_CM3262	24	21	3	0	scaffold_2	2215901	2265901
Aspergillus_fumigatus_CM3262	8	6	2	0	scaffold_5	3545833	3595833
Aspergillus_fumigatus_CM3262	19	18	1	0	scaffold_2	2627605	2677605
Aspergillus_fumigatus_CM3262	16	15	1	0	scaffold_2	843571	893571
Aspergillus_fumigatus_CM3262	18	18	0	0	scaffold_7	1015020	1065020
Aspergillus_fumigatus_CM3262	21	19	2	0	scaffold_3	2714030	2764030
Aspergillus_fumigatus_CM3262	19	15	4	0	scaffold_1	4120621	4170621
Aspergillus_fumigatus_CM3262	23	22	1	0	scaffold_2	2372719	2422719
Aspergillus_fumigatus_CM3262	18	18	0	0	scaffold_4	1607036	1657036
Aspergillus_fumigatus_CM3262	22	21	1	0	scaffold_6	1637398	1687398
Aspergillus_fumigatus_CM3262	19	19	0	0	scaffold_6	789813	839813
Aspergillus_fumigatus_CM3262	12	12	0	0	scaffold_6	2738557	2788557
Aspergillus_fumigatus_CM3262	17	17	0	0	scaffold_6	1719042	1769042
Aspergillus_fumigatus_CM3262	10	10	0	0	scaffold_1	2058279	2108279
Aspergillus_fumigatus_CM3262	16	4	12	0	scaffold_7	1819048	1869048
Aspergillus_fumigatus_CM3262	16	16	0	0	scaffold_5	1074763	1124763
Aspergillus_fumigatus_CM3262	20	16	4	0	scaffold_2	2734545	2784545
Aspergillus_fumigatus_CM3262	14	11	3	0	scaffold_1	1556631	1606631
Aspergillus_fumigatus_CM3262	23	23	0	0	scaffold_3	2800928	2850928
Aspergillus_fumigatus_CM3262	17	16	1	0	scaffold_4	2933243	2983243
Aspergillus_fumigatus_CM3262	18	15	3	0	scaffold_1	1650966	1700966
Aspergillus_fumigatus_CM3262	22	22	0	0	scaffold_6	1315261	1365261
Aspergillus_fumigatus_CM3262	20	16	4	0	scaffold_7	1683751	1733751
Aspergillus_fumigatus_CM3262	23	20	3	0	scaffold_4	348702	398702
Aspergillus_fumigatus_CM3262	19	16	3	0	scaffold_4	637204	687204
Aspergillus_fumigatus_CM3262	17	16	1	0	scaffold_7	620748	670748
Aspergillus_fumigatus_CM3262	17	15	2	0	scaffold_1	3670209	3720209
Aspergillus_fumigatus_CM3262	19	18	1	0	scaffold_6	1351891	1401891
Aspergillus_fumigatus_CM3262	14	11	3	0	scaffold_4	3049900	3099900
Aspergillus_fumigatus_CM3262	22	18	4	0	scaffold_1	710	50710
Aspergillus_fumigatus_CM3262	21	20	1	0	scaffold_5	1532472	1582472
Aspergillus_fumigatus_CM3262	21	19	2	0	scaffold_2	1844715	1894715
Aspergillus_fumigatus_CM3262	20	19	1	0	scaffold_1	296506	346506
Aspergillus_fumigatus_CM3262	22	22	0	0	scaffold_1	451304	501304
Aspergillus_fumigatus_CM3262	20	19	1	0	scaffold_2	2626534	2676534
Aspergillus_fumigatus_CM3262	11	4	7	0	scaffold_3	49477	99477
Aspergillus_fumigatus_CM3262	25	23	2	0	scaffold_3	936043	986043
Aspergillus_fumigatus_CM3262	17	16	1	0	scaffold_2	632533	682533
Aspergillus_fumigatus_CM3262	23	22	1	0	scaffold_7	1522461	1572461
Aspergillus_fumigatus_CM3262	21	19	2	0	scaffold_1	2229035	2279035
Aspergillus_fumigatus_CM3262	24	20	4	0	scaffold_1	3923638	3973638
Aspergillus_fumigatus_CM3262	23	22	1	0	scaffold_5	2483270	2533270
Aspergillus_fumigatus_CM3262	20	15	5	0	scaffold_4	3504392	3554392
Aspergillus_fumigatus_CM3262	16	14	2	0	scaffold_5	3176371	3226371
Aspergillus_fumigatus_CM3262	19	17	2	0	scaffold_1	1607361	1657361
Aspergillus_fumigatus_CM3262	26	24	2	0	scaffold_6	2481736	2531736
Aspergillus_fumigatus_CM3262	11	1	10	0	scaffold_7	1858856	1908856
Aspergillus_fumigatus_CM3262	6	5	1	0	scaffold_8	762175	812175
Aspergillus_fumigatus_CM3262	17	16	1	0	scaffold_1	2690676	2740676
Aspergillus_fumigatus_CM3262	23	22	1	0	scaffold_4	3585776	3635776
Aspergillus_fumigatus_CM3262	21	1	20	0	scaffold_1	4431330	4481330
Aspergillus_fumigatus_CM3262	20	19	1	0	scaffold_7	967896	1017896
Aspergillus_fumigatus_CM3262	19	19	0	0	scaffold_3	389278	439278
Aspergillus_fumigatus_CM3262	14	13	1	0	scaffold_5	1680174	1730174
Aspergillus_fumigatus_CM3262	20	19	1	0	scaffold_1	2606505	2656505
Aspergillus_fumigatus_CM3262	13	13	0	0	scaffold_5	1421371	1471371
Aspergillus_fumigatus_CM3262	10	9	1	0	scaffold_8	813812	863812
Aspergillus_fumigatus_CM3262	15	15	0	0	scaffold_7	676251	726251
Aspergillus_fumigatus_CM3262	16	16	0	0	scaffold_2	866480	916480
Aspergillus_fumigatus_CM3262	19	17	2	0	scaffold_3	2257532	2307532
Aspergillus_fumigatus_CM3262	13	12	1	0	scaffold_5	1135653	1185653
Aspergillus_fumigatus_CM3262	18	17	1	0	scaffold_2	2876080	2926080
Aspergillus_fumigatus_CM3262	19	19	0	0	scaffold_5	3507006	3557006
Aspergillus_fumigatus_CM3262	18	18	0	0	scaffold_6	2582	52582
Aspergillus_fumigatus_CM3262	15	13	2	0	scaffold_8	547455	597455
Aspergillus_fumigatus_CM3262	18	16	2	0	scaffold_6	2107775	2157775
Aspergillus_fumigatus_CM3262	18	17	1	0	scaffold_4	1227485	1277485
Aspergillus_fumigatus_CM3262	11	11	0	0	scaffold_4	1007068	1057068
Aspergillus_fumigatus_CM3262	19	19	0	0	scaffold_7	1178406	1228406
Aspergillus_fumigatus_CM3262	10	9	1	0	scaffold_5	3193110	3243110
Aspergillus_fumigatus_CM3262	14	14	0	0	scaffold_6	2051822	2101822
Aspergillus_fumigatus_CM3262	18	18	0	0	scaffold_4	2411666	2461666
Aspergillus_fumigatus_CM3262	23	23	0	0	scaffold_4	1355227	1405227
Aspergillus_fumigatus_CM3262	11	11	0	0	scaffold_1	2724117	2774117
Aspergillus_fumigatus_CM3262	13	7	6	0	scaffold_3	60401	110401
Aspergillus_fumigatus_CM3262	19	11	8	0	scaffold_1	4488789	4538789
Aspergillus_fumigatus_CM3262	19	17	2	0	scaffold_1	2570383	2620383
Aspergillus_fumigatus_CM3262	18	18	0	0	scaffold_2	4029404	4079404
Aspergillus_fumigatus_CM3262	23	22	1	0	scaffold_5	3426951	3476951
Aspergillus_fumigatus_CM3262	22	20	2	0	scaffold_5	69414	119414
Aspergillus_fumigatus_CM3262	22	20	2	0	scaffold_5	1535239	1585239
Aspergillus_fumigatus_CM3262	21	21	0	0	scaffold_2	1790571	1840571
Aspergillus_fumigatus_CM3262	23	22	1	0	scaffold_2	2365608	2415608
Aspergillus_fumigatus_CM3262	19	18	1	0	scaffold_5	1115109	1165109
Aspergillus_fumigatus_CM3262	15	15	0	0	scaffold_1	419619	469619
Aspergillus_fumigatus_CM3262	20	15	5	0	scaffold_4	3506786	3556786
Aspergillus_fumigatus_CM3262	21	19	2	0	scaffold_5	318047	368047
Aspergillus_fumigatus_CM3262	23	21	2	0	scaffold_2	351515	401515
Aspergillus_fumigatus_CM3262	21	16	5	0	scaffold_1	4166794	4216794
Aspergillus_fumigatus_CM3262	20	18	2	0	scaffold_3	478652	528652
Aspergillus_fumigatus_CM3262	13	13	0	0	scaffold_8	394857	444857
Aspergillus_fumigatus_CM3262	15	13	2	0	scaffold_1	1676038	1726038
Aspergillus_fumigatus_CM3262	18	18	0	0	scaffold_3	1081154	1131154
Aspergillus_fumigatus_CM3262	19	19	0	0	scaffold_7	1176232	1226232
Aspergillus_fumigatus_CM3262	24	19	5	0	scaffold_4	819600	869600
Aspergillus_fumigatus_CM3262	6	4	2	0	scaffold_5	3550152	3600152
Aspergillus_fumigatus_CM3262	21	16	5	0	scaffold_4	846656	896656
Aspergillus_fumigatus_CM3262	14	14	0	0	scaffold_6	2073747	2123747
Aspergillus_fumigatus_CM3262	19	16	3	0	scaffold_6	2544239	2594239
Aspergillus_fumigatus_CM3262	20	18	2	0	scaffold_2	4290074	4340074
Aspergillus_fumigatus_CM3262	22	22	0	0	scaffold_5	2480538	2530538
Aspergillus_fumigatus_CM3262	21	21	0	0	scaffold_3	2151680	2201680
Aspergillus_fumigatus_CM3262	20	19	1	0	scaffold_3	1859487	1909487
Aspergillus_fumigatus_CM3262	23	20	3	0	scaffold_4	2146306	2196306
Aspergillus_fumigatus_CM3262	19	17	2	0	scaffold_1	2223628	2273628
Aspergillus_fumigatus_CM3262	22	21	1	0	scaffold_8	1742584	1792584
Aspergillus_fumigatus_CM3262	21	20	1	0	scaffold_1	2096921	2146921
Aspergillus_fumigatus_CM3262	24	23	1	0	scaffold_5	2437714	2487714
Aspergillus_fumigatus_CM3262	13	12	1	0	scaffold_1	2982487	3032487
Aspergillus_fumigatus_CM3262	20	18	2	0	scaffold_5	1305916	1355916
Aspergillus_fumigatus_CM3262	19	16	3	0	scaffold_6	627725	677725
Aspergillus_fumigatus_CM3262	0	0	0	0	scaffold_6	1122826	1172826
Aspergillus_fumigatus_CM3262	26	21	5	0	scaffold_3	234928	284928
Aspergillus_fumigatus_CM3262	22	21	1	0	scaffold_2	2337321	2387321
Aspergillus_fumigatus_CM3262	15	15	0	0	scaffold_1	3373222	3423222
Aspergillus_fumigatus_CM3262	16	15	1	0	scaffold_5	2394037	2444037
Aspergillus_fumigatus_CM3262	17	15	2	0	scaffold_5	3147975	3197975
Aspergillus_fumigatus_CM3262	15	7	8	0	scaffold_7	220108	270108
Aspergillus_fumigatus_CM3262	19	17	2	0	scaffold_7	1185843	1235843
Aspergillus_fumigatus_CM3262	17	17	0	0	scaffold_1	1919163	1969163
Aspergillus_fumigatus_CM3262	21	21	0	0	scaffold_2	1700316	1750316
Aspergillus_fumigatus_CM3262	19	16	3	0	scaffold_4	3037183	3087183
Aspergillus_fumigatus_CM3262	21	20	1	0	scaffold_4	1875913	1925913
Aspergillus_fumigatus_CM3262	17	16	1	0	scaffold_1	3955531	4005531
Aspergillus_fumigatus_CM3262	19	17	2	0	scaffold_3	2477754	2527754
Aspergillus_fumigatus_CM3262	21	21	0	0	scaffold_3	3166501	3216501
Aspergillus_fumigatus_CM3262	21	20	1	0	scaffold_1	3413433	3463433
Aspergillus_fumigatus_CM3262	19	18	1	0	scaffold_7	1575571	1625571
Aspergillus_fumigatus_CM3262	17	16	1	0	scaffold_1	1282726	1332726
Aspergillus_fumigatus_CM3262	19	13	6	0	scaffold_8	1620630	1670630
Aspergillus_fumigatus_CM3262	20	17	3	0	scaffold_3	2882993	2932993
Aspergillus_fumigatus_CM3262	23	19	4	0	scaffold_4	3325908	3375908
Aspergillus_fumigatus_CM3262	22	19	3	0	scaffold_6	3387342	3437342
Aspergillus_fumigatus_CM3262	17	17	0	0	scaffold_6	2948977	2998977
Aspergillus_fumigatus_CM3262	16	14	2	0	scaffold_1	1094894	1144894
Aspergillus_fumigatus_CM3262	23	22	1	0	scaffold_7	363134	413134
Aspergillus_fumigatus_CM3262	17	15	2	0	scaffold_2	4048192	4098192
Aspergillus_fumigatus_CM3262	18	17	1	0	scaffold_1	1883213	1933213
Aspergillus_fumigatus_CM3262	11	10	1	0	scaffold_5	2588512	2638512
Aspergillus_fumigatus_CM3262	14	14	0	0	scaffold_3	1521359	1571359
Aspergillus_fumigatus_CM3262	18	17	1	0	scaffold_2	2651497	2701497
Aspergillus_fumigatus_CM3262	15	15	0	0	scaffold_3	3011601	3061601
Aspergillus_fumigatus_CM3262	16	16	0	0	scaffold_4	2546789	2596789
Aspergillus_fumigatus_CM3262	26	21	5	0	scaffold_7	317526	367526
Aspergillus_fumigatus_CM3262	19	17	2	0	scaffold_1	3629847	3679847
Aspergillus_fumigatus_CM3262	19	18	1	0	scaffold_4	2516998	2566998
Aspergillus_fumigatus_CM3262	13	12	1	0	scaffold_5	1800606	1850606
Aspergillus_fumigatus_CM3262	14	13	1	0	scaffold_3	1994323	2044323
Aspergillus_fumigatus_CM3262	17	15	2	0	scaffold_7	1361068	1411068
Aspergillus_fumigatus_CM3262	16	15	1	0	scaffold_3	3773019	3823019
Aspergillus_fumigatus_CM3262	17	17	0	0	scaffold_2	3488498	3538498
Aspergillus_fumigatus_CM3262	7	2	5	0	scaffold_5	2706871	2756871
Aspergillus_fumigatus_CM3262	18	17	1	0	scaffold_2	666015	716015
Aspergillus_fumigatus_CM3262	18	15	3	0	scaffold_1	3507969	3557969
Aspergillus_fumigatus_CM3262	20	18	2	0	scaffold_7	62415	112415
Aspergillus_fumigatus_CM3262	18	15	3	0	scaffold_1	1648242	1698242
Aspergillus_fumigatus_CM3262	16	15	1	0	scaffold_2	2546658	2596658
Aspergillus_fumigatus_CM3262	15	15	0	0	scaffold_5	3125276	3175276
Aspergillus_fumigatus_CM3262	15	15	0	0	scaffold_1	3858498	3908498
Aspergillus_fumigatus_CM3262	18	18	0	0	scaffold_1	2397253	2447253
Aspergillus_fumigatus_CM3262	20	18	2	0	scaffold_6	1925480	1975480
Aspergillus_fumigatus_CM3262	25	23	2	0	scaffold_3	936687	986687
Aspergillus_fumigatus_CM3262	19	19	0	0	scaffold_3	2155175	2205175
Aspergillus_fumigatus_CM3262	17	17	0	0	scaffold_3	2306889	2356889
Aspergillus_fumigatus_CM3262	19	17	2	0	scaffold_1	1152648	1202648
Aspergillus_fumigatus_CM3262	21	20	1	0	scaffold_4	3734462	3784462
Aspergillus_fumigatus_CM3262	19	17	2	0	scaffold_7	480837	530837
Aspergillus_fumigatus_CM3262	17	15	2	0	scaffold_7	1146666	1196666
Aspergillus_fumigatus_CM3262	17	16	1	0	scaffold_6	1366938	1416938
Aspergillus_fumigatus_CM3262	23	21	2	0	scaffold_2	460152	510152
Aspergillus_fumigatus_CM3262	14	12	2	0	scaffold_6	2357108	2407108
Aspergillus_fumigatus_CM3262	21	21	0	0	scaffold_7	351169	401169
Aspergillus_fumigatus_CM3262	22	17	5	0	scaffold_3	2576045	2626045
Aspergillus_fumigatus_CM3262	15	13	2	0	scaffold_4	3464945	3514945
Aspergillus_fumigatus_CM3262	17	15	2	0	scaffold_5	1565703	1615703
Aspergillus_fumigatus_CM3262	13	1	12	0	scaffold_2	121626	171626
Aspergillus_fumigatus_CM3262	16	15	1	0	scaffold_6	883860	933860
Aspergillus_fumigatus_CM3262	17	16	1	0	scaffold_5	2392634	2442634
Aspergillus_fumigatus_CM3262	15	8	7	0	scaffold_7	1700391	1750391
Aspergillus_fumigatus_CM3262	14	13	1	0	scaffold_1	2998050	3048050
Aspergillus_fumigatus_CM3262	18	16	2	0	scaffold_5	1569631	1619631
Aspergillus_fumigatus_CM3262	25	21	4	0	scaffold_3	137130	187130
Aspergillus_fumigatus_CM3262	16	16	0	0	scaffold_6	919716	969716
Aspergillus_fumigatus_CM3262	19	19	0	0	scaffold_3	1076778	1126778
Aspergillus_fumigatus_CM3262	20	15	5	0	scaffold_2	3277668	3327668
Aspergillus_fumigatus_CM3262	19	16	3	0	scaffold_1	1183065	1233065
Aspergillus_fumigatus_CM3262	17	17	0	0	scaffold_5	892859	942859
Aspergillus_fumigatus_CM3262	17	17	0	0	scaffold_3	2303473	2353473
Aspergillus_fumigatus_CM3262	19	16	3	0	scaffold_4	1692700	1742700
Aspergillus_fumigatus_CM3262	10	6	4	0	scaffold_1	2022058	2072058
Aspergillus_fumigatus_CM3262	16	15	1	0	scaffold_1	2220332	2270332
Aspergillus_fumigatus_CM3262	17	17	0	0	scaffold_5	890959	940959
Aspergillus_fumigatus_CM3262	17	16	1	0	scaffold_1	2222331	2272331
Aspergillus_fumigatus_CM3262	16	15	1	0	scaffold_1	3959752	4009752
Aspergillus_fumigatus_CM3262	21	21	0	0	scaffold_6	1330139	1380139
Aspergillus_fumigatus_CM3262	19	17	2	0	scaffold_4	2950345	3000345
Aspergillus_fumigatus_CM3262	23	19	4	0	scaffold_4	2463112	2513112
Aspergillus_fumigatus_CM3262	20	18	2	0	scaffold_8	475983	525983
Aspergillus_fumigatus_CM3262	24	22	2	0	scaffold_5	2419837	2469837
Aspergillus_fumigatus_CM3262	19	17	2	0	scaffold_1	1174394	1224394
Aspergillus_fumigatus_CM3262	17	16	1	0	scaffold_5	2236088	2286088
Aspergillus_fumigatus_CM3262	22	19	3	0	scaffold_3	488003	538003
Aspergillus_fumigatus_CM3262	20	18	2	0	scaffold_7	388983	438983
Aspergillus_fumigatus_CM3262	25	19	6	0	scaffold_7	1467213	1517213
Aspergillus_fumigatus_CM3262	21	20	1	0	scaffold_7	1481990	1531990
Aspergillus_fumigatus_CM3262	16	16	0	0	scaffold_2	2795153	2845153
Aspergillus_fumigatus_CM3262	2	2	0	0	scaffold_8	789357	839357
Aspergillus_fumigatus_CM3262	22	16	6	0	scaffold_8	1594785	1644785
Aspergillus_fumigatus_CM3262	15	15	0	0	scaffold_6	1273909	1323909
Aspergillus_fumigatus_CM3262	20	19	1	0	scaffold_8	1773834	1823834
Aspergillus_fumigatus_CM3262	19	17	2	0	scaffold_8	995684	1045684
Aspergillus_fumigatus_CM3262	18	17	1	0	scaffold_2	2759129	2809129
Aspergillus_fumigatus_CM3262	19	18	1	0	scaffold_8	528140	578140
Aspergillus_fumigatus_CM3262	20	18	2	0	scaffold_8	476606	526606
Aspergillus_fumigatus_CM3262	16	14	2	0	scaffold_5	3161904	3211904
Aspergillus_fumigatus_CM3262	26	23	3	0	scaffold_8	1550556	1600556
Aspergillus_fumigatus_CM3262	13	12	1	0	scaffold_1	1772413	1822413
Aspergillus_fumigatus_CM3262	17	17	0	0	scaffold_4	2729101	2779101
Aspergillus_fumigatus_CM3262	17	17	0	0	scaffold_2	3175760	3225760
Aspergillus_fumigatus_CM3262	19	15	4	0	scaffold_5	2900318	2950318
Aspergillus_fumigatus_CM3262	20	20	0	0	scaffold_1	2148662	2198662
Aspergillus_fumigatus_CM3262	15	15	0	0	scaffold_7	677413	727413
Aspergillus_fumigatus_CM3262	22	20	2	0	scaffold_2	208289	258289
Aspergillus_fumigatus_CM3262	8	8	0	0	scaffold_7	742939	792939
Aspergillus_fumigatus_CM3262	18	18	0	0	scaffold_1	2134122	2184122
Aspergillus_fumigatus_CM3262	26	21	5	0	scaffold_8	1496204	1546204
Aspergillus_fumigatus_CM3262	24	21	3	0	scaffold_4	2139655	2189655
Aspergillus_fumigatus_CM3262	12	12	0	0	scaffold_7	838443	888443
Aspergillus_fumigatus_CM3262	14	12	2	0	scaffold_7	808598	858598
Aspergillus_fumigatus_CM3262	19	19	0	0	scaffold_2	1878749	1928749
Aspergillus_fumigatus_CM3262	18	17	1	0	scaffold_4	2869218	2919218
Aspergillus_fumigatus_CM3262	17	16	1	0	scaffold_2	3784611	3834611
Aspergillus_fumigatus_CM3262	18	14	4	0	scaffold_4	3487268	3537268
Aspergillus_fumigatus_CM3262	15	15	0	0	scaffold_1	2201049	2251049
Aspergillus_fumigatus_CM3262	13	12	1	0	scaffold_5	1810508	1860508
Aspergillus_fumigatus_CM3262	11	11	0	0	scaffold_2	2469646	2519646
Aspergillus_fumigatus_CM3262	22	1	21	0	scaffold_7	255247	305247
Aspergillus_fumigatus_CM3262	21	20	1	0	scaffold_1	2617140	2667140
Aspergillus_fumigatus_CM3262	22	20	2	0	scaffold_2	816368	866368
Aspergillus_fumigatus_CM3262	18	13	5	0	scaffold_4	2218295	2268295
Aspergillus_fumigatus_CM3262	16	15	1	0	scaffold_4	1160538	1210538
Aspergillus_fumigatus_CM3262	22	19	3	0	scaffold_4	3016410	3066410
Aspergillus_fumigatus_CM3262	23	20	3	0	scaffold_2	685881	735881
Aspergillus_fumigatus_CM3262	17	11	6	0	scaffold_5	2755586	2805586
Aspergillus_fumigatus_CM3262	18	18	0	0	scaffold_3	3058143	3108143
Aspergillus_fumigatus_CM3262	18	18	0	0	scaffold_1	673406	723406
Aspergillus_fumigatus_CM3262	25	20	5	0	scaffold_3	147838	197838
Aspergillus_fumigatus_CM3262	20	17	3	0	scaffold_6	638882	688882
Aspergillus_fumigatus_CM3262	16	16	0	0	scaffold_3	1095983	1145983
Aspergillus_fumigatus_CM3262	16	15	1	0	scaffold_5	1097586	1147586
Aspergillus_fumigatus_CM3262	24	4	20	0	scaffold_7	273484	323484
Aspergillus_fumigatus_CM3262	17	16	1	0	scaffold_4	1294374	1344374
Aspergillus_fumigatus_CM3262	21	19	2	0	scaffold_8	125790	175790
Aspergillus_fumigatus_CM3262	27	25	2	0	scaffold_4	379871	429871
Aspergillus_fumigatus_CM3262	21	19	2	0	scaffold_4	902053	952053
Aspergillus_fumigatus_CM3262	15	13	2	0	scaffold_4	3464633	3514633
Aspergillus_fumigatus_CM3262	20	20	0	0	scaffold_2	3503764	3553764
Aspergillus_fumigatus_CM3262	11	9	2	0	scaffold_5	179668	229668
Aspergillus_fumigatus_CM3262	15	15	0	0	scaffold_6	2621217	2671217
Aspergillus_fumigatus_CM3262	17	17	0	0	scaffold_2	3137711	3187711
Aspergillus_fumigatus_CM3262	25	23	2	0	scaffold_4	3660760	3710760
Aspergillus_fumigatus_CM3262	16	15	1	0	scaffold_3	877364	927364
Aspergillus_fumigatus_CM3262	23	19	4	0	scaffold_6	501358	551358
Aspergillus_fumigatus_CM3262	19	17	2	0	scaffold_4	2332409	2382409
Aspergillus_fumigatus_CM3262	19	17	2	0	scaffold_6	2214309	2264309
Aspergillus_fumigatus_CM3262	17	15	2	0	scaffold_2	3773859	3823859
Aspergillus_fumigatus_CM3262	15	14	1	0	scaffold_3	1741986	1791986
Aspergillus_fumigatus_CM3262	3	3	0	0	scaffold_7	1788962	1838962
Aspergillus_fumigatus_CM3262	22	20	2	0	scaffold_4	206135	256135
Aspergillus_fumigatus_CM3262	26	24	2	0	scaffold_7	1645478	1695478
Aspergillus_fumigatus_CM3262	19	17	2	0	scaffold_6	2223326	2273326
Aspergillus_fumigatus_CM3262	18	16	2	0	scaffold_3	2412879	2462879
Aspergillus_fumigatus_CM3262	21	15	6	0	scaffold_3	1684428	1734428
Aspergillus_fumigatus_CM3262	19	18	1	0	scaffold_2	2142574	2192574
Aspergillus_fumigatus_CM3262	20	17	3	0	scaffold_6	545015	595015
Aspergillus_fumigatus_CM3262	24	21	3	0	scaffold_4	335350	385350
Aspergillus_fumigatus_CM3262	20	19	1	0	scaffold_1	2094234	2144234
Aspergillus_fumigatus_CM3262	24	21	3	0	scaffold_8	1459315	1509315
Aspergillus_fumigatus_CM3262	20	19	1	0	scaffold_3	1266713	1316713
Aspergillus_fumigatus_CM3262	0	0	0	0	scaffold_6	1147196	1197196
Aspergillus_fumigatus_CM3262	18	15	3	0	scaffold_4	851781	901781
Aspergillus_fumigatus_CM3262	20	17	3	0	scaffold_5	3270366	3320366
Aspergillus_fumigatus_CM3262	19	18	1	0	scaffold_7	15627	65627
Aspergillus_fumigatus_CM3262	15	14	1	0	scaffold_5	1794457	1844457
Aspergillus_fumigatus_CM3262	18	17	1	0	scaffold_5	2234362	2284362
Aspergillus_fumigatus_CM3262	9	9	0	0	scaffold_7	858927	908927
Aspergillus_fumigatus_CM3262	21	19	2	0	scaffold_2	821129	871129
Aspergillus_fumigatus_CM3262	19	18	1	0	scaffold_1	862852	912852
Aspergillus_fumigatus_CM3262	16	16	0	0	scaffold_4	1525984	1575984
Aspergillus_fumigatus_CM3262	18	15	3	0	scaffold_2	3305767	3355767
Aspergillus_fumigatus_CM3262	24	23	1	0	scaffold_6	2462953	2512953
Aspergillus_fumigatus_CM3262	0	0	0	0	scaffold_6	1117545	1167545
Aspergillus_fumigatus_CM3262	17	16	1	0	scaffold_6	2433412	2483412
Aspergillus_fumigatus_CM3262	21	19	2	0	scaffold_1	136822	186822
Aspergillus_fumigatus_CM3262	24	21	3	0	scaffold_8	1556360	1606360
Aspergillus_fumigatus_CM3262	20	18	2	0	scaffold_2	1830642	1880642
Aspergillus_fumigatus_CM3262	22	20	2	0	scaffold_1	493076	543076
Aspergillus_fumigatus_CM3262	22	21	1	0	scaffold_6	2244227	2294227
Aspergillus_fumigatus_CM3262	20	14	6	0	scaffold_7	1421883	1471883
Aspergillus_fumigatus_CM3262	23	20	3	0	scaffold_2	2580321	2630321
Aspergillus_fumigatus_CM3262	18	17	1	0	scaffold_6	1363223	1413223
Aspergillus_fumigatus_CM3262	17	15	2	0	scaffold_1	2879104	2929104
Aspergillus_fumigatus_CM3262	25	18	7	0	scaffold_6	273438	323438
Aspergillus_fumigatus_CM3262	20	17	3	0	scaffold_2	787078	837078
Aspergillus_fumigatus_CM3262	18	15	3	0	scaffold_1	1573410	1623410
Aspergillus_fumigatus_CM3262	24	21	3	0	scaffold_5	74351	124351
Aspergillus_fumigatus_CM3262	20	19	1	0	scaffold_4	1632407	1682407
Aspergillus_fumigatus_CM3262	18	17	1	0	scaffold_6	861897	911897
Aspergillus_fumigatus_CM3262	22	20	2	0	scaffold_2	3320127	3370127
Aspergillus_fumigatus_CM3262	19	18	1	0	scaffold_2	2625688	2675688
Aspergillus_fumigatus_CM3262	17	14	3	0	scaffold_5	3288298	3338298
Aspergillus_fumigatus_CM3262	23	17	6	0	scaffold_1	97136	147136
Aspergillus_fumigatus_CM3262	24	21	3	0	scaffold_2	1562604	1612604
Aspergillus_fumigatus_CM3262	22	21	1	0	scaffold_4	1869506	1919506
Aspergillus_fumigatus_CM3262	10	9	1	0	scaffold_1	1747999	1797999
Aspergillus_fumigatus_CM3262	19	19	0	0	scaffold_3	1621092	1671092
Aspergillus_fumigatus_CM3262	19	19	0	0	scaffold_1	3233221	3283221
Aspergillus_fumigatus_CM3262	18	18	0	0	scaffold_2	1357052	1407052
Aspergillus_fumigatus_CM3262	24	22	2	0	scaffold_2	2981465	3031465
Aspergillus_fumigatus_CM3262	26	25	1	0	scaffold_1	3761526	3811526
Aspergillus_fumigatus_CM3262	17	15	2	0	scaffold_3	174338	224338
Aspergillus_fumigatus_CM3262	19	18	1	0	scaffold_3	2728982	2778982
Aspergillus_fumigatus_CM3262	18	17	1	0	scaffold_6	3182793	3232793
Aspergillus_fumigatus_CM3262	15	10	5	0	scaffold_4	2236698	2286698
Aspergillus_fumigatus_CM3262	21	20	1	0	scaffold_1	1215715	1265715
Aspergillus_fumigatus_CM3262	20	19	1	0	scaffold_1	1221672	1271672
Aspergillus_fumigatus_CM3262	23	21	2	0	scaffold_8	1319786	1369786
Aspergillus_fumigatus_CM3262	25	21	4	0	scaffold_6	3137347	3187347
Aspergillus_fumigatus_CM3262	19	16	3	0	scaffold_4	2420948	2470948
Aspergillus_fumigatus_CM3262	23	21	2	0	scaffold_6	2492974	2542974
Aspergillus_fumigatus_CM3262	20	17	3	0	scaffold_3	3380016	3430016
Aspergillus_fumigatus_CM3262	18	15	3	0	scaffold_7	1403004	1453004
Aspergillus_fumigatus_CM3262	17	16	1	0	scaffold_7	1569040	1619040
Aspergillus_fumigatus_CM3262	20	15	5	0	scaffold_5	2161659	2211659
Aspergillus_fumigatus_CM3262	17	16	1	0	scaffold_6	2678635	2728635
Aspergillus_fumigatus_CM3262	21	20	1	0	scaffold_2	961852	1011852
Aspergillus_fumigatus_CM3262	17	15	2	0	scaffold_4	3251874	3301874
Aspergillus_fumigatus_CM3262	19	16	3	0	scaffold_7	506248	556248
Aspergillus_fumigatus_CM3262	17	15	2	0	scaffold_6	1915409	1965409
Aspergillus_fumigatus_CM3262	16	15	1	0	scaffold_1	1876412	1926412
Aspergillus_fumigatus_CM3262	23	20	3	0	scaffold_4	2091193	2141193
Aspergillus_fumigatus_CM3262	21	18	3	0	scaffold_5	597609	647609
Aspergillus_fumigatus_CM3262	14	13	1	0	scaffold_8	396621	446621
Aspergillus_fumigatus_CM3262	19	18	1	0	scaffold_6	1953552	2003552
Aspergillus_fumigatus_CM3262	16	13	3	0	scaffold_1	3601472	3651472
Aspergillus_fumigatus_CM3262	10	9	1	0	scaffold_5	1192938	1242938
Aspergillus_fumigatus_CM3262	15	14	1	0	scaffold_6	1378453	1428453
Aspergillus_fumigatus_CM3262	19	19	0	0	scaffold_3	3051748	3101748
Aspergillus_fumigatus_CM3262	23	21	2	0	scaffold_5	329078	379078
Aspergillus_fumigatus_CM3262	0	0	0	0	scaffold_7	1781744	1831744
Aspergillus_fumigatus_CM3262	18	16	2	0	scaffold_2	2945748	2995748
Aspergillus_fumigatus_CM3262	20	17	3	0	scaffold_6	3324034	3374034
Aspergillus_fumigatus_CM3262	17	16	1	0	scaffold_7	1098942	1148942
Aspergillus_fumigatus_CM3262	23	20	3	0	scaffold_4	3014083	3064083
Aspergillus_fumigatus_CM3262	22	21	1	0	scaffold_7	114320	164320
Aspergillus_fumigatus_CM3262	14	14	0	0	scaffold_3	1807663	1857663
Aspergillus_fumigatus_CM3262	17	17	0	0	scaffold_6	1299319	1349319
Aspergillus_fumigatus_CM3262	18	14	4	0	scaffold_2	3082373	3132373
Aspergillus_fumigatus_CM3262	18	16	2	0	scaffold_2	826028	876028
Aspergillus_fumigatus_CM3262	29	24	5	0	scaffold_6	3339745	3389745
Aspergillus_fumigatus_CM3262	17	15	2	0	scaffold_4	852740	902740
Aspergillus_fumigatus_CM3262	14	13	1	0	scaffold_1	1477763	1527763
Aspergillus_fumigatus_CM3262	22	20	2	0	scaffold_4	37764	87764
Aspergillus_fumigatus_CM3262	16	16	0	0	scaffold_1	430317	480317
Aspergillus_fumigatus_CM3262	20	19	1	0	scaffold_5	457264	507264
Aspergillus_fumigatus_CM3262	16	15	1	0	scaffold_7	1280443	1330443
Aspergillus_fumigatus_CM3262	9	9	0	0	scaffold_5	2640295	2690295
Aspergillus_fumigatus_CM3262	21	19	2	0	scaffold_6	220022	270022
Aspergillus_fumigatus_CM3262	25	23	2	0	scaffold_6	3510523	3560523
Aspergillus_fumigatus_CM3262	19	18	1	0	scaffold_6	3208679	3258679
Aspergillus_fumigatus_CM3262	15	14	1	0	scaffold_8	916966	966966
Aspergillus_fumigatus_CM3262	21	20	1	0	scaffold_5	944609	994609
Aspergillus_fumigatus_CM3262	10	10	0	0	scaffold_4	1018134	1068134
Aspergillus_fumigatus_CM3262	23	21	2	0	scaffold_3	3497779	3547779
Aspergillus_fumigatus_CM3262	21	21	0	0	scaffold_3	2150372	2200372
Aspergillus_fumigatus_CM3262	20	20	0	0	scaffold_2	384289	434289
Aspergillus_fumigatus_CM3262	15	12	3	0	scaffold_6	2418469	2468469
Aspergillus_fumigatus_CM3262	17	17	0	0	scaffold_6	797738	847738
