STRAIN	TOTAL	CORE	ACCESSORY	SINGLETON	CHROM	START	END
Aspergillus_fumigatus_IFM_59356-1	18	18	0	0	scaffold_5	2131922	2181922
Aspergillus_fumigatus_IFM_59356-1	21	19	2	0	scaffold_2	2736999	2786999
Aspergillus_fumigatus_IFM_59356-1	18	15	3	0	scaffold_5	688743	738743
Aspergillus_fumigatus_IFM_59356-1	23	21	2	0	scaffold_3	750742	800742
Aspergillus_fumigatus_IFM_59356-1	20	19	1	0	scaffold_4	3004942	3054942
Aspergillus_fumigatus_IFM_59356-1	20	18	2	0	scaffold_1	3960858	4010858
Aspergillus_fumigatus_IFM_59356-1	16	13	3	0	scaffold_1	1047961	1097961
Aspergillus_fumigatus_IFM_59356-1	17	5	12	0	scaffold_7	1797172	1847172
Aspergillus_fumigatus_IFM_59356-1	22	19	3	0	scaffold_8	428209	478209
Aspergillus_fumigatus_IFM_59356-1	14	13	1	0	scaffold_3	3162577	3212577
Aspergillus_fumigatus_IFM_59356-1	18	18	0	0	scaffold_4	3222877	3272877
Aspergillus_fumigatus_IFM_59356-1	21	19	2	0	scaffold_1	1013666	1063666
Aspergillus_fumigatus_IFM_59356-1	18	18	0	0	scaffold_4	2453514	2503514
Aspergillus_fumigatus_IFM_59356-1	2	1	1	0	scaffold_4	1315665	1365665
Aspergillus_fumigatus_IFM_59356-1	17	15	2	0	scaffold_4	3131462	3181462
Aspergillus_fumigatus_IFM_59356-1	7	7	0	0	scaffold_1	1863126	1913126
Aspergillus_fumigatus_IFM_59356-1	26	21	5	0	scaffold_4	2758770	2808770
Aspergillus_fumigatus_IFM_59356-1	18	16	2	0	scaffold_2	3622167	3672167
Aspergillus_fumigatus_IFM_59356-1	16	14	2	0	scaffold_4	2100582	2150582
Aspergillus_fumigatus_IFM_59356-1	24	22	2	0	scaffold_6	3482510	3532510
Aspergillus_fumigatus_IFM_59356-1	16	16	0	0	scaffold_2	2329548	2379548
Aspergillus_fumigatus_IFM_59356-1	19	18	1	0	scaffold_2	3475539	3525539
Aspergillus_fumigatus_IFM_59356-1	20	18	2	0	scaffold_4	1800468	1850468
Aspergillus_fumigatus_IFM_59356-1	17	16	1	0	scaffold_8	1126063	1176063
Aspergillus_fumigatus_IFM_59356-1	23	17	6	0	scaffold_3	2469627	2519627
Aspergillus_fumigatus_IFM_59356-1	21	20	1	0	scaffold_6	2121083	2171083
Aspergillus_fumigatus_IFM_59356-1	21	20	1	0	scaffold_7	1544831	1594831
Aspergillus_fumigatus_IFM_59356-1	14	14	0	0	scaffold_2	607396	657396
Aspergillus_fumigatus_IFM_59356-1	1	1	0	0	scaffold_8	763377	813377
Aspergillus_fumigatus_IFM_59356-1	21	19	2	0	scaffold_1	3269596	3319596
Aspergillus_fumigatus_IFM_59356-1	19	18	1	0	scaffold_3	4117733	4167733
Aspergillus_fumigatus_IFM_59356-1	19	18	1	0	scaffold_4	2428408	2478408
Aspergillus_fumigatus_IFM_59356-1	12	11	1	0	scaffold_3	1195107	1245107
Aspergillus_fumigatus_IFM_59356-1	22	21	1	0	scaffold_2	429055	479055
Aspergillus_fumigatus_IFM_59356-1	24	20	4	0	scaffold_2	2567710	2617710
Aspergillus_fumigatus_IFM_59356-1	22	19	3	0	scaffold_3	2115295	2165295
Aspergillus_fumigatus_IFM_59356-1	19	19	0	0	scaffold_8	1058545	1108545
Aspergillus_fumigatus_IFM_59356-1	22	21	1	0	scaffold_2	1953658	2003658
Aspergillus_fumigatus_IFM_59356-1	17	15	2	0	scaffold_6	913726	963726
Aspergillus_fumigatus_IFM_59356-1	18	17	1	0	scaffold_1	2677956	2727956
Aspergillus_fumigatus_IFM_59356-1	12	12	0	0	scaffold_3	4157937	4207937
Aspergillus_fumigatus_IFM_59356-1	18	17	1	0	scaffold_4	3280917	3330917
Aspergillus_fumigatus_IFM_59356-1	19	18	1	0	scaffold_4	1760486	1810486
Aspergillus_fumigatus_IFM_59356-1	20	20	0	0	scaffold_8	1055503	1105503
Aspergillus_fumigatus_IFM_59356-1	26	24	2	0	scaffold_1	4598310	4648310
Aspergillus_fumigatus_IFM_59356-1	16	16	0	0	scaffold_5	3389775	3439775
Aspergillus_fumigatus_IFM_59356-1	17	17	0	0	scaffold_6	3598844	3648844
Aspergillus_fumigatus_IFM_59356-1	14	9	5	0	scaffold_6	2906511	2956511
Aspergillus_fumigatus_IFM_59356-1	16	14	2	0	scaffold_4	1907982	1957982
Aspergillus_fumigatus_IFM_59356-1	24	21	3	0	scaffold_4	633289	683289
Aspergillus_fumigatus_IFM_59356-1	21	19	2	0	scaffold_3	2044142	2094142
Aspergillus_fumigatus_IFM_59356-1	17	17	0	0	scaffold_3	4008741	4058741
Aspergillus_fumigatus_IFM_59356-1	18	18	0	0	scaffold_1	2605359	2655359
Aspergillus_fumigatus_IFM_59356-1	17	14	3	0	scaffold_4	3493743	3543743
Aspergillus_fumigatus_IFM_59356-1	25	23	2	0	scaffold_3	3899619	3949619
Aspergillus_fumigatus_IFM_59356-1	20	20	0	0	scaffold_3	1420085	1470085
Aspergillus_fumigatus_IFM_59356-1	23	20	3	0	scaffold_1	24926	74926
Aspergillus_fumigatus_IFM_59356-1	15	14	1	0	scaffold_5	3257053	3307053
Aspergillus_fumigatus_IFM_59356-1	16	15	1	0	scaffold_1	925093	975093
Aspergillus_fumigatus_IFM_59356-1	19	19	0	0	scaffold_4	2285906	2335906
Aspergillus_fumigatus_IFM_59356-1	16	16	0	0	scaffold_4	2955411	3005411
Aspergillus_fumigatus_IFM_59356-1	16	14	2	0	scaffold_2	4107225	4157225
Aspergillus_fumigatus_IFM_59356-1	16	13	3	0	scaffold_6	3611211	3661211
Aspergillus_fumigatus_IFM_59356-1	21	0	21	0	scaffold_1	4408373	4458373
Aspergillus_fumigatus_IFM_59356-1	20	17	3	0	scaffold_2	992731	1042731
Aspergillus_fumigatus_IFM_59356-1	18	18	0	0	scaffold_4	3309412	3359412
Aspergillus_fumigatus_IFM_59356-1	12	12	0	0	scaffold_6	2283544	2333544
Aspergillus_fumigatus_IFM_59356-1	6	1	5	0	scaffold_4	156537	206537
Aspergillus_fumigatus_IFM_59356-1	14	14	0	0	scaffold_2	1500383	1550383
Aspergillus_fumigatus_IFM_59356-1	18	18	0	0	scaffold_4	737416	787416
Aspergillus_fumigatus_IFM_59356-1	14	13	1	0	scaffold_4	893730	943730
Aspergillus_fumigatus_IFM_59356-1	18	18	0	0	scaffold_3	3981873	4031873
Aspergillus_fumigatus_IFM_59356-1	19	16	3	0	scaffold_6	1166497	1216497
Aspergillus_fumigatus_IFM_59356-1	17	17	0	0	scaffold_3	2746507	2796507
Aspergillus_fumigatus_IFM_59356-1	10	0	10	0	scaffold_2	849450	899450
Aspergillus_fumigatus_IFM_59356-1	26	22	4	0	scaffold_4	3876956	3926956
Aspergillus_fumigatus_IFM_59356-1	16	12	4	0	scaffold_3	391645	441645
Aspergillus_fumigatus_IFM_59356-1	23	21	2	0	scaffold_8	1666560	1716560
Aspergillus_fumigatus_IFM_59356-1	17	15	2	0	scaffold_4	3016117	3066117
Aspergillus_fumigatus_IFM_59356-1	24	23	1	0	scaffold_3	4110298	4160298
Aspergillus_fumigatus_IFM_59356-1	16	13	3	0	scaffold_2	18853	68853
Aspergillus_fumigatus_IFM_59356-1	13	13	0	0	scaffold_3	2165555	2215555
Aspergillus_fumigatus_IFM_59356-1	21	21	0	0	scaffold_7	1515576	1565576
Aspergillus_fumigatus_IFM_59356-1	23	20	3	0	scaffold_8	179452	229452
Aspergillus_fumigatus_IFM_59356-1	18	17	1	0	scaffold_6	390682	440682
Aspergillus_fumigatus_IFM_59356-1	15	9	6	0	scaffold_6	232451	282451
Aspergillus_fumigatus_IFM_59356-1	25	22	3	0	scaffold_2	2659596	2709596
Aspergillus_fumigatus_IFM_59356-1	23	22	1	0	scaffold_3	1906844	1956844
Aspergillus_fumigatus_IFM_59356-1	12	11	1	0	scaffold_2	4022808	4072808
Aspergillus_fumigatus_IFM_59356-1	19	19	0	0	scaffold_2	3509607	3559607
Aspergillus_fumigatus_IFM_59356-1	15	14	0	1	scaffold_5	580659	630659
Aspergillus_fumigatus_IFM_59356-1	18	17	1	0	scaffold_2	3202879	3252879
Aspergillus_fumigatus_IFM_59356-1	19	17	2	0	scaffold_5	49550	99550
Aspergillus_fumigatus_IFM_59356-1	19	17	2	0	scaffold_2	2230942	2280942
Aspergillus_fumigatus_IFM_59356-1	21	18	3	0	scaffold_2	330333	380333
Aspergillus_fumigatus_IFM_59356-1	19	19	0	0	scaffold_1	2492655	2542655
Aspergillus_fumigatus_IFM_59356-1	19	17	2	0	scaffold_2	2232405	2282405
Aspergillus_fumigatus_IFM_59356-1	19	17	2	0	scaffold_3	1627036	1677036
Aspergillus_fumigatus_IFM_59356-1	19	18	1	0	scaffold_5	1989697	2039697
Aspergillus_fumigatus_IFM_59356-1	26	23	3	0	scaffold_7	1708361	1758361
Aspergillus_fumigatus_IFM_59356-1	18	14	4	0	scaffold_1	1666266	1716266
Aspergillus_fumigatus_IFM_59356-1	20	19	1	0	scaffold_4	2892460	2942460
Aspergillus_fumigatus_IFM_59356-1	18	18	0	0	scaffold_2	2089736	2139736
Aspergillus_fumigatus_IFM_59356-1	16	16	0	0	scaffold_7	1307924	1357924
Aspergillus_fumigatus_IFM_59356-1	14	12	2	0	scaffold_3	1210411	1260411
Aspergillus_fumigatus_IFM_59356-1	20	18	2	0	scaffold_4	1020464	1070464
Aspergillus_fumigatus_IFM_59356-1	22	22	0	0	scaffold_2	4208683	4258683
Aspergillus_fumigatus_IFM_59356-1	22	20	2	0	scaffold_1	332740	382740
Aspergillus_fumigatus_IFM_59356-1	22	20	2	0	scaffold_3	4091771	4141771
Aspergillus_fumigatus_IFM_59356-1	25	22	3	0	scaffold_2	473285	523285
Aspergillus_fumigatus_IFM_59356-1	5	4	1	0	scaffold_4	1299592	1349592
Aspergillus_fumigatus_IFM_59356-1	19	18	1	0	scaffold_6	892969	942969
Aspergillus_fumigatus_IFM_59356-1	20	20	0	0	scaffold_2	688839	738839
Aspergillus_fumigatus_IFM_59356-1	24	23	1	0	scaffold_2	1960505	2010505
Aspergillus_fumigatus_IFM_59356-1	9	9	0	0	scaffold_7	675273	725273
Aspergillus_fumigatus_IFM_59356-1	21	19	2	0	scaffold_6	3341030	3391030
Aspergillus_fumigatus_IFM_59356-1	18	16	2	0	scaffold_4	1461616	1511616
Aspergillus_fumigatus_IFM_59356-1	13	13	0	0	scaffold_8	637703	687703
Aspergillus_fumigatus_IFM_59356-1	19	19	0	0	scaffold_8	1047034	1097034
Aspergillus_fumigatus_IFM_59356-1	18	15	3	0	scaffold_1	2959699	3009699
Aspergillus_fumigatus_IFM_59356-1	18	15	3	0	scaffold_1	4250888	4300888
Aspergillus_fumigatus_IFM_59356-1	25	21	4	0	scaffold_1	4042713	4092713
Aspergillus_fumigatus_IFM_59356-1	18	17	1	0	scaffold_8	846226	896226
Aspergillus_fumigatus_IFM_59356-1	13	12	1	0	scaffold_1	933350	983350
Aspergillus_fumigatus_IFM_59356-1	20	18	2	0	scaffold_1	1376930	1426930
Aspergillus_fumigatus_IFM_59356-1	23	22	1	0	scaffold_2	4269441	4319441
Aspergillus_fumigatus_IFM_59356-1	19	17	2	0	scaffold_1	1089561	1139561
Aspergillus_fumigatus_IFM_59356-1	17	16	1	0	scaffold_5	710077	760077
Aspergillus_fumigatus_IFM_59356-1	19	17	2	0	scaffold_5	430308	480308
Aspergillus_fumigatus_IFM_59356-1	16	16	0	0	scaffold_3	1484716	1534716
Aspergillus_fumigatus_IFM_59356-1	15	15	0	0	scaffold_4	2949334	2999334
Aspergillus_fumigatus_IFM_59356-1	19	16	3	0	scaffold_8	375004	425004
Aspergillus_fumigatus_IFM_59356-1	15	14	1	0	scaffold_6	1715887	1765887
Aspergillus_fumigatus_IFM_59356-1	18	16	2	0	scaffold_3	3493226	3543226
Aspergillus_fumigatus_IFM_59356-1	15	13	2	0	scaffold_4	3644535	3694535
Aspergillus_fumigatus_IFM_59356-1	21	18	3	0	scaffold_2	3839176	3889176
Aspergillus_fumigatus_IFM_59356-1	18	18	0	0	scaffold_3	295012	345012
Aspergillus_fumigatus_IFM_59356-1	22	20	2	0	scaffold_5	3151848	3201848
Aspergillus_fumigatus_IFM_59356-1	13	12	1	0	scaffold_1	3698310	3748310
Aspergillus_fumigatus_IFM_59356-1	20	19	1	0	scaffold_8	1195832	1245832
Aspergillus_fumigatus_IFM_59356-1	21	21	0	0	scaffold_8	1220669	1270669
Aspergillus_fumigatus_IFM_59356-1	16	16	0	0	scaffold_1	2539073	2589073
Aspergillus_fumigatus_IFM_59356-1	22	22	0	0	scaffold_5	1871971	1921971
Aspergillus_fumigatus_IFM_59356-1	19	12	7	0	scaffold_2	964246	1014246
Aspergillus_fumigatus_IFM_59356-1	20	17	3	0	scaffold_7	205824	255824
Aspergillus_fumigatus_IFM_59356-1	16	13	3	0	scaffold_5	2489681	2539681
Aspergillus_fumigatus_IFM_59356-1	8	8	0	0	scaffold_3	4302504	4352504
Aspergillus_fumigatus_IFM_59356-1	12	10	2	0	scaffold_3	4338627	4388627
Aspergillus_fumigatus_IFM_59356-1	16	16	0	0	scaffold_3	3991724	4041724
Aspergillus_fumigatus_IFM_59356-1	16	13	3	0	scaffold_1	3399870	3449870
Aspergillus_fumigatus_IFM_59356-1	16	15	1	0	scaffold_1	1268762	1318762
Aspergillus_fumigatus_IFM_59356-1	14	14	0	0	scaffold_3	3188167	3238167
Aspergillus_fumigatus_IFM_59356-1	12	11	1	0	scaffold_3	1769415	1819415
Aspergillus_fumigatus_IFM_59356-1	22	22	0	0	scaffold_2	708035	758035
Aspergillus_fumigatus_IFM_59356-1	18	17	1	0	scaffold_3	1997838	2047838
Aspergillus_fumigatus_IFM_59356-1	22	22	0	0	scaffold_3	1372746	1422746
Aspergillus_fumigatus_IFM_59356-1	21	20	1	0	scaffold_8	1594541	1644541
Aspergillus_fumigatus_IFM_59356-1	22	15	7	0	scaffold_5	2254585	2304585
Aspergillus_fumigatus_IFM_59356-1	23	22	1	0	scaffold_7	963166	1013166
Aspergillus_fumigatus_IFM_59356-1	3	3	0	0	scaffold_1	1577002	1627002
Aspergillus_fumigatus_IFM_59356-1	27	21	6	0	scaffold_8	1397812	1447812
Aspergillus_fumigatus_IFM_59356-1	20	17	3	0	scaffold_1	298411	348411
Aspergillus_fumigatus_IFM_59356-1	21	18	3	0	scaffold_6	114838	164838
Aspergillus_fumigatus_IFM_59356-1	18	18	0	0	scaffold_2	653880	703880
Aspergillus_fumigatus_IFM_59356-1	21	21	0	0	scaffold_5	1932625	1982625
Aspergillus_fumigatus_IFM_59356-1	20	20	0	0	scaffold_5	1403482	1453482
Aspergillus_fumigatus_IFM_59356-1	20	19	1	0	scaffold_3	1848775	1898775
Aspergillus_fumigatus_IFM_59356-1	19	18	1	0	scaffold_6	1308985	1358985
Aspergillus_fumigatus_IFM_59356-1	22	21	1	0	scaffold_4	2869826	2919826
Aspergillus_fumigatus_IFM_59356-1	21	21	0	0	scaffold_2	722111	772111
Aspergillus_fumigatus_IFM_59356-1	19	14	5	0	scaffold_3	436453	486453
Aspergillus_fumigatus_IFM_59356-1	19	17	2	0	scaffold_8	314574	364574
Aspergillus_fumigatus_IFM_59356-1	17	16	1	0	scaffold_2	4090385	4140385
Aspergillus_fumigatus_IFM_59356-1	20	16	4	0	scaffold_7	207212	257212
Aspergillus_fumigatus_IFM_59356-1	15	11	4	0	scaffold_5	2426490	2476490
Aspergillus_fumigatus_IFM_59356-1	22	22	0	0	scaffold_3	1405281	1455281
Aspergillus_fumigatus_IFM_59356-1	19	19	0	0	scaffold_8	1231537	1281537
Aspergillus_fumigatus_IFM_59356-1	20	20	0	0	scaffold_1	576442	626442
Aspergillus_fumigatus_IFM_59356-1	20	20	0	0	scaffold_5	1096445	1146445
Aspergillus_fumigatus_IFM_59356-1	16	15	1	0	scaffold_3	2678137	2728137
Aspergillus_fumigatus_IFM_59356-1	18	15	3	0	scaffold_2	3007237	3057237
Aspergillus_fumigatus_IFM_59356-1	25	21	4	0	scaffold_7	1607144	1657144
Aspergillus_fumigatus_IFM_59356-1	15	11	4	0	scaffold_2	4039464	4089464
Aspergillus_fumigatus_IFM_59356-1	18	17	1	0	scaffold_8	1260131	1310131
Aspergillus_fumigatus_IFM_59356-1	9	9	0	0	scaffold_4	1352838	1402838
Aspergillus_fumigatus_IFM_59356-1	22	19	3	0	scaffold_6	427492	477492
Aspergillus_fumigatus_IFM_59356-1	19	18	1	0	scaffold_1	2710088	2760088
Aspergillus_fumigatus_IFM_59356-1	22	20	2	0	scaffold_7	321514	371514
Aspergillus_fumigatus_IFM_59356-1	16	16	0	0	scaffold_2	3245978	3295978
Aspergillus_fumigatus_IFM_59356-1	4	4	0	0	scaffold_6	1234719	1284719
Aspergillus_fumigatus_IFM_59356-1	23	21	2	0	scaffold_7	1592697	1642697
Aspergillus_fumigatus_IFM_59356-1	20	20	0	0	scaffold_6	3449979	3499979
Aspergillus_fumigatus_IFM_59356-1	19	17	2	0	scaffold_7	189941	239941
Aspergillus_fumigatus_IFM_59356-1	17	15	2	0	scaffold_2	2910863	2960863
Aspergillus_fumigatus_IFM_59356-1	16	16	0	0	scaffold_1	1314616	1364616
Aspergillus_fumigatus_IFM_59356-1	16	15	1	0	scaffold_5	205921	255921
Aspergillus_fumigatus_IFM_59356-1	15	15	0	0	scaffold_2	624271	674271
Aspergillus_fumigatus_IFM_59356-1	24	21	3	0	scaffold_8	187023	237023
Aspergillus_fumigatus_IFM_59356-1	21	21	0	0	scaffold_5	1902960	1952960
Aspergillus_fumigatus_IFM_59356-1	20	20	0	0	scaffold_3	1389155	1439155
Aspergillus_fumigatus_IFM_59356-1	19	13	6	0	scaffold_3	403613	453613
Aspergillus_fumigatus_IFM_59356-1	22	21	1	0	scaffold_7	133730	183730
Aspergillus_fumigatus_IFM_59356-1	15	15	0	0	scaffold_5	1006988	1056988
Aspergillus_fumigatus_IFM_59356-1	20	17	3	0	scaffold_6	1202469	1252469
Aspergillus_fumigatus_IFM_59356-1	23	23	0	0	scaffold_7	988857	1038857
Aspergillus_fumigatus_IFM_59356-1	19	18	1	0	scaffold_1	3107660	3157660
Aspergillus_fumigatus_IFM_59356-1	27	24	3	0	scaffold_2	164961	214961
Aspergillus_fumigatus_IFM_59356-1	24	22	2	0	scaffold_6	754764	804764
Aspergillus_fumigatus_IFM_59356-1	20	18	2	0	scaffold_1	4586082	4636082
Aspergillus_fumigatus_IFM_59356-1	13	13	0	0	scaffold_2	3725754	3775754
Aspergillus_fumigatus_IFM_59356-1	24	24	0	0	scaffold_5	1852126	1902126
Aspergillus_fumigatus_IFM_59356-1	4	2	2	0	scaffold_6	1264796	1314796
Aspergillus_fumigatus_IFM_59356-1	20	18	2	0	scaffold_6	2718119	2768119
Aspergillus_fumigatus_IFM_59356-1	20	18	2	0	scaffold_3	1624039	1674039
Aspergillus_fumigatus_IFM_59356-1	19	16	3	0	scaffold_2	996882	1046882
Aspergillus_fumigatus_IFM_59356-1	14	13	1	0	scaffold_2	2412231	2462231
Aspergillus_fumigatus_IFM_59356-1	17	15	2	0	scaffold_2	1361187	1411187
Aspergillus_fumigatus_IFM_59356-1	19	16	3	0	scaffold_3	1113457	1163457
Aspergillus_fumigatus_IFM_59356-1	16	16	0	0	scaffold_4	1256567	1306567
Aspergillus_fumigatus_IFM_59356-1	20	20	0	0	scaffold_4	2203565	2253565
Aspergillus_fumigatus_IFM_59356-1	20	19	1	0	scaffold_6	1114341	1164341
Aspergillus_fumigatus_IFM_59356-1	26	20	6	0	scaffold_8	1412444	1462444
Aspergillus_fumigatus_IFM_59356-1	16	15	1	0	scaffold_6	454586	504586
Aspergillus_fumigatus_IFM_59356-1	20	17	3	0	scaffold_8	465026	515026
Aspergillus_fumigatus_IFM_59356-1	23	20	3	0	scaffold_1	4713613	4763613
Aspergillus_fumigatus_IFM_59356-1	21	21	0	0	scaffold_4	2965955	3015955
Aspergillus_fumigatus_IFM_59356-1	18	18	0	0	scaffold_8	618510	668510
Aspergillus_fumigatus_IFM_59356-1	24	22	2	0	scaffold_5	3521246	3571246
Aspergillus_fumigatus_IFM_59356-1	18	17	1	0	scaffold_4	1096223	1146223
Aspergillus_fumigatus_IFM_59356-1	19	18	1	0	scaffold_2	3487538	3537538
Aspergillus_fumigatus_IFM_59356-1	20	19	1	0	scaffold_3	1422036	1472036
Aspergillus_fumigatus_IFM_59356-1	18	18	0	0	scaffold_3	1307478	1357478
Aspergillus_fumigatus_IFM_59356-1	18	17	1	0	scaffold_7	473039	523039
Aspergillus_fumigatus_IFM_59356-1	21	18	3	0	scaffold_8	281370	331370
Aspergillus_fumigatus_IFM_59356-1	21	19	2	0	scaffold_1	245992	295992
Aspergillus_fumigatus_IFM_59356-1	0	0	0	0	scaffold_5	1245458	1295458
Aspergillus_fumigatus_IFM_59356-1	19	19	0	0	scaffold_2	3812256	3862256
Aspergillus_fumigatus_IFM_59356-1	16	7	9	0	scaffold_2	1771	51771
Aspergillus_fumigatus_IFM_59356-1	21	21	0	0	scaffold_5	1435812	1485812
Aspergillus_fumigatus_IFM_59356-1	19	19	0	0	scaffold_4	1204112	1254112
Aspergillus_fumigatus_IFM_59356-1	17	17	0	0	scaffold_8	622345	672345
Aspergillus_fumigatus_IFM_59356-1	23	19	4	0	scaffold_1	4054832	4104832
Aspergillus_fumigatus_IFM_59356-1	20	18	2	0	scaffold_3	345703	395703
Aspergillus_fumigatus_IFM_59356-1	22	22	0	0	scaffold_4	3343074	3393074
Aspergillus_fumigatus_IFM_59356-1	25	20	5	0	scaffold_2	1320995	1370995
Aspergillus_fumigatus_IFM_59356-1	24	24	0	0	scaffold_5	2356492	2406492
Aspergillus_fumigatus_IFM_59356-1	16	16	0	0	scaffold_3	4126606	4176606
Aspergillus_fumigatus_IFM_59356-1	14	10	4	0	scaffold_3	3818109	3868109
Aspergillus_fumigatus_IFM_59356-1	22	22	0	0	scaffold_3	1379598	1429598
Aspergillus_fumigatus_IFM_59356-1	17	17	0	0	scaffold_2	3175813	3225813
Aspergillus_fumigatus_IFM_59356-1	20	19	1	0	scaffold_4	1406082	1456082
Aspergillus_fumigatus_IFM_59356-1	14	14	0	0	scaffold_6	3235420	3285420
Aspergillus_fumigatus_IFM_59356-1	20	17	3	0	scaffold_1	3444741	3494741
Aspergillus_fumigatus_IFM_59356-1	22	21	1	0	scaffold_2	4155928	4205928
Aspergillus_fumigatus_IFM_59356-1	20	18	2	0	scaffold_3	3396198	3446198
Aspergillus_fumigatus_IFM_59356-1	14	14	0	0	scaffold_1	2506885	2556885
Aspergillus_fumigatus_IFM_59356-1	13	13	0	0	scaffold_1	957493	1007493
Aspergillus_fumigatus_IFM_59356-1	21	19	2	0	scaffold_2	4150511	4200511
Aspergillus_fumigatus_IFM_59356-1	15	12	3	0	scaffold_3	956649	1006649
Aspergillus_fumigatus_IFM_59356-1	21	20	1	0	scaffold_2	4260802	4310802
Aspergillus_fumigatus_IFM_59356-1	21	19	2	0	scaffold_2	3823469	3873469
Aspergillus_fumigatus_IFM_59356-1	21	19	2	0	scaffold_5	765072	815072
Aspergillus_fumigatus_IFM_59356-1	17	15	2	0	scaffold_4	2064921	2114921
Aspergillus_fumigatus_IFM_59356-1	15	15	0	0	scaffold_3	863719	913719
Aspergillus_fumigatus_IFM_59356-1	20	20	0	0	scaffold_6	624552	674552
Aspergillus_fumigatus_IFM_59356-1	0	0	0	0	scaffold_1	1561664	1611664
Aspergillus_fumigatus_IFM_59356-1	23	19	4	0	scaffold_1	3162440	3212440
Aspergillus_fumigatus_IFM_59356-1	16	15	1	0	scaffold_5	717561	767561
Aspergillus_fumigatus_IFM_59356-1	24	23	1	0	scaffold_4	1144753	1194753
Aspergillus_fumigatus_IFM_59356-1	7	5	2	0	scaffold_1	4353780	4403780
Aspergillus_fumigatus_IFM_59356-1	16	14	2	0	scaffold_1	1705787	1755787
Aspergillus_fumigatus_IFM_59356-1	22	22	0	0	scaffold_5	1409492	1459492
Aspergillus_fumigatus_IFM_59356-1	22	20	2	0	scaffold_3	2699214	2749214
Aspergillus_fumigatus_IFM_59356-1	17	15	2	0	scaffold_3	1216020	1266020
Aspergillus_fumigatus_IFM_59356-1	11	10	1	0	scaffold_1	4002058	4052058
Aspergillus_fumigatus_IFM_59356-1	22	19	3	0	scaffold_3	122658	172658
Aspergillus_fumigatus_IFM_59356-1	19	16	3	0	scaffold_2	2901072	2951072
Aspergillus_fumigatus_IFM_59356-1	20	20	0	0	scaffold_6	1672239	1722239
Aspergillus_fumigatus_IFM_59356-1	19	10	9	0	scaffold_2	746798	796798
Aspergillus_fumigatus_IFM_59356-1	25	17	8	0	scaffold_7	1227488	1277488
Aspergillus_fumigatus_IFM_59356-1	17	17	0	0	scaffold_5	1386008	1436008
Aspergillus_fumigatus_IFM_59356-1	15	14	1	0	scaffold_3	2377117	2427117
Aspergillus_fumigatus_IFM_59356-1	18	16	2	0	scaffold_3	3485455	3535455
Aspergillus_fumigatus_IFM_59356-1	18	18	0	0	scaffold_5	2131765	2181765
Aspergillus_fumigatus_IFM_59356-1	18	18	0	0	scaffold_1	590420	640420
Aspergillus_fumigatus_IFM_59356-1	21	20	1	0	scaffold_2	2494047	2544047
Aspergillus_fumigatus_IFM_59356-1	14	14	0	0	scaffold_4	2941604	2991604
Aspergillus_fumigatus_IFM_59356-1	19	17	2	0	scaffold_2	2725830	2775830
Aspergillus_fumigatus_IFM_59356-1	17	15	1	1	scaffold_5	571476	621476
Aspergillus_fumigatus_IFM_59356-1	21	19	2	0	scaffold_6	1019044	1069044
Aspergillus_fumigatus_IFM_59356-1	21	17	4	0	scaffold_4	1842541	1892541
Aspergillus_fumigatus_IFM_59356-1	23	21	2	0	scaffold_6	749968	799968
Aspergillus_fumigatus_IFM_59356-1	26	22	4	0	scaffold_7	1696380	1746380
Aspergillus_fumigatus_IFM_59356-1	19	17	2	0	scaffold_3	1983721	2033721
Aspergillus_fumigatus_IFM_59356-1	15	15	0	0	scaffold_1	1725531	1775531
Aspergillus_fumigatus_IFM_59356-1	20	17	3	0	scaffold_5	2084045	2134045
Aspergillus_fumigatus_IFM_59356-1	8	7	1	0	scaffold_6	2160408	2210408
Aspergillus_fumigatus_IFM_59356-1	19	18	1	0	scaffold_6	942784	992784
Aspergillus_fumigatus_IFM_59356-1	20	17	3	0	scaffold_4	1966095	2016095
Aspergillus_fumigatus_IFM_59356-1	21	19	2	0	scaffold_3	3361791	3411791
Aspergillus_fumigatus_IFM_59356-1	13	11	2	0	scaffold_5	532747	582747
Aspergillus_fumigatus_IFM_59356-1	20	18	2	0	scaffold_1	245383	295383
Aspergillus_fumigatus_IFM_59356-1	22	17	5	0	scaffold_7	1654485	1704485
Aspergillus_fumigatus_IFM_59356-1	23	23	0	0	scaffold_5	1865334	1915334
Aspergillus_fumigatus_IFM_59356-1	22	19	3	0	scaffold_6	435013	485013
Aspergillus_fumigatus_IFM_59356-1	15	14	1	0	scaffold_1	4749426	4799426
Aspergillus_fumigatus_IFM_59356-1	21	16	5	0	scaffold_7	219033	269033
Aspergillus_fumigatus_IFM_59356-1	18	14	4	0	scaffold_6	137415	187415
Aspergillus_fumigatus_IFM_59356-1	19	18	1	0	scaffold_4	856163	906163
Aspergillus_fumigatus_IFM_59356-1	15	2	13	0	scaffold_5	96148	146148
Aspergillus_fumigatus_IFM_59356-1	19	18	1	0	scaffold_3	3402258	3452258
Aspergillus_fumigatus_IFM_59356-1	16	16	0	0	scaffold_3	1586678	1636678
Aspergillus_fumigatus_IFM_59356-1	18	17	1	0	scaffold_4	564937	614937
Aspergillus_fumigatus_IFM_59356-1	18	18	0	0	scaffold_6	3227603	3277603
Aspergillus_fumigatus_IFM_59356-1	0	0	0	0	scaffold_8	712275	762275
Aspergillus_fumigatus_IFM_59356-1	19	1	18	0	scaffold_2	1188528	1238528
Aspergillus_fumigatus_IFM_59356-1	21	21	0	0	scaffold_5	2344966	2394966
Aspergillus_fumigatus_IFM_59356-1	20	15	5	0	scaffold_7	81907	131907
Aspergillus_fumigatus_IFM_59356-1	20	14	6	0	scaffold_1	4501578	4551578
Aspergillus_fumigatus_IFM_59356-1	16	16	0	0	scaffold_5	3382328	3432328
Aspergillus_fumigatus_IFM_59356-1	19	18	1	0	scaffold_8	113397	163397
Aspergillus_fumigatus_IFM_59356-1	21	20	1	0	scaffold_6	888833	938833
Aspergillus_fumigatus_IFM_59356-1	16	14	2	0	scaffold_1	1410780	1460780
Aspergillus_fumigatus_IFM_59356-1	23	22	1	0	scaffold_6	1034830	1084830
Aspergillus_fumigatus_IFM_59356-1	16	11	5	0	scaffold_1	3594289	3644289
Aspergillus_fumigatus_IFM_59356-1	19	18	1	0	scaffold_4	3683391	3733391
Aspergillus_fumigatus_IFM_59356-1	28	23	5	0	scaffold_6	46292	96292
Aspergillus_fumigatus_IFM_59356-1	22	21	1	0	scaffold_2	239398	289398
Aspergillus_fumigatus_IFM_59356-1	25	21	4	0	scaffold_2	1419721	1469721
Aspergillus_fumigatus_IFM_59356-1	17	16	1	0	scaffold_3	659160	709160
Aspergillus_fumigatus_IFM_59356-1	20	17	3	0	scaffold_2	3024873	3074873
Aspergillus_fumigatus_IFM_59356-1	23	20	3	0	scaffold_1	3951254	4001254
Aspergillus_fumigatus_IFM_59356-1	18	17	1	0	scaffold_2	3000622	3050622
Aspergillus_fumigatus_IFM_59356-1	22	21	1	0	scaffold_4	477596	527596
Aspergillus_fumigatus_IFM_59356-1	14	10	4	0	scaffold_5	171020	221020
Aspergillus_fumigatus_IFM_59356-1	21	19	2	0	scaffold_6	2954180	3004180
Aspergillus_fumigatus_IFM_59356-1	24	18	6	0	scaffold_7	1411823	1461823
Aspergillus_fumigatus_IFM_59356-1	22	1	21	0	scaffold_1	4418471	4468471
Aspergillus_fumigatus_IFM_59356-1	23	22	1	0	scaffold_3	3943381	3993381
Aspergillus_fumigatus_IFM_59356-1	20	20	0	0	scaffold_4	715276	765276
Aspergillus_fumigatus_IFM_59356-1	23	21	2	0	scaffold_4	645124	695124
Aspergillus_fumigatus_IFM_59356-1	27	21	6	0	scaffold_1	4184499	4234499
Aspergillus_fumigatus_IFM_59356-1	21	17	4	0	scaffold_5	2042272	2092272
Aspergillus_fumigatus_IFM_59356-1	19	17	2	0	scaffold_6	2991519	3041519
Aspergillus_fumigatus_IFM_59356-1	23	21	2	0	scaffold_3	2716811	2766811
Aspergillus_fumigatus_IFM_59356-1	23	20	3	0	scaffold_3	3384702	3434702
Aspergillus_fumigatus_IFM_59356-1	16	16	0	0	scaffold_1	711655	761655
Aspergillus_fumigatus_IFM_59356-1	24	23	1	0	scaffold_6	1543697	1593697
Aspergillus_fumigatus_IFM_59356-1	22	22	0	0	scaffold_3	1406315	1456315
Aspergillus_fumigatus_IFM_59356-1	14	13	1	0	scaffold_1	3045292	3095292
Aspergillus_fumigatus_IFM_59356-1	23	21	2	0	scaffold_8	1662498	1712498
Aspergillus_fumigatus_IFM_59356-1	19	17	2	0	scaffold_1	815326	865326
Aspergillus_fumigatus_IFM_59356-1	16	16	0	0	scaffold_6	976050	1026050
Aspergillus_fumigatus_IFM_59356-1	22	19	3	0	scaffold_2	44073	94073
Aspergillus_fumigatus_IFM_59356-1	24	24	0	0	scaffold_5	2556674	2606674
Aspergillus_fumigatus_IFM_59356-1	18	18	0	0	scaffold_7	1050944	1100944
Aspergillus_fumigatus_IFM_59356-1	16	16	0	0	scaffold_3	537049	587049
Aspergillus_fumigatus_IFM_59356-1	23	21	2	0	scaffold_3	2707924	2757924
Aspergillus_fumigatus_IFM_59356-1	20	18	2	0	scaffold_1	2270108	2320108
Aspergillus_fumigatus_IFM_59356-1	21	18	3	0	scaffold_2	2766216	2816216
Aspergillus_fumigatus_IFM_59356-1	19	19	0	0	scaffold_2	668558	718558
Aspergillus_fumigatus_IFM_59356-1	14	13	1	0	scaffold_5	3241399	3291399
Aspergillus_fumigatus_IFM_59356-1	20	17	3	0	scaffold_4	3559823	3609823
Aspergillus_fumigatus_IFM_59356-1	22	22	0	0	scaffold_4	501339	551339
Aspergillus_fumigatus_IFM_59356-1	26	21	5	0	scaffold_4	3852509	3902509
Aspergillus_fumigatus_IFM_59356-1	28	24	4	0	scaffold_4	4004566	4054566
Aspergillus_fumigatus_IFM_59356-1	19	18	1	0	scaffold_2	1816663	1866663
Aspergillus_fumigatus_IFM_59356-1	11	10	1	0	scaffold_5	540193	590193
Aspergillus_fumigatus_IFM_59356-1	21	21	0	0	scaffold_4	505009	555009
Aspergillus_fumigatus_IFM_59356-1	13	12	1	0	scaffold_3	2382956	2432956
Aspergillus_fumigatus_IFM_59356-1	24	10	14	0	scaffold_4	3723487	3773487
Aspergillus_fumigatus_IFM_59356-1	19	18	1	0	scaffold_1	1250350	1300350
Aspergillus_fumigatus_IFM_59356-1	15	14	1	0	scaffold_6	483145	533145
Aspergillus_fumigatus_IFM_59356-1	23	23	0	0	scaffold_4	1151517	1201517
Aspergillus_fumigatus_IFM_59356-1	13	12	1	0	scaffold_5	2514424	2564424
Aspergillus_fumigatus_IFM_59356-1	16	16	0	0	scaffold_2	580747	630747
Aspergillus_fumigatus_IFM_59356-1	23	22	1	0	scaffold_2	4226725	4276725
Aspergillus_fumigatus_IFM_59356-1	19	17	2	0	scaffold_3	3782822	3832822
Aspergillus_fumigatus_IFM_59356-1	15	13	2	0	scaffold_8	1517608	1567608
Aspergillus_fumigatus_IFM_59356-1	21	20	1	0	scaffold_1	3100051	3150051
Aspergillus_fumigatus_IFM_59356-1	19	16	3	0	scaffold_1	1093817	1143817
Aspergillus_fumigatus_IFM_59356-1	21	19	2	0	scaffold_1	3670072	3720072
Aspergillus_fumigatus_IFM_59356-1	17	16	1	0	scaffold_2	2850749	2900749
Aspergillus_fumigatus_IFM_59356-1	27	20	7	0	scaffold_4	331757	381757
Aspergillus_fumigatus_IFM_59356-1	16	15	1	0	scaffold_6	1731749	1781749
Aspergillus_fumigatus_IFM_59356-1	15	14	1	0	scaffold_8	1275584	1325584
Aspergillus_fumigatus_IFM_59356-1	20	19	1	0	scaffold_8	1606674	1656674
Aspergillus_fumigatus_IFM_59356-1	17	17	0	0	scaffold_4	1242812	1292812
Aspergillus_fumigatus_IFM_59356-1	21	17	4	0	scaffold_1	152638	202638
Aspergillus_fumigatus_IFM_59356-1	19	12	7	0	scaffold_1	4477338	4527338
Aspergillus_fumigatus_IFM_59356-1	16	15	1	0	scaffold_6	2688297	2738297
Aspergillus_fumigatus_IFM_59356-1	22	20	2	0	scaffold_6	106335	156335
Aspergillus_fumigatus_IFM_59356-1	10	9	1	0	scaffold_4	2369323	2419323
Aspergillus_fumigatus_IFM_59356-1	17	15	2	0	scaffold_5	2458994	2508994
Aspergillus_fumigatus_IFM_59356-1	8	8	0	0	scaffold_2	1514784	1564784
Aspergillus_fumigatus_IFM_59356-1	20	17	3	0	scaffold_5	2299164	2349164
Aspergillus_fumigatus_IFM_59356-1	16	15	1	0	scaffold_4	3654623	3704623
Aspergillus_fumigatus_IFM_59356-1	22	21	1	0	scaffold_2	2499530	2549530
Aspergillus_fumigatus_IFM_59356-1	22	18	4	0	scaffold_1	3930659	3980659
Aspergillus_fumigatus_IFM_59356-1	21	20	1	0	scaffold_5	2329040	2379040
Aspergillus_fumigatus_IFM_59356-1	15	15	0	0	scaffold_1	2724732	2774732
Aspergillus_fumigatus_IFM_59356-1	25	19	6	0	scaffold_6	2256549	2306549
Aspergillus_fumigatus_IFM_59356-1	19	17	2	0	scaffold_4	1448702	1498702
Aspergillus_fumigatus_IFM_59356-1	20	15	5	0	scaffold_1	4503011	4553011
Aspergillus_fumigatus_IFM_59356-1	20	19	1	0	scaffold_8	1604582	1654582
Aspergillus_fumigatus_IFM_59356-1	22	20	2	0	scaffold_2	2595369	2645369
Aspergillus_fumigatus_IFM_59356-1	17	17	0	0	scaffold_6	3193662	3243662
Aspergillus_fumigatus_IFM_59356-1	18	18	0	0	scaffold_4	2326599	2376599
Aspergillus_fumigatus_IFM_59356-1	15	8	7	0	scaffold_5	297642	347642
Aspergillus_fumigatus_IFM_59356-1	13	11	2	0	scaffold_6	1948035	1998035
Aspergillus_fumigatus_IFM_59356-1	19	17	2	0	scaffold_2	3461792	3511792
Aspergillus_fumigatus_IFM_59356-1	19	18	1	0	scaffold_3	2953153	3003153
Aspergillus_fumigatus_IFM_59356-1	15	14	1	0	scaffold_8	1280513	1330513
Aspergillus_fumigatus_IFM_59356-1	23	23	0	0	scaffold_6	2557128	2607128
Aspergillus_fumigatus_IFM_59356-1	18	18	0	0	scaffold_3	3337008	3387008
Aspergillus_fumigatus_IFM_59356-1	11	8	3	0	scaffold_1	2019909	2069909
Aspergillus_fumigatus_IFM_59356-1	16	15	1	0	scaffold_3	648099	698099
Aspergillus_fumigatus_IFM_59356-1	18	17	1	0	scaffold_1	2397659	2447659
Aspergillus_fumigatus_IFM_59356-1	18	15	3	0	scaffold_5	2605505	2655505
Aspergillus_fumigatus_IFM_59356-1	26	19	7	0	scaffold_4	402538	452538
Aspergillus_fumigatus_IFM_59356-1	12	12	0	0	scaffold_6	2283995	2333995
Aspergillus_fumigatus_IFM_59356-1	17	14	3	0	scaffold_1	3452646	3502646
Aspergillus_fumigatus_IFM_59356-1	27	22	5	0	scaffold_8	1422488	1472488
Aspergillus_fumigatus_IFM_59356-1	21	19	2	0	scaffold_1	1245459	1295459
Aspergillus_fumigatus_IFM_59356-1	19	18	1	0	scaffold_5	877764	927764
Aspergillus_fumigatus_IFM_59356-1	28	25	3	0	scaffold_2	4327136	4377136
Aspergillus_fumigatus_IFM_59356-1	14	14	0	0	scaffold_1	3976990	4026990
Aspergillus_fumigatus_IFM_59356-1	16	2	14	0	scaffold_5	130529	180529
Aspergillus_fumigatus_IFM_59356-1	14	14	0	0	scaffold_2	1794673	1844673
Aspergillus_fumigatus_IFM_59356-1	17	16	1	0	scaffold_4	951412	1001412
Aspergillus_fumigatus_IFM_59356-1	15	15	0	0	scaffold_6	1806000	1856000
Aspergillus_fumigatus_IFM_59356-1	19	17	2	0	scaffold_3	3775153	3825153
Aspergillus_fumigatus_IFM_59356-1	17	14	3	0	scaffold_4	3028183	3078183
Aspergillus_fumigatus_IFM_59356-1	21	17	4	0	scaffold_1	3175661	3225661
Aspergillus_fumigatus_IFM_59356-1	21	9	12	0	scaffold_6	16282	66282
Aspergillus_fumigatus_IFM_59356-1	18	17	1	0	scaffold_3	140663	190663
Aspergillus_fumigatus_IFM_59356-1	17	17	0	0	scaffold_2	591595	641595
Aspergillus_fumigatus_IFM_59356-1	21	20	1	0	scaffold_1	2383897	2433897
Aspergillus_fumigatus_IFM_59356-1	22	20	2	0	scaffold_4	2539992	2589992
Aspergillus_fumigatus_IFM_59356-1	19	17	2	0	scaffold_4	1007101	1057101
Aspergillus_fumigatus_IFM_59356-1	20	19	1	0	scaffold_8	117789	167789
Aspergillus_fumigatus_IFM_59356-1	17	15	2	0	scaffold_1	408789	458789
Aspergillus_fumigatus_IFM_59356-1	20	16	4	0	scaffold_3	1527607	1577607
Aspergillus_fumigatus_IFM_59356-1	20	17	3	0	scaffold_8	372315	422315
Aspergillus_fumigatus_IFM_59356-1	18	18	0	0	scaffold_4	2491858	2541858
Aspergillus_fumigatus_IFM_59356-1	15	14	1	0	scaffold_1	1973676	2023676
Aspergillus_fumigatus_IFM_59356-1	15	14	1	0	scaffold_7	913107	963107
Aspergillus_fumigatus_IFM_59356-1	21	20	1	0	scaffold_1	3003902	3053902
Aspergillus_fumigatus_IFM_59356-1	17	17	0	0	scaffold_4	768448	818448
Aspergillus_fumigatus_IFM_59356-1	23	20	3	0	scaffold_3	119385	169385
Aspergillus_fumigatus_IFM_59356-1	17	16	1	0	scaffold_1	858631	908631
Aspergillus_fumigatus_IFM_59356-1	19	17	2	0	scaffold_4	2600113	2650113
Aspergillus_fumigatus_IFM_59356-1	14	14	0	0	scaffold_5	2685494	2735494
Aspergillus_fumigatus_IFM_59356-1	14	14	0	0	scaffold_5	2691496	2741496
Aspergillus_fumigatus_IFM_59356-1	18	16	2	0	scaffold_4	1887375	1937375
Aspergillus_fumigatus_IFM_59356-1	12	11	1	0	scaffold_5	1487162	1537162
Aspergillus_fumigatus_IFM_59356-1	20	19	1	0	scaffold_8	1593038	1643038
Aspergillus_fumigatus_IFM_59356-1	18	17	1	0	scaffold_3	1997984	2047984
Aspergillus_fumigatus_IFM_59356-1	15	11	4	0	scaffold_2	4037482	4087482
Aspergillus_fumigatus_IFM_59356-1	16	16	0	0	scaffold_6	949006	999006
Aspergillus_fumigatus_IFM_59356-1	21	19	2	0	scaffold_1	242749	292749
Aspergillus_fumigatus_IFM_59356-1	20	15	5	0	scaffold_2	736883	786883
Aspergillus_fumigatus_IFM_59356-1	15	9	6	0	scaffold_5	164368	214368
Aspergillus_fumigatus_IFM_59356-1	9	6	3	0	scaffold_8	795840	845840
Aspergillus_fumigatus_IFM_59356-1	16	11	5	0	scaffold_8	536677	586677
Aspergillus_fumigatus_IFM_59356-1	21	19	2	0	scaffold_8	248803	298803
Aspergillus_fumigatus_IFM_59356-1	20	17	3	0	scaffold_6	1185649	1235649
Aspergillus_fumigatus_IFM_59356-1	22	21	1	0	scaffold_3	1872525	1922525
Aspergillus_fumigatus_IFM_59356-1	23	18	5	0	scaffold_1	4205750	4255750
Aspergillus_fumigatus_IFM_59356-1	10	10	0	0	scaffold_6	2174732	2224732
Aspergillus_fumigatus_IFM_59356-1	21	18	3	0	scaffold_6	676990	726990
Aspergillus_fumigatus_IFM_59356-1	18	15	3	0	scaffold_1	2952826	3002826
Aspergillus_fumigatus_IFM_59356-1	21	14	7	0	scaffold_4	4048978	4098978
Aspergillus_fumigatus_IFM_59356-1	19	18	1	0	scaffold_5	3127005	3177005
Aspergillus_fumigatus_IFM_59356-1	16	1	15	0	scaffold_5	106501	156501
Aspergillus_fumigatus_IFM_59356-1	19	15	4	0	scaffold_1	4132820	4182820
Aspergillus_fumigatus_IFM_59356-1	13	11	2	0	scaffold_1	2890813	2940813
Aspergillus_fumigatus_IFM_59356-1	17	15	2	0	scaffold_3	3459424	3509424
Aspergillus_fumigatus_IFM_59356-1	20	20	0	0	scaffold_1	549789	599789
Aspergillus_fumigatus_IFM_59356-1	8	8	0	0	scaffold_3	2202044	2252044
Aspergillus_fumigatus_IFM_59356-1	20	19	1	0	scaffold_6	550843	600843
Aspergillus_fumigatus_IFM_59356-1	17	15	2	0	scaffold_5	3323557	3373557
Aspergillus_fumigatus_IFM_59356-1	19	18	1	0	scaffold_4	1397808	1447808
Aspergillus_fumigatus_IFM_59356-1	24	22	2	0	scaffold_1	2809160	2859160
Aspergillus_fumigatus_IFM_59356-1	21	19	2	0	scaffold_1	2568760	2618760
Aspergillus_fumigatus_IFM_59356-1	15	12	3	0	scaffold_1	2857619	2907619
Aspergillus_fumigatus_IFM_59356-1	25	24	1	0	scaffold_5	804336	854336
Aspergillus_fumigatus_IFM_59356-1	20	18	2	0	scaffold_5	3156272	3206272
Aspergillus_fumigatus_IFM_59356-1	18	15	3	0	scaffold_6	1171191	1221191
Aspergillus_fumigatus_IFM_59356-1	19	16	3	0	scaffold_6	3412181	3462181
Aspergillus_fumigatus_IFM_59356-1	18	17	1	0	scaffold_3	160244	210244
Aspergillus_fumigatus_IFM_59356-1	21	20	1	0	scaffold_1	339678	389678
Aspergillus_fumigatus_IFM_59356-1	18	16	2	0	scaffold_3	3783964	3833964
Aspergillus_fumigatus_IFM_59356-1	19	18	1	0	scaffold_3	153621	203621
Aspergillus_fumigatus_IFM_59356-1	18	16	2	0	scaffold_8	291247	341247
Aspergillus_fumigatus_IFM_59356-1	21	19	2	0	scaffold_8	120696	170696
Aspergillus_fumigatus_IFM_59356-1	23	20	3	0	scaffold_3	2114074	2164074
Aspergillus_fumigatus_IFM_59356-1	9	9	0	0	scaffold_1	1479541	1529541
Aspergillus_fumigatus_IFM_59356-1	18	18	0	0	scaffold_4	529377	579377
Aspergillus_fumigatus_IFM_59356-1	17	16	1	0	scaffold_3	3408965	3458965
