STRAIN	TOTAL	CORE	ACCESSORY	SINGLETON	CHROM	START	END
Aspergillus_fumigatus_DMC2_AF100-12_9	38	31	7	0	scaffold_6	2291242	2391242
Aspergillus_fumigatus_DMC2_AF100-12_9	32	31	1	0	scaffold_5	2831079	2931079
Aspergillus_fumigatus_DMC2_AF100-12_9	10	9	1	0	scaffold_3	1304385	1404385
Aspergillus_fumigatus_DMC2_AF100-12_9	34	31	3	0	scaffold_7	1537236	1637236
Aspergillus_fumigatus_DMC2_AF100-12_9	33	30	3	0	scaffold_2	2941855	3041855
Aspergillus_fumigatus_DMC2_AF100-12_9	37	35	2	0	scaffold_3	1388323	1488323
Aspergillus_fumigatus_DMC2_AF100-12_9	34	34	0	0	scaffold_4	678398	778398
Aspergillus_fumigatus_DMC2_AF100-12_9	39	34	5	0	scaffold_4	2190857	2290857
Aspergillus_fumigatus_DMC2_AF100-12_9	33	29	4	0	scaffold_4	1073187	1173187
Aspergillus_fumigatus_DMC2_AF100-12_9	44	42	2	0	scaffold_5	2258941	2358941
Aspergillus_fumigatus_DMC2_AF100-12_9	37	37	0	0	scaffold_2	1987341	2087341
Aspergillus_fumigatus_DMC2_AF100-12_9	40	35	5	0	scaffold_7	93083	193083
Aspergillus_fumigatus_DMC2_AF100-12_9	34	33	1	0	scaffold_3	1512375	1612375
Aspergillus_fumigatus_DMC2_AF100-12_9	48	45	3	0	scaffold_3	4008302	4108302
Aspergillus_fumigatus_DMC2_AF100-12_9	43	40	3	0	scaffold_3	2167624	2267624
Aspergillus_fumigatus_DMC2_AF100-12_9	34	31	3	0	scaffold_6	2359420	2459420
Aspergillus_fumigatus_DMC2_AF100-12_9	38	32	6	0	scaffold_4	195496	295496
Aspergillus_fumigatus_DMC2_AF100-12_9	35	31	4	0	scaffold_4	1084719	1184719
Aspergillus_fumigatus_DMC2_AF100-12_9	28	20	8	0	scaffold_6	335543	435543
Aspergillus_fumigatus_DMC2_AF100-12_9	35	34	1	0	scaffold_2	3433698	3533698
Aspergillus_fumigatus_DMC2_AF100-12_9	43	41	2	0	scaffold_7	1633348	1733348
Aspergillus_fumigatus_DMC2_AF100-12_9	42	37	5	0	scaffold_4	3830769	3930769
Aspergillus_fumigatus_DMC2_AF100-12_9	39	35	4	0	scaffold_2	55347	155347
Aspergillus_fumigatus_DMC2_AF100-12_9	45	34	11	0	scaffold_4	109513	209513
Aspergillus_fumigatus_DMC2_AF100-12_9	38	32	6	0	scaffold_1	2746761	2846761
Aspergillus_fumigatus_DMC2_AF100-12_9	42	35	7	0	scaffold_3	2482228	2582228
Aspergillus_fumigatus_DMC2_AF100-12_9	41	38	3	0	scaffold_5	2449584	2549584
Aspergillus_fumigatus_DMC2_AF100-12_9	33	30	3	0	scaffold_2	2779710	2879710
Aspergillus_fumigatus_DMC2_AF100-12_9	38	37	1	0	scaffold_3	1846786	1946786
Aspergillus_fumigatus_DMC2_AF100-12_9	38	35	3	0	scaffold_2	864647	964647
Aspergillus_fumigatus_DMC2_AF100-12_9	40	39	1	0	scaffold_2	3498831	3598831
Aspergillus_fumigatus_DMC2_AF100-12_9	38	34	4	0	scaffold_1	1270157	1370157
Aspergillus_fumigatus_DMC2_AF100-12_9	41	40	1	0	scaffold_1	979893	1079893
Aspergillus_fumigatus_DMC2_AF100-12_9	46	37	9	0	scaffold_4	40316	140316
Aspergillus_fumigatus_DMC2_AF100-12_9	37	33	4	0	scaffold_5	3254292	3354292
Aspergillus_fumigatus_DMC2_AF100-12_9	34	34	0	0	scaffold_4	2057947	2157947
Aspergillus_fumigatus_DMC2_AF100-12_9	31	29	2	0	scaffold_1	2429504	2529504
Aspergillus_fumigatus_DMC2_AF100-12_9	35	34	1	0	scaffold_3	317790	417790
Aspergillus_fumigatus_DMC2_AF100-12_9	37	36	1	0	scaffold_1	1908938	2008938
Aspergillus_fumigatus_DMC2_AF100-12_9	44	28	16	0	scaffold_5	2148934	2248934
Aspergillus_fumigatus_DMC2_AF100-12_9	42	36	6	0	scaffold_1	3589411	3689411
Aspergillus_fumigatus_DMC2_AF100-12_9	34	34	0	0	scaffold_4	2057527	2157527
Aspergillus_fumigatus_DMC2_AF100-12_9	41	37	4	0	scaffold_5	1609358	1709358
Aspergillus_fumigatus_DMC2_AF100-12_9	33	29	4	0	scaffold_3	3409065	3509065
Aspergillus_fumigatus_DMC2_AF100-12_9	38	35	3	0	scaffold_7	232422	332422
Aspergillus_fumigatus_DMC2_AF100-12_9	41	36	5	0	scaffold_5	25672	125672
Aspergillus_fumigatus_DMC2_AF100-12_9	18	15	3	0	scaffold_1	1494031	1594031
Aspergillus_fumigatus_DMC2_AF100-12_9	39	38	1	0	scaffold_6	3117255	3217255
Aspergillus_fumigatus_DMC2_AF100-12_9	46	41	5	0	scaffold_3	3692454	3792454
Aspergillus_fumigatus_DMC2_AF100-12_9	40	35	5	0	scaffold_5	86188	186188
Aspergillus_fumigatus_DMC2_AF100-12_9	39	33	6	0	scaffold_4	3197405	3297405
Aspergillus_fumigatus_DMC2_AF100-12_9	35	34	1	0	scaffold_1	1371946	1471946
Aspergillus_fumigatus_DMC2_AF100-12_9	43	41	2	0	scaffold_6	1747228	1847228
Aspergillus_fumigatus_DMC2_AF100-12_9	20	15	5	0	scaffold_5	3529764	3629764
Aspergillus_fumigatus_DMC2_AF100-12_9	37	34	3	0	scaffold_3	2103131	2203131
Aspergillus_fumigatus_DMC2_AF100-12_9	4	3	1	0	scaffold_2	1165103	1265103
Aspergillus_fumigatus_DMC2_AF100-12_9	42	33	9	0	scaffold_5	140633	240633
Aspergillus_fumigatus_DMC2_AF100-12_9	43	43	0	0	scaffold_5	2896488	2996488
Aspergillus_fumigatus_DMC2_AF100-12_9	44	36	8	0	scaffold_4	12069	112069
Aspergillus_fumigatus_DMC2_AF100-12_9	38	35	3	0	scaffold_5	1922243	2022243
Aspergillus_fumigatus_DMC2_AF100-12_9	37	35	2	0	scaffold_2	2279489	2379489
Aspergillus_fumigatus_DMC2_AF100-12_9	37	29	8	0	scaffold_1	2695349	2795349
Aspergillus_fumigatus_DMC2_AF100-12_9	34	32	2	0	scaffold_1	2880804	2980804
Aspergillus_fumigatus_DMC2_AF100-12_9	37	28	9	0	scaffold_5	110835	210835
Aspergillus_fumigatus_DMC2_AF100-12_9	38	33	5	0	scaffold_6	830908	930908
Aspergillus_fumigatus_DMC2_AF100-12_9	29	26	3	0	scaffold_4	3238960	3338960
Aspergillus_fumigatus_DMC2_AF100-12_9	37	36	1	0	scaffold_2	3450129	3550129
Aspergillus_fumigatus_DMC2_AF100-12_9	26	21	5	0	scaffold_4	1550212	1650212
Aspergillus_fumigatus_DMC2_AF100-12_9	36	32	4	0	scaffold_6	2900008	3000008
Aspergillus_fumigatus_DMC2_AF100-12_9	36	34	2	0	scaffold_6	1286099	1386099
Aspergillus_fumigatus_DMC2_AF100-12_9	32	30	2	0	scaffold_2	3317161	3417161
Aspergillus_fumigatus_DMC2_AF100-12_9	39	29	10	0	scaffold_1	30108	130108
Aspergillus_fumigatus_DMC2_AF100-12_9	32	28	4	0	scaffold_1	1167370	1267370
Aspergillus_fumigatus_DMC2_AF100-12_9	43	41	2	0	scaffold_3	2288291	2388291
Aspergillus_fumigatus_DMC2_AF100-12_9	37	29	8	0	scaffold_3	1037672	1137672
Aspergillus_fumigatus_DMC2_AF100-12_9	40	33	7	0	scaffold_3	1973302	2073302
Aspergillus_fumigatus_DMC2_AF100-12_9	26	22	4	0	scaffold_4	1608953	1708953
Aspergillus_fumigatus_DMC2_AF100-12_9	34	32	2	0	scaffold_8	809609	909609
Aspergillus_fumigatus_DMC2_AF100-12_9	33	29	4	0	scaffold_1	2064907	2164907
Aspergillus_fumigatus_DMC2_AF100-12_9	34	31	3	0	scaffold_2	3074257	3174257
Aspergillus_fumigatus_DMC2_AF100-12_9	34	30	4	0	scaffold_1	4283418	4383418
Aspergillus_fumigatus_DMC2_AF100-12_9	33	31	2	0	scaffold_1	529725	629725
Aspergillus_fumigatus_DMC2_AF100-12_9	43	29	14	0	scaffold_5	2132988	2232988
Aspergillus_fumigatus_DMC2_AF100-12_9	40	32	8	0	scaffold_4	2446369	2546369
Aspergillus_fumigatus_DMC2_AF100-12_9	35	33	2	0	scaffold_5	1251047	1351047
Aspergillus_fumigatus_DMC2_AF100-12_9	35	32	3	0	scaffold_4	910687	1010687
Aspergillus_fumigatus_DMC2_AF100-12_9	35	32	3	0	scaffold_7	1548629	1648629
Aspergillus_fumigatus_DMC2_AF100-12_9	31	30	1	0	scaffold_1	3454633	3554633
Aspergillus_fumigatus_DMC2_AF100-12_9	44	42	2	0	scaffold_6	3507218	3607218
Aspergillus_fumigatus_DMC2_AF100-12_9	38	34	4	0	scaffold_5	616299	716299
Aspergillus_fumigatus_DMC2_AF100-12_9	45	38	7	0	scaffold_8	222068	322068
Aspergillus_fumigatus_DMC2_AF100-12_9	37	31	6	0	scaffold_3	1955228	2055228
Aspergillus_fumigatus_DMC2_AF100-12_9	28	26	2	0	scaffold_1	511076	611076
Aspergillus_fumigatus_DMC2_AF100-12_9	31	27	4	0	scaffold_3	396984	496984
Aspergillus_fumigatus_DMC2_AF100-12_9	38	37	1	0	scaffold_2	3507392	3607392
Aspergillus_fumigatus_DMC2_AF100-12_9	37	35	2	0	scaffold_3	3180965	3280965
Aspergillus_fumigatus_DMC2_AF100-12_9	31	28	3	0	scaffold_2	2786681	2886681
Aspergillus_fumigatus_DMC2_AF100-12_9	39	38	1	0	scaffold_4	1891764	1991764
Aspergillus_fumigatus_DMC2_AF100-12_9	39	36	3	0	scaffold_6	3310997	3410997
Aspergillus_fumigatus_DMC2_AF100-12_9	46	37	9	0	scaffold_4	47383	147383
Aspergillus_fumigatus_DMC2_AF100-12_9	34	34	0	0	scaffold_1	3487182	3587182
Aspergillus_fumigatus_DMC2_AF100-12_9	33	31	2	0	scaffold_4	1469560	1569560
Aspergillus_fumigatus_DMC2_AF100-12_9	29	28	1	0	scaffold_6	3018124	3118124
Aspergillus_fumigatus_DMC2_AF100-12_9	35	31	4	0	scaffold_6	3280704	3380704
Aspergillus_fumigatus_DMC2_AF100-12_9	43	39	4	0	scaffold_1	4139036	4239036
Aspergillus_fumigatus_DMC2_AF100-12_9	41	39	2	0	scaffold_3	345942	445942
Aspergillus_fumigatus_DMC2_AF100-12_9	35	33	2	0	scaffold_2	3216235	3316235
Aspergillus_fumigatus_DMC2_AF100-12_9	25	25	0	0	scaffold_5	1186903	1286903
Aspergillus_fumigatus_DMC2_AF100-12_9	46	37	9	0	scaffold_6	91436	191436
Aspergillus_fumigatus_DMC2_AF100-12_9	33	31	2	0	scaffold_2	2990913	3090913
Aspergillus_fumigatus_DMC2_AF100-12_9	40	36	4	0	scaffold_5	603882	703882
Aspergillus_fumigatus_DMC2_AF100-12_9	27	23	4	0	scaffold_1	4543831	4643831
Aspergillus_fumigatus_DMC2_AF100-12_9	39	38	1	0	scaffold_4	446041	546041
Aspergillus_fumigatus_DMC2_AF100-12_9	39	35	4	0	scaffold_7	226374	326374
Aspergillus_fumigatus_DMC2_AF100-12_9	35	27	8	0	scaffold_6	2558642	2658642
Aspergillus_fumigatus_DMC2_AF100-12_9	36	35	1	0	scaffold_2	3463709	3563709
Aspergillus_fumigatus_DMC2_AF100-12_9	30	26	4	0	scaffold_1	4536825	4636825
Aspergillus_fumigatus_DMC2_AF100-12_9	37	36	1	0	scaffold_2	3512823	3612823
Aspergillus_fumigatus_DMC2_AF100-12_9	34	34	0	0	scaffold_4	677234	777234
Aspergillus_fumigatus_DMC2_AF100-12_9	46	39	7	0	scaffold_8	1566649	1666649
Aspergillus_fumigatus_DMC2_AF100-12_9	37	34	3	0	scaffold_3	173529	273529
Aspergillus_fumigatus_DMC2_AF100-12_9	31	28	3	0	scaffold_2	2743447	2843447
Aspergillus_fumigatus_DMC2_AF100-12_9	40	37	3	0	scaffold_5	1902809	2002809
Aspergillus_fumigatus_DMC2_AF100-12_9	37	31	6	0	scaffold_1	2661919	2761919
Aspergillus_fumigatus_DMC2_AF100-12_9	32	28	4	0	scaffold_6	868344	968344
Aspergillus_fumigatus_DMC2_AF100-12_9	30	29	1	0	scaffold_3	1412744	1512744
Aspergillus_fumigatus_DMC2_AF100-12_9	37	25	12	0	scaffold_3	810334	910334
Aspergillus_fumigatus_DMC2_AF100-12_9	37	31	6	0	scaffold_3	1954282	2054282
Aspergillus_fumigatus_DMC2_AF100-12_9	32	31	1	0	scaffold_1	891894	991894
Aspergillus_fumigatus_DMC2_AF100-12_9	47	39	8	0	scaffold_2	4070252	4170252
Aspergillus_fumigatus_DMC2_AF100-12_9	44	42	2	0	scaffold_2	908408	1008408
Aspergillus_fumigatus_DMC2_AF100-12_9	38	36	2	0	scaffold_7	1036311	1136311
Aspergillus_fumigatus_DMC2_AF100-12_9	43	41	2	0	scaffold_6	1736915	1836915
Aspergillus_fumigatus_DMC2_AF100-12_9	31	27	4	0	scaffold_5	1394855	1494855
Aspergillus_fumigatus_DMC2_AF100-12_9	38	30	8	0	scaffold_3	824057	924057
Aspergillus_fumigatus_DMC2_AF100-12_9	40	36	4	0	scaffold_1	1264820	1364820
Aspergillus_fumigatus_DMC2_AF100-12_9	40	39	1	0	scaffold_1	340870	440870
Aspergillus_fumigatus_DMC2_AF100-12_9	27	16	11	0	scaffold_1	694532	794532
Aspergillus_fumigatus_DMC2_AF100-12_9	37	35	2	0	scaffold_5	1221094	1321094
Aspergillus_fumigatus_DMC2_AF100-12_9	30	29	1	0	scaffold_6	2794201	2894201
Aspergillus_fumigatus_DMC2_AF100-12_9	36	35	1	0	scaffold_1	2572775	2672775
Aspergillus_fumigatus_DMC2_AF100-12_9	34	30	4	0	scaffold_8	1041270	1141270
Aspergillus_fumigatus_DMC2_AF100-12_9	0	0	0	0	scaffold_5	1119527	1219527
Aspergillus_fumigatus_DMC2_AF100-12_9	40	40	0	0	scaffold_1	1029060	1129060
Aspergillus_fumigatus_DMC2_AF100-12_9	33	31	2	0	scaffold_4	860081	960081
Aspergillus_fumigatus_DMC2_AF100-12_9	33	29	4	0	scaffold_3	2025363	2125363
Aspergillus_fumigatus_DMC2_AF100-12_9	36	36	0	0	scaffold_2	2030079	2130079
Aspergillus_fumigatus_DMC2_AF100-12_9	40	35	5	0	scaffold_4	2189814	2289814
Aspergillus_fumigatus_DMC2_AF100-12_9	30	26	4	0	scaffold_3	3449018	3549018
Aspergillus_fumigatus_DMC2_AF100-12_9	33	28	5	0	scaffold_3	1098312	1198312
Aspergillus_fumigatus_DMC2_AF100-12_9	42	36	6	0	scaffold_1	4326405	4426405
Aspergillus_fumigatus_DMC2_AF100-12_9	33	29	4	0	scaffold_5	2409883	2509883
Aspergillus_fumigatus_DMC2_AF100-12_9	44	44	0	0	scaffold_5	2935473	3035473
Aspergillus_fumigatus_DMC2_AF100-12_9	30	27	3	0	scaffold_2	3334054	3434054
Aspergillus_fumigatus_DMC2_AF100-12_9	44	38	6	0	scaffold_2	4062482	4162482
Aspergillus_fumigatus_DMC2_AF100-12_9	38	36	2	0	scaffold_1	1885434	1985434
Aspergillus_fumigatus_DMC2_AF100-12_9	37	32	5	0	scaffold_4	214960	314960
Aspergillus_fumigatus_DMC2_AF100-12_9	33	30	3	0	scaffold_1	1184484	1284484
Aspergillus_fumigatus_DMC2_AF100-12_9	38	36	2	0	scaffold_2	3255553	3355553
Aspergillus_fumigatus_DMC2_AF100-12_9	37	34	3	0	scaffold_7	954687	1054687
Aspergillus_fumigatus_DMC2_AF100-12_9	46	41	5	0	scaffold_5	3438607	3538607
Aspergillus_fumigatus_DMC2_AF100-12_9	36	32	4	0	scaffold_2	2368071	2468071
Aspergillus_fumigatus_DMC2_AF100-12_9	33	28	5	0	scaffold_3	2028653	2128653
Aspergillus_fumigatus_DMC2_AF100-12_9	36	31	5	0	scaffold_2	3770894	3870894
Aspergillus_fumigatus_DMC2_AF100-12_9	33	30	3	0	scaffold_4	2844497	2944497
Aspergillus_fumigatus_DMC2_AF100-12_9	41	34	7	0	scaffold_3	2477200	2577200
Aspergillus_fumigatus_DMC2_AF100-12_9	40	31	9	0	scaffold_6	79153	179153
Aspergillus_fumigatus_DMC2_AF100-12_9	45	38	7	0	scaffold_2	2525712	2625712
Aspergillus_fumigatus_DMC2_AF100-12_9	38	29	9	0	scaffold_3	2557180	2657180
Aspergillus_fumigatus_DMC2_AF100-12_9	32	29	3	0	scaffold_1	2428983	2528983
Aspergillus_fumigatus_DMC2_AF100-12_9	42	39	3	0	scaffold_8	293818	393818
Aspergillus_fumigatus_DMC2_AF100-12_9	37	33	4	0	scaffold_5	3279315	3379315
Aspergillus_fumigatus_DMC2_AF100-12_9	38	31	7	0	scaffold_1	2713700	2813700
Aspergillus_fumigatus_DMC2_AF100-12_9	36	35	1	0	scaffold_7	1089822	1189822
Aspergillus_fumigatus_DMC2_AF100-12_9	44	37	7	0	scaffold_2	84281	184281
Aspergillus_fumigatus_DMC2_AF100-12_9	33	30	3	0	scaffold_4	1060074	1160074
Aspergillus_fumigatus_DMC2_AF100-12_9	38	34	4	0	scaffold_3	2038587	2138587
Aspergillus_fumigatus_DMC2_AF100-12_9	39	38	1	0	scaffold_2	3527870	3627870
Aspergillus_fumigatus_DMC2_AF100-12_9	43	39	4	0	scaffold_5	1585037	1685037
Aspergillus_fumigatus_DMC2_AF100-12_9	37	36	1	0	scaffold_4	549345	649345
Aspergillus_fumigatus_DMC2_AF100-12_9	41	40	1	0	scaffold_4	433369	533369
Aspergillus_fumigatus_DMC2_AF100-12_9	35	30	5	0	scaffold_6	2423065	2523065
Aspergillus_fumigatus_DMC2_AF100-12_9	37	34	3	0	scaffold_5	1910648	2010648
Aspergillus_fumigatus_DMC2_AF100-12_9	36	35	1	0	scaffold_3	2949235	3049235
Aspergillus_fumigatus_DMC2_AF100-12_9	30	21	9	0	scaffold_3	3793821	3893821
Aspergillus_fumigatus_DMC2_AF100-12_9	31	28	3	0	scaffold_8	1032771	1132771
Aspergillus_fumigatus_DMC2_AF100-12_9	44	40	4	0	scaffold_3	574265	674265
Aspergillus_fumigatus_DMC2_AF100-12_9	33	33	0	0	scaffold_2	1944957	2044957
Aspergillus_fumigatus_DMC2_AF100-12_9	36	35	1	0	scaffold_4	880535	980535
Aspergillus_fumigatus_DMC2_AF100-12_9	44	42	2	0	scaffold_3	519899	619899
Aspergillus_fumigatus_DMC2_AF100-12_9	40	35	5	0	scaffold_3	3582937	3682937
Aspergillus_fumigatus_DMC2_AF100-12_9	43	40	3	0	scaffold_3	2387369	2487369
Aspergillus_fumigatus_DMC2_AF100-12_9	31	30	1	0	scaffold_1	2909098	3009098
Aspergillus_fumigatus_DMC2_AF100-12_9	16	15	1	0	scaffold_6	490146	590146
Aspergillus_fumigatus_DMC2_AF100-12_9	30	28	2	0	scaffold_2	1311148	1411148
Aspergillus_fumigatus_DMC2_AF100-12_9	37	35	2	0	scaffold_7	1147002	1247002
Aspergillus_fumigatus_DMC2_AF100-12_9	33	31	2	0	scaffold_6	1436757	1536757
Aspergillus_fumigatus_DMC2_AF100-12_9	23	21	2	0	scaffold_4	2277306	2377306
Aspergillus_fumigatus_DMC2_AF100-12_9	38	33	5	0	scaffold_3	865781	965781
Aspergillus_fumigatus_DMC2_AF100-12_9	38	35	3	0	scaffold_1	1886407	1986407
Aspergillus_fumigatus_DMC2_AF100-12_9	34	33	1	0	scaffold_3	3130517	3230517
Aspergillus_fumigatus_DMC2_AF100-12_9	41	38	3	0	scaffold_3	3994883	4094883
Aspergillus_fumigatus_DMC2_AF100-12_9	30	27	3	0	scaffold_6	988037	1088037
Aspergillus_fumigatus_DMC2_AF100-12_9	38	35	3	0	scaffold_7	230010	330010
Aspergillus_fumigatus_DMC2_AF100-12_9	33	30	3	0	scaffold_7	591202	691202
Aspergillus_fumigatus_DMC2_AF100-12_9	39	35	4	0	scaffold_3	3896023	3996023
Aspergillus_fumigatus_DMC2_AF100-12_9	27	13	14	0	scaffold_1	626096	726096
Aspergillus_fumigatus_DMC2_AF100-12_9	48	41	7	0	scaffold_7	1419047	1519047
Aspergillus_fumigatus_DMC2_AF100-12_9	37	35	2	0	scaffold_3	1866479	1966479
Aspergillus_fumigatus_DMC2_AF100-12_9	38	35	3	0	scaffold_3	1884360	1984360
Aspergillus_fumigatus_DMC2_AF100-12_9	32	29	3	0	scaffold_1	1194236	1294236
Aspergillus_fumigatus_DMC2_AF100-12_9	37	32	5	0	scaffold_5	522327	622327
Aspergillus_fumigatus_DMC2_AF100-12_9	37	37	0	0	scaffold_5	2866040	2966040
Aspergillus_fumigatus_DMC2_AF100-12_9	44	41	3	0	scaffold_5	2230931	2330931
Aspergillus_fumigatus_DMC2_AF100-12_9	34	30	4	0	scaffold_8	1321285	1421285
Aspergillus_fumigatus_DMC2_AF100-12_9	36	32	4	0	scaffold_6	2896675	2996675
Aspergillus_fumigatus_DMC2_AF100-12_9	24	24	0	0	scaffold_5	1184959	1284959
Aspergillus_fumigatus_DMC2_AF100-12_9	46	42	4	0	scaffold_4	3934934	4034934
Aspergillus_fumigatus_DMC2_AF100-12_9	33	32	1	0	scaffold_1	1381780	1481780
Aspergillus_fumigatus_DMC2_AF100-12_9	37	36	1	0	scaffold_6	3144644	3244644
Aspergillus_fumigatus_DMC2_AF100-12_9	20	18	2	0	scaffold_1	1471247	1571247
Aspergillus_fumigatus_DMC2_AF100-12_9	28	27	1	0	scaffold_6	3015788	3115788
Aspergillus_fumigatus_DMC2_AF100-12_9	32	28	4	0	scaffold_7	1511385	1611385
Aspergillus_fumigatus_DMC2_AF100-12_9	39	38	1	0	scaffold_2	487379	587379
Aspergillus_fumigatus_DMC2_AF100-12_9	43	42	1	0	scaffold_2	954041	1054041
Aspergillus_fumigatus_DMC2_AF100-12_9	32	29	3	0	scaffold_1	1170464	1270464
Aspergillus_fumigatus_DMC2_AF100-12_9	40	38	2	0	scaffold_5	1729524	1829524
Aspergillus_fumigatus_DMC2_AF100-12_9	42	38	4	0	scaffold_5	60127	160127
Aspergillus_fumigatus_DMC2_AF100-12_9	34	30	4	0	scaffold_1	3756394	3856394
Aspergillus_fumigatus_DMC2_AF100-12_9	36	28	8	0	scaffold_3	2573658	2673658
Aspergillus_fumigatus_DMC2_AF100-12_9	35	32	3	0	scaffold_4	2645962	2745962
Aspergillus_fumigatus_DMC2_AF100-12_9	26	25	1	0	scaffold_2	1082495	1182495
Aspergillus_fumigatus_DMC2_AF100-12_9	40	38	2	0	scaffold_5	2278270	2378270
Aspergillus_fumigatus_DMC2_AF100-12_9	36	34	2	0	scaffold_4	2612115	2712115
Aspergillus_fumigatus_DMC2_AF100-12_9	41	38	3	0	scaffold_6	1235702	1335702
Aspergillus_fumigatus_DMC2_AF100-12_9	44	43	1	0	scaffold_5	1825504	1925504
Aspergillus_fumigatus_DMC2_AF100-12_9	39	30	9	0	scaffold_3	2560070	2660070
Aspergillus_fumigatus_DMC2_AF100-12_9	38	36	2	0	scaffold_5	1228959	1328959
Aspergillus_fumigatus_DMC2_AF100-12_9	31	26	5	0	scaffold_5	2387682	2487682
Aspergillus_fumigatus_DMC2_AF100-12_9	48	45	3	0	scaffold_3	4011282	4111282
Aspergillus_fumigatus_DMC2_AF100-12_9	44	39	5	0	scaffold_1	2117237	2217237
Aspergillus_fumigatus_DMC2_AF100-12_9	26	23	3	0	scaffold_2	1217604	1317604
Aspergillus_fumigatus_DMC2_AF100-12_9	41	38	3	0	scaffold_3	1147914	1247914
Aspergillus_fumigatus_DMC2_AF100-12_9	40	35	5	0	scaffold_4	2509367	2609367
Aspergillus_fumigatus_DMC2_AF100-12_9	46	41	5	0	scaffold_3	598729	698729
Aspergillus_fumigatus_DMC2_AF100-12_9	39	36	3	0	scaffold_1	3660836	3760836
Aspergillus_fumigatus_DMC2_AF100-12_9	36	30	6	0	scaffold_4	3797544	3897544
Aspergillus_fumigatus_DMC2_AF100-12_9	33	30	3	0	scaffold_6	3275900	3375900
Aspergillus_fumigatus_DMC2_AF100-12_9	42	35	7	0	scaffold_2	2447613	2547613
Aspergillus_fumigatus_DMC2_AF100-12_9	35	32	3	0	scaffold_6	1792367	1892367
Aspergillus_fumigatus_DMC2_AF100-12_9	36	36	0	0	scaffold_2	2029288	2129288
Aspergillus_fumigatus_DMC2_AF100-12_9	32	31	1	0	scaffold_1	1382699	1482699
Aspergillus_fumigatus_DMC2_AF100-12_9	36	34	2	0	scaffold_2	2349104	2449104
Aspergillus_fumigatus_DMC2_AF100-12_9	44	44	0	0	scaffold_5	2920960	3020960
Aspergillus_fumigatus_DMC2_AF100-12_9	36	31	5	0	scaffold_6	3401998	3501998
Aspergillus_fumigatus_DMC2_AF100-12_9	20	17	3	0	scaffold_6	1116484	1216484
Aspergillus_fumigatus_DMC2_AF100-12_9	34	31	3	0	scaffold_2	2941137	3041137
Aspergillus_fumigatus_DMC2_AF100-12_9	37	36	1	0	scaffold_5	1495900	1595900
Aspergillus_fumigatus_DMC2_AF100-12_9	46	41	5	0	scaffold_3	598232	698232
Aspergillus_fumigatus_DMC2_AF100-12_9	35	34	1	0	scaffold_3	3122667	3222667
Aspergillus_fumigatus_DMC2_AF100-12_9	17	14	3	0	scaffold_6	1126173	1226173
Aspergillus_fumigatus_DMC2_AF100-12_9	43	39	4	0	scaffold_7	1457056	1557056
Aspergillus_fumigatus_DMC2_AF100-12_9	33	29	4	0	scaffold_5	2412306	2512306
Aspergillus_fumigatus_DMC2_AF100-12_9	38	37	1	0	scaffold_5	1342130	1442130
Aspergillus_fumigatus_DMC2_AF100-12_9	34	30	4	0	scaffold_6	3271010	3371010
Aspergillus_fumigatus_DMC2_AF100-12_9	32	29	3	0	scaffold_2	3345003	3445003
Aspergillus_fumigatus_DMC2_AF100-12_9	34	26	8	0	scaffold_3	1045661	1145661
Aspergillus_fumigatus_DMC2_AF100-12_9	35	34	1	0	scaffold_2	3302714	3402714
Aspergillus_fumigatus_DMC2_AF100-12_9	40	31	9	0	scaffold_6	76872	176872
Aspergillus_fumigatus_DMC2_AF100-12_9	44	39	5	0	scaffold_3	2826208	2926208
Aspergillus_fumigatus_DMC2_AF100-12_9	41	32	9	0	scaffold_5	136388	236388
Aspergillus_fumigatus_DMC2_AF100-12_9	35	34	1	0	scaffold_3	3122552	3222552
Aspergillus_fumigatus_DMC2_AF100-12_9	41	37	4	0	scaffold_3	2183132	2283132
Aspergillus_fumigatus_DMC2_AF100-12_9	45	37	8	0	scaffold_3	3700440	3800440
Aspergillus_fumigatus_DMC2_AF100-12_9	45	44	1	0	scaffold_5	1776124	1876124
Aspergillus_fumigatus_DMC2_AF100-12_9	39	35	4	0	scaffold_2	817384	917384
Aspergillus_fumigatus_DMC2_AF100-12_9	44	39	5	0	scaffold_2	4031348	4131348
Aspergillus_fumigatus_DMC2_AF100-12_9	29	29	0	0	scaffold_4	2307310	2407310
Aspergillus_fumigatus_DMC2_AF100-12_9	36	24	12	0	scaffold_3	797275	897275
Aspergillus_fumigatus_DMC2_AF100-12_9	39	34	5	0	scaffold_2	53280	153280
Aspergillus_fumigatus_DMC2_AF100-12_9	40	37	3	0	scaffold_7	998311	1098311
Aspergillus_fumigatus_DMC2_AF100-12_9	39	37	2	0	scaffold_7	44149	144149
Aspergillus_fumigatus_DMC2_AF100-12_9	46	39	7	0	scaffold_7	160268	260268
Aspergillus_fumigatus_DMC2_AF100-12_9	33	30	3	0	scaffold_2	3822245	3922245
Aspergillus_fumigatus_DMC2_AF100-12_9	39	34	5	0	scaffold_1	4367362	4467362
Aspergillus_fumigatus_DMC2_AF100-12_9	34	29	5	0	scaffold_8	1318670	1418670
Aspergillus_fumigatus_DMC2_AF100-12_9	43	37	6	0	scaffold_1	4354156	4454156
Aspergillus_fumigatus_DMC2_AF100-12_9	39	37	2	0	scaffold_2	243617	343617
Aspergillus_fumigatus_DMC2_AF100-12_9	36	32	4	0	scaffold_6	2016503	2116503
Aspergillus_fumigatus_DMC2_AF100-12_9	33	30	3	0	scaffold_5	3184999	3284999
Aspergillus_fumigatus_DMC2_AF100-12_9	42	40	2	0	scaffold_3	2376872	2476872
Aspergillus_fumigatus_DMC2_AF100-12_9	36	33	3	0	scaffold_5	2868	102868
Aspergillus_fumigatus_DMC2_AF100-12_9	37	29	8	0	scaffold_1	2693351	2793351
Aspergillus_fumigatus_DMC2_AF100-12_9	36	35	1	0	scaffold_6	1362516	1462516
Aspergillus_fumigatus_DMC2_AF100-12_9	43	38	5	0	scaffold_5	236153	336153
Aspergillus_fumigatus_DMC2_AF100-12_9	37	34	3	0	scaffold_2	1764115	1864115
Aspergillus_fumigatus_DMC2_AF100-12_9	30	27	3	0	scaffold_7	1515760	1615760
Aspergillus_fumigatus_DMC2_AF100-12_9	51	40	11	0	scaffold_2	4100121	4200121
Aspergillus_fumigatus_DMC2_AF100-12_9	28	24	4	0	scaffold_3	3807182	3907182
Aspergillus_fumigatus_DMC2_AF100-12_9	39	34	5	0	scaffold_5	498787	598787
Aspergillus_fumigatus_DMC2_AF100-12_9	36	34	2	0	scaffold_4	375584	475584
Aspergillus_fumigatus_DMC2_AF100-12_9	39	32	7	0	scaffold_4	3187814	3287814
Aspergillus_fumigatus_DMC2_AF100-12_9	39	35	4	0	scaffold_3	2118614	2218614
Aspergillus_fumigatus_DMC2_AF100-12_9	34	30	4	0	scaffold_8	1008531	1108531
Aspergillus_fumigatus_DMC2_AF100-12_9	39	35	4	0	scaffold_3	2869563	2969563
Aspergillus_fumigatus_DMC2_AF100-12_9	40	37	3	0	scaffold_3	2315430	2415430
Aspergillus_fumigatus_DMC2_AF100-12_9	36	32	4	0	scaffold_6	561246	661246
Aspergillus_fumigatus_DMC2_AF100-12_9	41	40	1	0	scaffold_1	320174	420174
Aspergillus_fumigatus_DMC2_AF100-12_9	42	36	6	0	scaffold_1	3374232	3474232
Aspergillus_fumigatus_DMC2_AF100-12_9	33	33	0	0	scaffold_4	714739	814739
Aspergillus_fumigatus_DMC2_AF100-12_9	38	34	4	0	scaffold_4	270230	370230
Aspergillus_fumigatus_DMC2_AF100-12_9	40	36	4	0	scaffold_3	2117112	2217112
Aspergillus_fumigatus_DMC2_AF100-12_9	45	44	1	0	scaffold_5	1776233	1876233
Aspergillus_fumigatus_DMC2_AF100-12_9	27	26	1	0	scaffold_1	1950313	2050313
Aspergillus_fumigatus_DMC2_AF100-12_9	36	35	1	0	scaffold_5	3079349	3179349
Aspergillus_fumigatus_DMC2_AF100-12_9	26	21	5	0	scaffold_4	1542264	1642264
Aspergillus_fumigatus_DMC2_AF100-12_9	38	33	5	0	scaffold_8	430083	530083
Aspergillus_fumigatus_DMC2_AF100-12_9	38	33	5	0	scaffold_4	201891	301891
Aspergillus_fumigatus_DMC2_AF100-12_9	15	15	0	0	scaffold_1	1988479	2088479
Aspergillus_fumigatus_DMC2_AF100-12_9	44	40	4	0	scaffold_1	2998912	3098912
Aspergillus_fumigatus_DMC2_AF100-12_9	33	30	3	0	scaffold_6	1498040	1598040
Aspergillus_fumigatus_DMC2_AF100-12_9	32	31	1	0	scaffold_2	676728	776728
Aspergillus_fumigatus_DMC2_AF100-12_9	39	30	9	0	scaffold_5	131568	231568
Aspergillus_fumigatus_DMC2_AF100-12_9	35	34	1	0	scaffold_2	3301802	3401802
Aspergillus_fumigatus_DMC2_AF100-12_9	45	41	4	0	scaffold_3	612368	712368
Aspergillus_fumigatus_DMC2_AF100-12_9	33	32	1	0	scaffold_5	882406	982406
Aspergillus_fumigatus_DMC2_AF100-12_9	40	36	4	0	scaffold_1	3625497	3725497
Aspergillus_fumigatus_DMC2_AF100-12_9	47	37	10	0	scaffold_4	88831	188831
Aspergillus_fumigatus_DMC2_AF100-12_9	49	42	7	0	scaffold_7	1440786	1540786
Aspergillus_fumigatus_DMC2_AF100-12_9	35	16	19	0	scaffold_3	701460	801460
Aspergillus_fumigatus_DMC2_AF100-12_9	37	33	4	0	scaffold_3	2468007	2568007
Aspergillus_fumigatus_DMC2_AF100-12_9	43	41	2	0	scaffold_2	914252	1014252
Aspergillus_fumigatus_DMC2_AF100-12_9	23	19	4	0	scaffold_7	798596	898596
Aspergillus_fumigatus_DMC2_AF100-12_9	35	33	2	0	scaffold_1	2632220	2732220
Aspergillus_fumigatus_DMC2_AF100-12_9	46	40	6	0	scaffold_3	3680050	3780050
Aspergillus_fumigatus_DMC2_AF100-12_9	32	29	3	0	scaffold_1	1176598	1276598
Aspergillus_fumigatus_DMC2_AF100-12_9	33	33	0	0	scaffold_4	2038797	2138797
Aspergillus_fumigatus_DMC2_AF100-12_9	34	33	1	0	scaffold_2	3599774	3699774
Aspergillus_fumigatus_DMC2_AF100-12_9	43	38	5	0	scaffold_2	3941165	4041165
Aspergillus_fumigatus_DMC2_AF100-12_9	44	42	2	0	scaffold_6	1744866	1844866
Aspergillus_fumigatus_DMC2_AF100-12_9	29	28	1	0	scaffold_5	1378628	1478628
Aspergillus_fumigatus_DMC2_AF100-12_9	34	28	6	0	scaffold_8	42545	142545
Aspergillus_fumigatus_DMC2_AF100-12_9	38	36	2	0	scaffold_1	2957901	3057901
Aspergillus_fumigatus_DMC2_AF100-12_9	36	32	4	0	scaffold_8	1338007	1438007
Aspergillus_fumigatus_DMC2_AF100-12_9	43	39	4	0	scaffold_3	2361623	2461623
Aspergillus_fumigatus_DMC2_AF100-12_9	28	27	1	0	scaffold_2	1873539	1973539
Aspergillus_fumigatus_DMC2_AF100-12_9	40	38	2	0	scaffold_5	2280013	2380013
Aspergillus_fumigatus_DMC2_AF100-12_9	40	37	3	0	scaffold_5	476162	576162
Aspergillus_fumigatus_DMC2_AF100-12_9	42	36	6	0	scaffold_6	2089957	2189957
Aspergillus_fumigatus_DMC2_AF100-12_9	41	38	3	0	scaffold_2	1585652	1685652
Aspergillus_fumigatus_DMC2_AF100-12_9	37	35	2	0	scaffold_5	768069	868069
Aspergillus_fumigatus_DMC2_AF100-12_9	34	34	0	0	scaffold_5	2975669	3075669
Aspergillus_fumigatus_DMC2_AF100-12_9	41	38	3	0	scaffold_1	2381827	2481827
Aspergillus_fumigatus_DMC2_AF100-12_9	37	28	9	0	scaffold_6	2483585	2583585
Aspergillus_fumigatus_DMC2_AF100-12_9	44	39	5	0	scaffold_6	2181008	2281008
Aspergillus_fumigatus_DMC2_AF100-12_9	42	40	2	0	scaffold_6	3528499	3628499
Aspergillus_fumigatus_DMC2_AF100-12_9	36	33	3	0	scaffold_6	1784894	1884894
Aspergillus_fumigatus_DMC2_AF100-12_9	37	35	2	0	scaffold_7	1011895	1111895
Aspergillus_fumigatus_DMC2_AF100-12_9	37	32	5	0	scaffold_3	836154	936154
Aspergillus_fumigatus_DMC2_AF100-12_9	37	33	4	0	scaffold_5	1948555	2048555
Aspergillus_fumigatus_DMC2_AF100-12_9	45	42	3	0	scaffold_1	2217368	2317368
Aspergillus_fumigatus_DMC2_AF100-12_9	44	41	3	0	scaffold_5	733138	833138
Aspergillus_fumigatus_DMC2_AF100-12_9	41	36	5	0	scaffold_7	219557	319557
Aspergillus_fumigatus_DMC2_AF100-12_9	42	36	6	0	scaffold_3	3635309	3735309
Aspergillus_fumigatus_DMC2_AF100-12_9	41	39	2	0	scaffold_2	462395	562395
Aspergillus_fumigatus_DMC2_AF100-12_9	36	30	6	0	scaffold_8	1076968	1176968
Aspergillus_fumigatus_DMC2_AF100-12_9	26	4	22	0	scaffold_3	33521	133521
Aspergillus_fumigatus_DMC2_AF100-12_9	18	17	1	0	scaffold_6	173733	273733
Aspergillus_fumigatus_DMC2_AF100-12_9	32	30	2	0	scaffold_4	857488	957488
Aspergillus_fumigatus_DMC2_AF100-12_9	37	34	3	0	scaffold_2	1533900	1633900
Aspergillus_fumigatus_DMC2_AF100-12_9	38	36	2	0	scaffold_6	2386552	2486552
Aspergillus_fumigatus_DMC2_AF100-12_9	33	30	3	0	scaffold_8	552817	652817
Aspergillus_fumigatus_DMC2_AF100-12_9	33	31	2	0	scaffold_4	1036162	1136162
Aspergillus_fumigatus_DMC2_AF100-12_9	41	36	5	0	scaffold_6	2082707	2182707
Aspergillus_fumigatus_DMC2_AF100-12_9	38	36	2	0	scaffold_5	793879	893879
Aspergillus_fumigatus_DMC2_AF100-12_9	47	41	6	0	scaffold_8	1561472	1661472
Aspergillus_fumigatus_DMC2_AF100-12_9	42	40	2	0	scaffold_2	448892	548892
Aspergillus_fumigatus_DMC2_AF100-12_9	44	41	3	0	scaffold_5	2239307	2339307
Aspergillus_fumigatus_DMC2_AF100-12_9	47	39	8	0	scaffold_2	115024	215024
Aspergillus_fumigatus_DMC2_AF100-12_9	37	36	1	0	scaffold_5	1505750	1605750
Aspergillus_fumigatus_DMC2_AF100-12_9	28	28	0	0	scaffold_5	1014073	1114073
Aspergillus_fumigatus_DMC2_AF100-12_9	45	38	7	0	scaffold_3	3669934	3769934
Aspergillus_fumigatus_DMC2_AF100-12_9	39	0	39	0	scaffold_4	3619404	3719404
Aspergillus_fumigatus_DMC2_AF100-12_9	40	38	2	0	scaffold_8	1380332	1480332
Aspergillus_fumigatus_DMC2_AF100-12_9	43	37	6	0	scaffold_1	4339364	4439364
Aspergillus_fumigatus_DMC2_AF100-12_9	34	30	4	0	scaffold_1	553743	653743
Aspergillus_fumigatus_DMC2_AF100-12_9	46	41	5	0	scaffold_3	589123	689123
Aspergillus_fumigatus_DMC2_AF100-12_9	46	44	2	0	scaffold_3	4039645	4139645
Aspergillus_fumigatus_DMC2_AF100-12_9	39	35	4	0	scaffold_3	3254926	3354926
Aspergillus_fumigatus_DMC2_AF100-12_9	31	31	0	0	scaffold_5	3004186	3104186
Aspergillus_fumigatus_DMC2_AF100-12_9	45	41	4	0	scaffold_1	138801	238801
Aspergillus_fumigatus_DMC2_AF100-12_9	38	36	2	0	scaffold_3	3178875	3278875
Aspergillus_fumigatus_DMC2_AF100-12_9	40	37	3	0	scaffold_6	1014147	1114147
Aspergillus_fumigatus_DMC2_AF100-12_9	43	41	2	0	scaffold_5	1725126	1825126
Aspergillus_fumigatus_DMC2_AF100-12_9	35	31	4	0	scaffold_6	3415540	3515540
Aspergillus_fumigatus_DMC2_AF100-12_9	34	31	3	0	scaffold_2	2178163	2278163
Aspergillus_fumigatus_DMC2_AF100-12_9	39	30	9	0	scaffold_5	107202	207202
Aspergillus_fumigatus_DMC2_AF100-12_9	11	10	1	0	scaffold_6	234292	334292
Aspergillus_fumigatus_DMC2_AF100-12_9	30	29	1	0	scaffold_1	256115	356115
Aspergillus_fumigatus_DMC2_AF100-12_9	43	40	3	0	scaffold_1	2854057	2954057
Aspergillus_fumigatus_DMC2_AF100-12_9	39	9	30	0	scaffold_4	3692455	3792455
Aspergillus_fumigatus_DMC2_AF100-12_9	32	29	3	0	scaffold_1	2424652	2524652
Aspergillus_fumigatus_DMC2_AF100-12_9	35	28	7	0	scaffold_6	2300462	2400462
Aspergillus_fumigatus_DMC2_AF100-12_9	34	26	8	0	scaffold_3	2535905	2635905
Aspergillus_fumigatus_DMC2_AF100-12_9	33	33	0	0	scaffold_5	2844132	2944132
Aspergillus_fumigatus_DMC2_AF100-12_9	48	40	8	0	scaffold_2	2481538	2581538
Aspergillus_fumigatus_DMC2_AF100-12_9	39	38	1	0	scaffold_6	3111776	3211776
Aspergillus_fumigatus_DMC2_AF100-12_9	0	0	0	0	scaffold_5	1098885	1198885
Aspergillus_fumigatus_DMC2_AF100-12_9	46	45	1	0	scaffold_5	1761286	1861286
Aspergillus_fumigatus_DMC2_AF100-12_9	38	38	0	0	scaffold_5	2851824	2951824
Aspergillus_fumigatus_DMC2_AF100-12_9	40	38	2	0	scaffold_4	1860352	1960352
Aspergillus_fumigatus_DMC2_AF100-12_9	31	29	2	0	scaffold_3	1442661	1542661
Aspergillus_fumigatus_DMC2_AF100-12_9	34	30	4	0	scaffold_8	1323107	1423107
Aspergillus_fumigatus_DMC2_AF100-12_9	38	37	1	0	scaffold_5	787830	887830
Aspergillus_fumigatus_DMC2_AF100-12_9	32	32	0	0	scaffold_4	695980	795980
Aspergillus_fumigatus_DMC2_AF100-12_9	38	35	2	1	scaffold_3	3507767	3607767
Aspergillus_fumigatus_DMC2_AF100-12_9	43	40	3	0	scaffold_4	3952768	4052768
Aspergillus_fumigatus_DMC2_AF100-12_9	43	38	5	0	scaffold_4	306171	406171
Aspergillus_fumigatus_DMC2_AF100-12_9	21	20	1	0	scaffold_7	726359	826359
Aspergillus_fumigatus_DMC2_AF100-12_9	36	34	2	0	scaffold_2	3418014	3518014
Aspergillus_fumigatus_DMC2_AF100-12_9	44	38	6	0	scaffold_8	1145980	1245980
Aspergillus_fumigatus_DMC2_AF100-12_9	47	42	5	0	scaffold_4	3898529	3998529
Aspergillus_fumigatus_DMC2_AF100-12_9	38	38	0	0	scaffold_6	3560322	3660322
Aspergillus_fumigatus_DMC2_AF100-12_9	11	11	0	0	scaffold_6	210027	310027
Aspergillus_fumigatus_DMC2_AF100-12_9	27	26	1	0	scaffold_2	1883315	1983315
Aspergillus_fumigatus_DMC2_AF100-12_9	46	40	6	0	scaffold_5	3385760	3485760
Aspergillus_fumigatus_DMC2_AF100-12_9	33	27	6	0	scaffold_3	2600165	2700165
Aspergillus_fumigatus_DMC2_AF100-12_9	38	36	2	0	scaffold_5	1246223	1346223
Aspergillus_fumigatus_DMC2_AF100-12_9	36	36	0	0	scaffold_2	2229123	2329123
Aspergillus_fumigatus_DMC2_AF100-12_9	39	36	3	0	scaffold_2	825900	925900
Aspergillus_fumigatus_DMC2_AF100-12_9	44	42	2	0	scaffold_5	2259535	2359535
Aspergillus_fumigatus_DMC2_AF100-12_9	44	39	5	0	scaffold_1	149395	249395
Aspergillus_fumigatus_DMC2_AF100-12_9	48	43	5	0	scaffold_8	1553405	1653405
Aspergillus_fumigatus_DMC2_AF100-12_9	27	22	5	0	scaffold_7	528752	628752
Aspergillus_fumigatus_DMC2_AF100-12_9	24	23	1	0	scaffold_7	712206	812206
Aspergillus_fumigatus_DMC2_AF100-12_9	33	29	4	0	scaffold_1	739245	839245
Aspergillus_fumigatus_DMC2_AF100-12_9	42	40	2	0	scaffold_1	2137331	2237331
Aspergillus_fumigatus_DMC2_AF100-12_9	41	39	2	0	scaffold_5	1626283	1726283
Aspergillus_fumigatus_DMC2_AF100-12_9	40	39	1	0	scaffold_2	305512	405512
Aspergillus_fumigatus_DMC2_AF100-12_9	32	28	4	0	scaffold_8	1019873	1119873
Aspergillus_fumigatus_DMC2_AF100-12_9	24	20	4	0	scaffold_5	384868	484868
Aspergillus_fumigatus_DMC2_AF100-12_9	47	38	9	0	scaffold_4	20684	120684
Aspergillus_fumigatus_DMC2_AF100-12_9	41	18	23	0	scaffold_4	3461144	3561144
Aspergillus_fumigatus_DMC2_AF100-12_9	43	39	3	1	scaffold_3	2219088	2319088
Aspergillus_fumigatus_DMC2_AF100-12_9	37	36	1	0	scaffold_1	278801	378801
Aspergillus_fumigatus_DMC2_AF100-12_9	37	33	4	0	scaffold_7	313298	413298
Aspergillus_fumigatus_DMC2_AF100-12_9	32	28	4	0	scaffold_1	3407616	3507616
Aspergillus_fumigatus_DMC2_AF100-12_9	31	30	1	0	scaffold_1	3836215	3936215
Aspergillus_fumigatus_DMC2_AF100-12_9	37	32	5	0	scaffold_4	925937	1025937
Aspergillus_fumigatus_DMC2_AF100-12_9	37	34	3	0	scaffold_6	1260717	1360717
Aspergillus_fumigatus_DMC2_AF100-12_9	38	36	2	0	scaffold_7	1102892	1202892
Aspergillus_fumigatus_DMC2_AF100-12_9	34	31	3	0	scaffold_2	3835973	3935973
Aspergillus_fumigatus_DMC2_AF100-12_9	39	38	1	0	scaffold_4	1863369	1963369
Aspergillus_fumigatus_DMC2_AF100-12_9	31	28	3	0	scaffold_3	2067795	2167795
Aspergillus_fumigatus_DMC2_AF100-12_9	36	32	4	0	scaffold_1	746926	846926
Aspergillus_fumigatus_DMC2_AF100-12_9	11	2	9	0	scaffold_6	5558	105558
Aspergillus_fumigatus_DMC2_AF100-12_9	34	29	5	0	scaffold_2	2868324	2968324
Aspergillus_fumigatus_DMC2_AF100-12_9	39	39	0	0	scaffold_4	655460	755460
Aspergillus_fumigatus_DMC2_AF100-12_9	40	37	3	0	scaffold_3	353270	453270
Aspergillus_fumigatus_DMC2_AF100-12_9	31	25	6	0	scaffold_4	2703972	2803972
Aspergillus_fumigatus_DMC2_AF100-12_9	40	36	4	0	scaffold_1	3329878	3429878
Aspergillus_fumigatus_DMC2_AF100-12_9	33	29	4	0	scaffold_4	2651743	2751743
Aspergillus_fumigatus_DMC2_AF100-12_9	37	36	1	0	scaffold_4	512255	612255
Aspergillus_fumigatus_DMC2_AF100-12_9	31	24	7	0	scaffold_5	2352442	2452442
Aspergillus_fumigatus_DMC2_AF100-12_9	36	30	6	0	scaffold_8	31104	131104
Aspergillus_fumigatus_DMC2_AF100-12_9	36	34	2	0	scaffold_8	477177	577177
Aspergillus_fumigatus_DMC2_AF100-12_9	37	35	2	0	scaffold_4	2068368	2168368
Aspergillus_fumigatus_DMC2_AF100-12_9	31	27	4	0	scaffold_3	400212	500212
Aspergillus_fumigatus_DMC2_AF100-12_9	37	33	4	0	scaffold_3	3376643	3476643
Aspergillus_fumigatus_DMC2_AF100-12_9	44	41	3	0	scaffold_8	862304	962304
Aspergillus_fumigatus_DMC2_AF100-12_9	38	37	1	0	scaffold_4	1732052	1832052
Aspergillus_fumigatus_DMC2_AF100-12_9	40	38	2	0	scaffold_1	2975638	3075638
Aspergillus_fumigatus_DMC2_AF100-12_9	35	33	2	0	scaffold_6	3197006	3297006
Aspergillus_fumigatus_DMC2_AF100-12_9	41	32	9	0	scaffold_3	3734463	3834463
Aspergillus_fumigatus_DMC2_AF100-12_9	31	28	3	0	scaffold_5	3231811	3331811
Aspergillus_fumigatus_DMC2_AF100-12_9	36	35	1	0	scaffold_2	2224948	2324948
Aspergillus_fumigatus_DMC2_AF100-12_9	39	36	3	0	scaffold_1	3293819	3393819
Aspergillus_fumigatus_DMC2_AF100-12_9	32	30	2	0	scaffold_2	1300899	1400899
Aspergillus_fumigatus_DMC2_AF100-12_9	34	11	23	0	scaffold_3	714115	814115
Aspergillus_fumigatus_DMC2_AF100-12_9	38	35	3	0	scaffold_1	1856955	1956955
Aspergillus_fumigatus_DMC2_AF100-12_9	36	36	0	0	scaffold_4	599933	699933
Aspergillus_fumigatus_DMC2_AF100-12_9	20	20	0	0	scaffold_8	635495	735495
Aspergillus_fumigatus_DMC2_AF100-12_9	41	40	1	0	scaffold_2	950248	1050248
Aspergillus_fumigatus_DMC2_AF100-12_9	38	36	2	0	scaffold_7	1035860	1135860
Aspergillus_fumigatus_DMC2_AF100-12_9	37	7	30	0	scaffold_3	746175	846175
Aspergillus_fumigatus_DMC2_AF100-12_9	35	33	2	0	scaffold_1	3227973	3327973
Aspergillus_fumigatus_DMC2_AF100-12_9	36	34	2	0	scaffold_6	3154168	3254168
Aspergillus_fumigatus_DMC2_AF100-12_9	38	38	0	0	scaffold_2	2040564	2140564
Aspergillus_fumigatus_DMC2_AF100-12_9	34	26	8	0	scaffold_3	3757873	3857873
Aspergillus_fumigatus_DMC2_AF100-12_9	40	35	5	0	scaffold_2	2418244	2518244
Aspergillus_fumigatus_DMC2_AF100-12_9	37	36	1	0	scaffold_3	1850513	1950513
Aspergillus_fumigatus_DMC2_AF100-12_9	30	29	1	0	scaffold_4	1447869	1547869
Aspergillus_fumigatus_DMC2_AF100-12_9	40	37	3	0	scaffold_6	1019330	1119330
Aspergillus_fumigatus_DMC2_AF100-12_9	31	0	31	0	scaffold_4	3577763	3677763
Aspergillus_fumigatus_DMC2_AF100-12_9	33	30	3	0	scaffold_1	3103729	3203729
Aspergillus_fumigatus_DMC2_AF100-12_9	41	36	5	0	scaffold_2	41575	141575
Aspergillus_fumigatus_DMC2_AF100-12_9	26	24	2	0	scaffold_6	1060261	1160261
Aspergillus_fumigatus_DMC2_AF100-12_9	38	35	3	0	scaffold_2	2337786	2437786
Aspergillus_fumigatus_DMC2_AF100-12_9	32	29	3	0	scaffold_6	1494023	1594023
Aspergillus_fumigatus_DMC2_AF100-12_9	38	37	1	0	scaffold_1	1735947	1835947
